159 000 000 078 255 255 154 000 000 051 255 255 214 000 000 000 182 255 255 255 080 000 000 102 255 255 255 255 253 018 000 000 129 255 255 255 255 255 255 255 255 255 255 255 255 255 255 255 255 255 255 255 255 255 255 255 255 255 255 255 255 255 255 255 255 255 255 255 255 255 255 255 
201 000 000 044 255 255 154 000 000 051 255 255 133 000 000 034 254 255 255 253 021 000 000 179 255 255 255 255 255 083 000 000 069 255 255 255 255 255 255 255 255 255 255 255 255 255 255 255 255 255 255 255 255 255 255 255 255 255 255 255 255 255 255 255 255 255 255 255 255 255 255 255 
243 000 000 006 251 255 154 000 000 051 255 255 051 000 000 138 255 255 255 197 000 000 009 246 255 255 255 255 255 151 000 000 010 240 255 255 255 255 255 255 255 255 255 255 255 255 255 255 255 255 255 255 255 255 255 255 255 255 255 255 255 255 255 255 255 255 255 255 255 255 255 255 
255 029 000 000 213 255 154 000 000 051 255 220 000 000 003 234 255 255 255 112 000 000 081 255 255 255 255 255 255 220 000 000 000 140 255 255 255 255 255 255 255 255 255 255 255 255 255 255 255 255 255 255 255 255 255 255 255 255 255 255 255 255 255 255 255 255 255 255 255 255 255 255 
255 062 000 000 168 255 154 000 000 051 255 111 000 000 061 255 255 255 253 025 000 000 177 255 255 255 255 255 255 255 061 000 000 026 241 255 255 255 255 255 255 255 255 255 255 255 255 255 255 255 255 255 255 255 255 255 255 255 255 255 255 255 255 255 255 255 255 255 255 255 255 255 
255 084 045 095 198 255 154 000 000 051 255 193 162 102 154 255 255 255 189 000 000 023 251 255 255 255 255 255 255 255 176 000 000 000 087 255 255 255 255 255 255 255 255 255 255 255 255 255 255 255 255 255 255 255 255 255 255 255 255 255 255 255 255 255 255 255 255 255 255 255 255 255 
255 254 255 255 255 255 154 000 000 051 255 255 255 255 255 255 255 255 084 000 000 115 255 255 255 255 255 255 255 255 253 045 000 000 000 131 255 255 255 255 255 255 255 255 255 255 255 255 255 255 255 255 255 255 255 255 255 255 255 255 255 255 255 255 255 255 255 255 255 255 255 255 
255 255 255 255 255 255 154 000 000 051 255 255 255 255 255 255 255 198 000 000 000 212 255 255 255 255 255 255 255 255 255 203 005 000 000 000 097 248 255 255 255 255 255 255 255 255 255 255 255 255 255 255 255 255 255 255 255 255 255 255 255 255 255 255 255 255 255 255 255 255 255 255 
053 054 075 083 086 089 055 000 000 018 089 085 078 051 168 255 255 057 000 000 064 255 255 255 255 255 255 255 255 255 255 255 138 000 000 000 000 054 227 255 255 255 255 255 255 255 255 255 255 255 255 255 255 255 255 255 255 255 255 255 255 255 255 255 255 255 255 255 255 255 255 255 
021 000 000 000 000 000 000 000 000 000 000 000 000 000 155 255 170 000 000 000 188 255 255 255 255 255 255 255 255 255 255 255 254 085 000 000 000 000 009 137 255 255 255 255 255 255 255 255 255 255 255 255 255 255 255 255 255 255 255 255 255 255 255 255 255 255 255 255 255 255 255 255 
021 000 000 000 000 000 000 000 000 000 000 000 000 000 155 221 018 000 000 019 076 099 118 120 122 124 126 129 128 127 125 124 111 084 000 000 000 000 027 228 255 255 255 255 255 255 255 255 255 255 255 255 255 255 255 255 255 255 255 255 255 255 255 255 255 255 255 255 255 255 255 255 
144 155 175 183 186 180 005 000 000 036 178 176 171 148 193 043 000 000 000 139 000 000 000 000 000 000 000 000 000 000 000 000 000 000 059 056 000 007 200 255 255 255 255 255 255 255 255 255 255 255 255 255 255 255 255 255 255 255 255 255 255 255 255 255 255 255 255 255 255 255 255 255 
255 255 255 255 255 166 000 000 000 051 255 255 255 246 057 000 000 000 081 197 000 000 000 000 000 000 000 000 000 000 000 000 000 000 077 239 059 136 255 255 255 255 255 255 255 255 255 255 255 255 255 255 255 255 255 255 255 255 255 255 255 255 255 255 255 255 255 255 255 255 255 255 
255 255 255 255 255 069 000 000 000 051 255 255 255 255 185 016 000 015 222 216 106 131 031 000 000 051 153 153 153 153 153 047 000 000 083 255 246 250 255 255 255 255 255 255 255 255 255 255 255 255 255 255 255 255 255 255 255 255 255 255 255 255 255 255 255 255 255 255 255 255 255 255 
255 255 255 255 226 002 000 000 000 051 255 255 255 255 255 212 021 173 255 255 255 255 057 000 000 096 255 255 255 255 255 071 000 000 089 255 255 255 255 255 255 255 255 255 255 255 255 255 255 255 255 255 255 255 255 255 255 255 255 255 255 255 255 255 255 255 255 255 255 255 255 255 
255 255 255 255 131 000 000 000 000 051 255 255 255 255 255 255 229 255 255 255 255 255 058 000 000 109 255 255 255 255 255 061 000 000 096 255 255 255 255 255 255 255 255 255 255 255 255 255 255 255 255 255 255 255 255 255 255 255 255 255 255 255 255 255 255 255 255 255 255 255 255 255 
255 255 255 252 034 000 001 000 000 051 255 241 144 251 255 255 255 255 255 255 255 255 059 000 000 122 255 255 255 255 255 052 000 000 102 255 255 255 255 255 255 255 255 255 255 255 255 255 255 255 255 255 255 255 255 255 255 255 255 255 255 255 255 255 255 255 255 255 255 255 255 255 
255 255 255 161 000 000 061 000 000 051 153 019 000 134 255 255 255 255 255 255 255 255 028 000 000 137 255 255 255 255 255 043 000 000 108 255 255 255 255 255 255 255 255 255 255 255 255 255 255 255 255 255 255 255 255 255 255 255 255 255 255 255 255 255 255 255 255 255 255 255 255 255 
255 255 251 036 000 013 144 000 000 051 149 000 000 007 213 255 255 255 255 255 255 242 000 000 000 174 255 255 255 255 255 033 000 000 114 255 255 255 255 255 255 255 255 255 255 255 255 255 255 255 255 255 255 255 255 255 255 255 255 255 255 255 255 255 255 255 255 255 255 255 255 255 
255 255 158 000 000 097 154 000 000 051 252 043 000 000 060 255 255 255 255 255 255 200 000 000 000 216 255 255 255 255 255 024 000 000 121 255 255 255 255 255 255 255 255 255 255 255 255 255 255 255 255 255 255 255 255 255 255 255 255 255 255 255 255 255 255 255 255 255 255 255 255 255 
255 251 034 000 000 200 154 000 000 051 255 183 000 000 000 188 255 255 255 255 255 159 000 000 005 251 255 255 255 255 255 015 000 000 127 255 255 255 255 255 255 255 255 255 255 255 255 255 255 255 255 255 255 255 255 255 255 255 255 255 255 255 255 255 255 255 255 255 255 255 255 255 
255 154 000 000 057 255 154 000 000 051 255 255 042 000 000 064 255 255 255 255 255 118 000 000 042 255 255 255 255 255 255 006 000 000 133 255 255 255 255 255 255 255 255 255 255 255 255 255 255 255 255 255 255 255 255 255 255 255 255 255 255 255 255 255 255 255 255 255 255 255 255 255 
228 016 000 000 171 255 154 000 000 051 255 255 145 000 069 207 255 255 255 255 255 050 000 000 084 255 255 255 255 255 253 000 000 000 139 255 255 255 255 255 255 255 255 255 255 255 244 166 143 157 233 255 255 255 255 255 255 255 255 255 255 255 255 255 255 255 255 255 255 255 255 255 
071 000 000 033 252 255 154 000 000 051 255 255 239 186 255 255 255 255 255 255 219 000 000 000 127 255 255 255 255 255 242 000 000 000 146 255 255 255 255 255 255 255 255 255 254 124 014 000 000 000 006 097 247 255 255 255 255 255 255 255 255 255 255 255 255 255 255 255 255 255 255 255 
000 000 000 143 255 255 154 000 000 051 255 255 255 255 255 255 255 255 255 255 120 000 000 000 205 255 255 255 255 255 231 000 000 000 152 255 255 255 255 255 255 255 255 255 106 000 024 122 165 136 037 000 070 248 255 255 255 255 255 255 255 255 255 255 255 255 255 255 255 255 255 255 
000 000 015 242 255 255 154 000 000 051 255 255 255 255 255 255 255 255 255 225 015 000 000 044 255 255 255 255 255 255 205 000 000 000 159 255 255 255 255 255 255 255 255 195 000 045 234 255 255 255 248 074 000 149 255 255 255 255 255 255 255 255 255 255 255 255 255 255 255 255 255 255 
009 000 128 255 255 255 153 000 000 050 255 255 255 255 255 255 255 255 253 063 000 000 000 160 255 255 255 255 255 255 160 000 000 000 168 255 255 255 255 255 255 255 255 092 000 194 255 255 255 255 255 234 007 043 255 255 255 255 255 255 255 255 255 255 255 255 255 255 255 255 255 255 
138 020 242 255 255 255 148 000 000 046 255 255 255 255 255 255 255 254 111 000 000 000 055 253 255 255 255 255 255 255 107 000 000 000 184 255 255 255 255 255 255 255 255 041 019 255 255 255 255 255 255 255 069 000 247 255 255 255 255 255 255 255 255 255 255 255 255 255 255 255 255 255 
251 177 255 255 255 255 144 000 000 042 255 255 255 255 255 255 251 094 000 000 000 005 211 255 255 255 255 255 255 179 003 000 000 001 236 255 255 255 255 255 255 255 255 042 019 255 255 255 255 255 255 255 072 000 246 255 255 255 255 255 255 255 255 255 255 255 255 255 255 255 255 255 
255 255 255 255 255 255 140 000 000 038 255 255 255 255 255 209 057 000 000 000 000 147 255 255 255 182 106 085 038 002 000 000 000 039 255 255 255 255 255 255 255 255 255 094 000 191 255 255 255 255 255 241 011 031 255 255 255 255 255 255 255 255 255 255 255 255 255 255 255 255 255 255 
255 255 255 255 255 255 135 000 000 032 255 255 255 224 111 004 000 000 000 000 119 255 255 255 255 236 014 000 000 000 000 000 000 122 255 255 255 255 255 255 255 255 255 201 000 041 232 255 255 255 253 094 000 137 255 255 255 255 255 255 255 255 255 255 255 255 255 255 255 255 255 255 
255 255 255 255 255 255 114 000 000 012 255 255 255 191 034 000 000 000 000 120 254 255 255 255 255 255 117 000 000 000 000 000 076 252 255 255 255 255 255 255 255 255 255 255 115 000 023 124 171 146 051 000 047 239 255 255 255 255 255 255 255 255 255 255 255 255 255 255 255 255 255 255 
255 255 255 255 255 255 092 000 000 000 246 255 255 255 244 074 000 007 163 255 255 255 255 255 255 255 229 002 000 000 047 139 244 255 255 255 255 255 255 255 255 255 255 255 255 131 015 000 000 000 001 078 240 255 255 255 255 255 255 255 255 255 255 255 255 255 255 255 255 255 255 255 
255 255 255 255 255 255 070 000 000 000 224 255 255 255 255 248 110 211 255 255 255 255 255 255 255 255 255 142 159 213 255 255 255 255 255 255 255 255 255 255 255 255 255 255 255 255 243 162 137 151 226 255 255 255 255 255 255 255 255 255 255 255 255 255 255 255 255 255 255 255 255 255 
255 255 255 255 255 255 193 175 175 175 241 255 255 255 255 255 255 255 255 255 255 255 255 255 255 255 255 255 255 255 255 255 255 255 255 255 255 255 255 255 255 255 255 255 255 255 255 255 255 255 255 255 255 255 255 255 255 255 255 255 255 255 255 255 255 255 255 255 255 255 255 255 
255 255 255 255 255 255 255 255 255 255 255 255 255 255 255 255 255 255 255 255 255 255 255 255 255 255 255 255 255 255 255 255 255 255 255 255 255 255 255 255 255 255 255 255 255 255 255 255 255 255 255 255 255 255 255 255 255 255 255 255 255 255 255 255 255 255 255 255 255 255 255 255 
255 255 255 255 255 255 255 255 255 255 255 255 255 255 255 255 255 255 255 255 255 255 255 255 255 255 255 255 255 255 255 255 255 255 255 255 255 255 255 255 255 255 255 255 255 255 255 255 255 255 255 255 255 255 255 255 255 255 255 255 255 255 255 255 255 255 255 255 255 255 255 255 
255 255 255 255 255 255 255 255 255 255 255 255 255 255 255 255 255 255 255 255 255 255 255 255 255 255 255 255 255 255 255 255 255 255 255 255 255 255 255 255 255 255 255 255 255 255 255 255 255 255 255 255 255 255 255 255 255 255 255 255 255 255 255 255 255 255 255 255 255 255 255 255 
255 255 255 255 255 255 255 255 255 255 255 255 255 255 255 255 255 255 255 255 255 255 255 255 255 255 255 255 255 255 255 255 255 255 255 255 255 255 255 255 255 255 255 255 255 255 255 255 255 255 255 255 255 255 255 255 255 255 255 255 255 255 255 255 255 255 255 255 255 255 255 255 
255 255 255 255 255 255 255 255 255 255 255 255 255 255 255 255 255 255 255 255 255 255 255 255 255 255 255 255 255 255 255 255 255 255 255 255 255 255 255 255 255 255 255 255 255 255 255 255 255 255 255 255 255 255 255 255 255 255 255 255 255 255 255 255 255 255 255 255 255 255 255 255 
255 255 255 255 255 255 255 255 255 255 255 255 255 255 255 255 255 255 255 255 255 255 255 255 255 255 255 255 255 255 255 255 255 255 255 255 255 255 255 255 255 255 255 255 255 255 255 255 255 255 255 255 255 255 255 255 255 255 255 255 255 255 255 255 255 255 255 255 255 255 255 255 
255 255 255 255 255 255 255 255 255 255 255 255 255 255 255 255 255 255 255 255 255 255 255 255 255 255 255 255 255 255 255 255 255 255 255 255 255 255 255 255 255 255 255 255 255 255 255 255 255 255 255 255 255 255 255 255 255 255 255 255 255 255 255 255 255 255 255 255 255 255 255 255 
255 255 255 255 255 255 255 255 255 255 255 255 255 255 255 255 255 255 255 255 255 255 255 255 255 255 255 255 255 255 255 255 255 255 255 255 255 255 255 255 255 255 255 255 255 255 255 255 255 255 255 255 255 255 255 255 255 255 255 255 255 255 255 255 255 255 255 255 255 255 255 255 
255 255 255 255 255 255 255 255 255 255 255 255 255 255 255 255 255 255 255 255 255 255 255 255 255 255 255 255 255 255 255 255 255 255 255 255 255 255 255 255 255 255 255 255 255 255 255 255 255 255 255 255 255 255 255 255 255 255 255 255 255 255 255 255 255 255 255 255 255 255 255 255 
255 255 255 255 255 255 255 255 255 255 255 255 255 255 255 255 255 255 255 255 255 255 255 255 255 255 255 255 255 255 255 255 255 255 255 255 255 255 255 255 255 255 255 255 255 255 255 255 255 255 255 255 255 255 255 255 255 255 255 255 255 255 255 255 255 255 255 255 255 255 255 255 
255 255 255 255 255 255 255 255 255 255 255 255 255 255 255 255 255 255 255 255 255 255 255 255 255 255 255 255 255 255 255 255 255 255 255 255 255 255 255 255 255 255 255 255 255 255 255 255 255 255 255 255 255 255 255 255 255 255 255 255 255 255 255 255 255 255 255 255 255 255 255 255 
255 255 255 255 255 255 255 255 255 255 255 255 255 255 255 255 255 255 255 255 255 255 255 255 255 255 255 255 255 255 255 255 255 255 255 255 255 255 255 255 255 255 255 255 255 255 255 255 255 255 255 255 255 255 255 255 255 255 255 255 255 255 255 255 255 255 255 255 255 255 255 255 
255 255 255 255 255 255 255 255 255 255 255 255 255 255 255 255 255 255 255 255 255 255 255 255 255 255 255 255 255 255 255 255 255 255 255 255 255 255 255 255 255 255 255 255 255 255 255 255 255 255 255 255 255 255 255 255 255 255 255 255 255 255 255 255 255 255 255 255 255 255 255 255 
255 255 255 255 255 255 255 255 255 255 255 255 255 255 255 255 255 255 255 255 255 255 255 255 255 255 255 255 255 255 255 255 255 255 255 255 255 255 255 255 255 255 255 255 255 255 255 255 255 255 255 255 255 255 255 255 255 255 255 255 255 255 255 255 255 255 255 255 255 255 255 255 
255 255 255 255 255 255 255 255 255 255 255 255 255 255 255 255 255 255 255 255 255 255 255 255 255 255 255 255 255 255 255 255 255 255 255 255 255 255 255 255 255 255 255 255 255 255 255 255 255 255 255 255 255 255 255 255 255 255 255 255 255 255 255 255 255 255 255 255 255 255 255 255 
255 255 255 255 255 255 255 255 255 255 255 255 255 255 255 255 255 255 255 255 255 255 255 255 255 255 255 255 255 255 255 255 255 255 255 255 255 255 255 255 255 255 255 255 255 255 255 255 255 255 255 255 255 255 255 255 255 255 255 255 255 255 255 255 255 255 255 255 255 255 255 255 
255 255 255 255 255 255 255 255 255 255 255 255 255 255 255 255 255 255 255 255 255 255 255 255 255 255 255 255 255 255 255 255 255 255 255 255 255 255 255 255 255 255 255 255 255 255 255 255 255 255 255 255 255 255 255 255 255 255 255 255 255 255 255 255 255 255 255 255 255 255 255 255 
255 255 255 255 255 255 255 255 255 255 255 255 255 255 255 255 255 255 255 255 255 255 255 255 255 255 255 255 255 255 255 255 255 255 255 255 255 255 255 255 255 255 255 255 255 255 255 255 255 255 255 255 255 255 255 255 255 255 255 255 255 255 255 255 255 255 255 255 255 255 255 255 
255 255 255 255 255 255 255 255 255 255 255 255 255 255 255 255 255 255 255 255 255 255 255 255 255 255 255 255 255 255 255 255 255 255 255 255 255 255 255 255 255 255 255 255 255 255 255 255 255 255 255 255 255 255 255 255 255 255 255 255 255 255 255 255 255 255 255 255 255 255 255 255 
255 255 255 255 255 255 255 255 255 255 255 255 255 255 255 255 255 255 255 255 255 255 255 255 255 255 255 255 255 255 255 255 255 255 255 255 255 255 255 255 255 255 255 255 255 255 255 255 255 255 255 255 255 255 255 255 255 255 255 255 255 255 255 255 255 255 255 255 255 255 255 255 
255 255 255 255 255 255 255 255 255 255 255 255 255 255 255 255 255 255 255 255 255 255 255 255 255 255 255 255 255 255 255 255 255 255 255 255 255 255 255 255 255 255 255 255 255 255 255 255 255 255 255 255 255 255 255 255 255 255 255 255 255 255 255 255 255 255 255 255 255 255 255 255 
255 255 255 255 255 255 255 255 255 255 255 255 255 255 255 255 255 255 255 255 255 255 255 255 255 255 255 255 255 255 255 255 255 255 255 255 255 255 255 255 255 255 255 255 255 255 255 255 255 255 255 255 255 255 255 255 255 255 255 255 255 255 255 255 255 255 255 255 255 255 255 255 
255 255 255 255 255 255 255 255 255 255 255 255 255 255 255 255 255 255 255 255 255 255 255 255 255 255 255 255 255 255 255 255 255 255 255 255 255 255 255 255 255 255 255 255 255 255 255 255 255 255 255 255 255 255 255 255 255 255 255 255 255 255 255 255 255 255 255 255 255 255 255 255 
255 255 255 255 255 255 255 255 255 255 255 255 255 255 255 255 255 255 255 255 255 255 255 255 255 255 255 255 255 255 255 255 255 255 255 255 255 255 255 255 255 255 255 255 255 255 255 255 255 255 255 255 255 255 255 255 255 255 255 255 255 255 255 255 255 255 255 255 255 255 255 255 
255 255 255 255 255 255 255 255 255 255 255 255 255 255 255 255 255 255 255 255 255 255 255 255 255 255 255 255 255 255 255 255 255 255 255 255 255 255 255 255 255 255 255 255 255 255 255 255 255 255 255 255 255 255 255 255 255 255 255 255 255 255 255 255 255 255 255 255 255 255 255 255 
255 255 255 255 255 255 255 255 255 255 255 255 255 255 255 255 255 255 255 255 255 255 255 255 255 255 255 255 255 255 255 255 255 255 255 255 255 255 255 255 255 255 255 255 255 255 255 255 255 255 255 255 255 255 255 255 255 255 255 255 255 255 255 255 255 255 255 255 255 255 255 255 
255 255 255 255 255 255 255 255 255 255 255 255 255 255 255 255 255 255 255 255 255 255 255 255 255 255 255 255 255 255 255 255 255 255 255 255 255 255 255 255 255 255 255 255 255 255 255 255 255 255 255 255 255 255 255 255 255 255 255 255 255 255 255 255 255 255 255 255 255 255 255 255 
255 255 255 255 234 255 255 255 255 255 255 255 255 255 255 255 255 255 255 255 218 240 255 255 255 255 255 255 255 255 255 255 255 255 255 255 255 255 255 255 255 255 255 255 255 255 255 255 255 255 255 255 255 255 255 255 255 255 255 255 255 255 255 255 255 255 255 255 255 255 255 255 
255 255 255 255 088 041 141 225 255 255 255 255 255 255 255 255 255 255 255 255 085 000 020 030 062 249 255 255 255 255 255 255 255 255 255 255 255 255 255 255 255 255 255 255 255 255 255 255 206 114 255 255 255 255 255 255 255 255 255 255 255 255 255 255 255 255 255 255 255 255 255 255 
255 255 255 255 050 000 000 000 060 255 255 255 255 255 255 255 255 255 255 255 126 000 000 000 201 255 255 255 255 255 255 255 255 255 255 255 255 255 255 255 255 255 255 255 255 255 236 103 002 000 171 255 255 255 255 254 232 254 255 255 255 255 255 255 255 255 255 255 255 255 255 255 
255 255 255 250 010 000 000 001 201 255 255 255 255 255 255 255 255 255 255 255 141 000 000 000 229 255 255 255 255 255 255 255 255 255 255 255 255 255 255 255 255 255 255 255 255 255 210 015 000 000 018 226 255 255 255 242 000 006 032 059 068 071 073 076 078 080 083 081 076 071 067 062 
255 255 255 194 000 000 000 086 255 255 255 255 255 255 255 255 255 255 255 255 146 000 000 000 229 255 255 255 255 255 255 255 255 255 255 255 255 255 255 255 255 255 255 255 255 255 255 181 000 000 000 058 251 255 255 242 000 000 000 000 000 000 000 000 000 000 000 000 000 000 000 000 
255 255 255 129 000 000 000 191 255 255 255 255 255 255 255 255 255 255 255 255 151 000 000 000 229 255 255 255 255 255 255 255 255 255 255 255 255 255 255 255 255 255 255 255 255 255 255 255 102 000 000 000 107 255 255 242 000 000 000 000 000 000 000 000 000 000 000 000 000 000 000 000 
255 255 255 063 000 000 015 251 255 255 255 255 255 255 255 255 255 255 255 255 154 000 000 000 229 255 255 255 255 255 255 255 255 255 255 255 255 255 255 255 255 255 255 255 255 255 255 255 243 034 000 000 000 188 255 249 144 166 189 210 218 220 222 225 227 229 232 232 232 232 232 232 
255 255 246 007 000 000 087 255 255 255 255 255 255 255 255 255 255 255 255 255 154 000 000 000 229 255 255 255 255 255 255 255 255 255 255 255 255 255 255 255 255 255 255 255 255 255 255 255 255 180 000 022 179 255 255 255 255 255 255 255 255 255 255 255 255 255 255 255 255 255 255 255 
255 255 188 000 000 000 108 171 171 171 171 171 171 168 167 165 158 185 255 255 154 000 000 000 229 255 255 255 255 255 255 255 255 255 255 255 255 255 255 255 255 255 255 255 255 255 255 255 255 255 121 234 255 255 255 255 255 255 255 255 255 255 255 255 255 255 255 255 255 255 255 255 
255 255 104 000 000 000 000 000 000 000 000 000 000 000 000 000 000 111 255 255 154 000 000 000 229 255 255 255 255 255 255 255 255 255 255 255 255 255 255 255 255 255 255 083 095 127 137 205 255 255 255 255 255 255 255 255 255 255 255 255 255 255 255 255 255 255 255 255 255 255 255 255 
255 247 016 000 000 000 000 000 000 000 000 000 000 000 000 000 000 153 255 255 154 000 000 000 229 255 255 227 255 255 255 255 255 255 255 255 255 255 255 255 255 255 255 073 000 000 000 184 255 062 040 062 077 092 107 122 133 134 136 138 140 138 137 136 131 118 105 092 080 062 065 255 
255 166 000 000 000 050 056 056 056 056 056 056 056 041 000 000 000 194 255 255 154 000 000 000 229 254 119 007 177 255 255 255 255 255 255 255 255 255 255 255 255 255 255 081 000 000 031 255 255 054 000 000 000 000 000 000 000 000 000 000 000 000 000 000 000 000 000 000 000 000 044 255 
255 069 000 000 032 254 255 255 255 255 255 255 255 168 000 000 001 239 255 255 154 000 000 000 222 083 000 000 005 170 255 255 255 255 255 255 255 255 255 255 255 255 255 085 000 000 063 255 255 054 000 000 000 000 000 000 000 000 000 000 000 000 000 000 000 000 000 000 000 000 044 255 
226 002 000 000 128 255 255 255 255 255 255 255 255 141 000 000 044 255 255 255 154 000 000 000 228 104 000 000 000 003 162 255 255 255 255 255 255 255 255 255 255 255 255 089 000 000 079 255 255 177 184 203 093 000 000 098 221 221 221 221 221 221 221 221 106 000 000 058 195 172 164 255 
129 000 000 002 225 255 255 255 255 255 255 255 255 092 000 000 105 255 255 255 154 000 000 000 229 255 110 000 000 000 001 155 255 255 255 255 255 255 255 255 255 255 255 089 000 000 082 255 255 255 255 255 114 000 000 113 255 255 255 255 255 255 255 255 122 000 000 071 255 255 255 255 
017 000 000 081 255 255 255 255 255 255 255 255 255 034 000 000 166 255 255 255 154 000 000 000 229 255 255 103 000 000 000 002 163 255 255 255 255 255 255 255 255 255 255 089 000 000 082 255 255 255 255 255 114 000 000 113 255 255 255 255 255 255 255 255 122 000 000 071 255 255 255 255 
000 000 000 200 255 255 255 255 255 255 255 255 232 000 000 000 227 255 255 255 154 000 000 000 229 255 255 253 083 000 000 000 003 172 255 255 255 255 255 255 255 255 255 089 000 000 082 255 255 255 255 255 114 000 000 072 162 162 162 162 162 162 162 162 078 000 000 071 255 255 255 255 
000 000 029 160 144 127 242 255 255 255 255 255 175 000 000 031 255 255 255 255 154 000 000 000 229 255 255 255 248 066 000 000 000 005 181 255 255 255 255 255 255 255 255 089 000 000 082 255 255 255 255 255 114 000 000 000 000 000 000 000 000 000 000 000 000 000 000 071 255 255 255 255 
000 000 032 000 000 000 217 255 255 255 255 255 101 000 000 093 255 255 255 255 154 000 000 000 229 255 255 255 255 242 050 000 000 000 008 189 255 255 255 255 255 255 255 089 000 000 082 255 255 255 255 255 114 000 000 000 000 000 000 000 000 000 000 000 000 000 000 071 255 255 255 255 
000 056 156 000 000 000 199 255 255 255 255 250 018 000 000 174 255 255 255 255 154 000 000 000 229 255 255 255 255 255 232 029 000 000 006 151 255 255 255 255 255 255 255 089 000 000 082 255 255 255 255 255 114 000 000 099 222 222 222 222 222 222 222 222 107 000 000 071 255 255 255 255 
000 183 228 000 000 000 162 255 255 255 255 180 000 000 015 248 255 255 255 255 154 000 000 000 229 255 255 255 255 255 255 207 011 039 206 255 255 255 255 255 255 255 255 089 000 000 082 255 255 255 255 255 114 000 000 113 255 255 255 255 255 255 255 255 122 000 000 071 255 255 255 255 
060 255 255 043 000 000 097 255 255 255 255 092 000 000 096 255 255 255 255 255 154 000 000 000 229 255 255 255 255 255 255 255 199 244 255 255 255 255 255 255 255 255 255 089 000 000 082 255 255 255 255 255 114 000 000 113 255 255 255 255 255 255 255 255 122 000 000 071 255 255 255 255 
210 255 255 124 000 000 032 255 255 255 236 011 000 000 186 255 255 255 255 255 154 000 000 000 229 255 255 255 255 255 255 255 255 255 255 255 255 255 255 255 255 255 255 089 000 000 082 255 255 255 255 255 114 000 000 066 149 149 149 149 149 149 149 149 072 000 000 071 255 255 255 255 
255 255 255 217 000 000 000 223 255 255 127 000 000 023 252 255 255 255 255 255 154 000 000 000 229 255 255 255 255 255 255 255 255 255 255 255 255 255 255 255 255 255 255 089 000 000 082 255 255 255 255 255 114 000 000 000 000 000 000 000 000 000 000 000 000 000 000 071 255 255 255 255 
255 255 255 255 054 000 000 157 255 244 019 000 000 125 255 255 255 255 255 255 154 000 000 000 229 255 255 255 255 255 255 255 255 255 255 255 255 255 255 255 255 255 255 089 000 000 082 255 255 255 255 255 114 000 000 000 000 000 000 000 000 000 000 000 000 000 000 071 255 255 255 255 
255 255 255 255 147 000 000 074 255 143 000 000 015 239 255 255 255 255 255 255 154 000 000 000 229 255 255 255 255 255 255 255 255 255 255 255 255 255 255 255 255 255 255 089 000 000 082 255 255 255 255 255 114 000 000 099 223 223 223 223 223 223 223 223 107 000 000 071 255 255 255 255 
255 255 255 255 235 005 000 001 191 018 000 000 128 255 255 255 255 255 255 255 154 000 000 000 229 255 255 255 255 255 255 255 255 255 255 255 255 255 255 255 255 255 255 089 000 000 082 255 255 255 255 255 114 000 000 113 255 255 255 255 255 255 255 255 122 000 000 071 255 255 255 255 
255 255 255 255 255 080 000 000 009 000 000 016 240 255 255 255 255 255 255 255 152 000 000 000 227 255 255 255 255 255 255 255 255 255 255 255 255 255 255 255 255 255 255 089 000 000 082 255 255 255 255 255 114 000 000 113 255 255 255 255 255 255 255 255 122 000 000 071 255 255 255 251 
255 255 255 255 255 208 002 000 000 000 000 142 255 255 255 255 255 255 255 255 149 000 000 000 222 255 255 255 255 255 255 255 255 255 255 255 255 255 255 255 255 255 255 089 000 000 082 255 255 255 255 255 114 000 000 113 249 238 227 215 204 193 181 170 078 000 000 031 093 066 034 044 
255 255 255 255 255 255 084 000 000 000 063 254 255 255 255 255 255 255 255 255 146 000 000 000 218 255 255 255 255 255 255 255 255 255 255 255 255 255 255 255 255 255 255 089 000 000 082 255 139 043 048 042 017 000 000 001 000 000 000 000 000 000 000 000 000 000 000 000 000 000 000 037 
255 255 255 255 255 179 008 000 000 000 030 221 255 255 255 255 255 255 255 255 142 000 000 000 212 255 255 255 255 255 255 255 255 255 255 255 255 255 255 255 255 255 255 089 000 000 082 255 114 000 000 000 000 000 000 000 000 000 000 000 000 000 000 000 000 000 000 001 012 023 033 060 
255 255 255 255 154 004 000 000 000 000 000 017 177 255 255 255 255 255 255 255 124 000 000 000 189 255 255 255 255 255 255 255 255 255 255 255 255 255 255 255 255 255 255 089 000 000 082 255 111 000 000 006 029 049 065 080 095 110 125 140 154 169 184 199 101 000 000 070 255 255 255 255 
255 255 250 104 000 000 000 011 108 000 000 000 000 087 215 255 255 255 255 255 101 000 000 000 161 255 255 255 255 255 255 255 255 255 255 255 255 255 255 255 255 255 255 089 000 000 082 255 193 180 222 254 255 255 255 255 255 255 255 255 255 255 255 255 122 000 000 067 255 255 255 255 
255 220 060 000 000 000 011 193 255 143 002 000 000 000 003 078 160 238 255 255 149 098 098 098 183 255 255 255 255 255 255 255 255 255 255 255 255 255 255 255 255 255 255 089 000 000 082 255 255 255 255 255 255 255 255 255 255 255 255 255 255 255 255 255 122 000 000 064 255 255 255 255 
130 008 000 000 000 015 193 255 255 255 177 011 000 000 000 000 000 003 039 082 125 168 204 212 218 224 230 236 241 247 253 246 234 222 210 199 252 255 255 255 255 255 255 089 000 000 082 255 255 255 255 255 255 255 255 255 255 255 255 255 255 255 255 255 122 000 000 059 255 255 255 255 
000 000 000 000 028 211 255 255 255 255 255 224 079 000 000 000 000 000 000 000 000 000 000 000 000 000 000 000 000 000 000 000 000 000 000 088 255 255 255 255 255 255 255 083 000 000 081 255 255 255 255 255 255 255 255 255 255 255 255 255 255 255 255 255 115 000 000 044 255 255 255 255 
000 000 000 044 227 255 255 255 255 255 255 255 255 187 075 002 000 000 000 000 000 000 000 000 000 000 000 000 000 000 000 000 000 000 000 193 255 255 255 255 255 255 255 077 000 000 078 255 255 255 255 255 255 255 255 255 255 255 255 255 255 255 255 255 106 000 000 028 255 161 055 045 
000 000 064 240 255 255 255 255 255 255 255 255 255 255 255 222 135 071 011 000 000 000 000 000 000 000 000 000 000 000 000 000 000 000 024 253 255 255 255 255 255 255 255 064 000 000 073 255 255 255 255 255 255 255 255 255 255 255 255 255 255 255 255 255 211 181 181 187 255 247 020 000 
000 101 249 255 255 255 255 255 255 255 255 255 255 255 255 255 255 255 250 197 133 097 075 053 031 008 000 000 000 000 000 000 000 000 084 255 255 255 255 255 255 255 255 024 000 000 052 255 255 255 255 255 255 255 255 255 255 255 255 255 255 255 255 255 255 255 255 255 255 255 112 000 
158 255 255 255 255 255 255 255 255 255 255 255 255 255 255 255 255 255 255 255 255 255 255 255 255 255 242 220 198 183 182 181 180 180 214 255 255 255 255 255 255 255 250 100 099 099 120 255 255 255 255 255 255 255 255 255 255 255 255 255 255 255 255 255 255 255 255 255 255 255 197 000 
255 255 255 255 255 255 255 255 255 255 255 255 255 255 255 255 255 255 255 255 255 255 255 255 255 255 255 255 255 255 255 255 255 255 255 255 255 255 255 255 255 255 255 255 255 255 255 255 255 255 255 255 255 255 255 255 255 255 255 255 255 255 255 255 255 255 255 255 255 255 247 196 
255 255 255 255 255 255 255 255 255 255 255 255 255 255 255 255 255 255 255 255 255 255 255 255 255 255 255 255 255 255 255 255 255 255 255 255 255 255 255 255 255 255 255 255 255 255 255 255 255 255 255 255 255 255 255 255 255 255 255 255 255 255 255 255 255 255 255 255 255 255 255 255 
255 255 255 255 255 255 255 255 255 255 255 255 255 255 255 255 255 255 255 255 255 255 255 255 255 255 255 255 255 255 255 255 255 255 255 255 255 255 255 255 255 255 255 255 255 255 255 255 255 255 255 255 255 255 255 255 255 255 255 255 255 255 255 255 255 255 255 255 255 255 255 255 
255 255 255 255 255 255 255 255 255 255 255 255 255 255 255 255 255 255 255 255 255 255 255 255 255 255 255 255 255 255 255 255 255 255 255 255 255 255 255 255 255 255 255 255 255 255 255 255 255 255 255 255 255 255 255 255 255 255 255 255 255 255 255 255 255 255 255 255 255 255 255 255 
255 255 255 255 255 255 255 255 255 255 255 255 255 255 255 255 255 255 255 255 255 255 255 255 255 255 255 255 255 255 255 255 255 255 255 255 255 255 255 255 255 255 255 255 255 255 255 255 255 255 255 255 255 255 255 255 255 255 255 255 255 255 255 255 255 255 255 255 255 255 255 255 
255 255 255 255 255 255 255 255 255 255 255 255 255 255 255 255 255 255 255 255 255 255 255 255 255 255 255 255 255 255 255 255 255 255 255 255 255 255 255 255 255 255 255 255 255 255 255 255 255 255 255 255 255 255 255 255 255 255 255 255 255 255 255 255 255 255 255 255 255 255 255 255 
255 255 255 255 255 255 255 255 255 255 255 255 255 255 255 255 255 255 255 255 255 255 255 255 255 255 255 255 255 255 255 255 255 255 255 255 255 255 255 255 255 255 255 255 255 255 255 255 255 255 255 255 255 255 255 255 255 255 255 255 255 255 255 255 255 255 255 255 255 255 255 255 
255 255 255 255 255 255 255 255 255 255 255 255 255 255 255 255 255 255 255 255 255 255 255 255 255 255 255 255 255 255 255 255 255 255 255 255 255 255 255 255 255 255 255 255 255 255 255 255 255 255 255 255 255 255 255 255 255 255 255 255 255 255 255 255 255 255 255 255 255 255 255 255 
255 255 255 255 255 255 255 255 255 255 255 255 255 255 255 255 255 255 255 255 255 255 255 255 255 255 255 255 255 255 255 255 255 255 255 255 255 255 255 255 255 255 255 255 255 255 255 255 255 255 255 255 255 255 255 255 255 255 255 255 255 255 255 255 255 255 255 255 255 255 255 255 
255 255 255 255 255 255 255 255 255 255 255 255 255 255 255 255 255 255 255 255 255 255 255 255 255 255 255 255 255 255 255 255 255 255 255 255 255 255 255 255 255 255 255 255 255 255 255 255 255 255 255 255 255 255 255 255 255 255 255 255 255 255 255 255 255 255 255 255 255 255 255 255 
255 255 255 255 255 255 255 255 255 255 255 255 255 255 255 255 255 255 255 255 255 255 255 255 255 255 255 255 255 255 255 255 255 255 255 255 255 255 255 255 255 255 255 255 255 255 255 255 255 255 255 255 255 255 255 255 255 255 255 255 255 255 255 255 255 255 255 255 255 255 255 255 
255 255 255 255 255 255 255 255 255 255 255 255 255 255 255 255 255 255 255 255 255 255 255 255 255 255 255 255 255 255 255 255 255 255 255 255 255 255 255 255 255 255 255 255 255 255 255 255 255 255 255 255 255 255 255 255 255 255 255 255 255 255 255 255 255 255 255 255 255 255 255 255 
255 255 255 255 255 255 255 255 255 255 255 255 255 255 255 255 255 255 255 255 255 255 255 255 255 255 255 255 255 255 255 255 255 255 255 255 255 255 255 255 255 255 255 255 255 255 255 255 255 255 255 255 255 255 255 255 255 255 255 255 255 255 255 255 255 255 255 255 255 255 255 255 
255 255 255 255 255 255 255 255 255 255 255 255 255 255 255 255 255 255 255 255 255 255 255 255 255 255 255 255 255 255 255 255 255 255 255 255 255 255 255 255 255 255 255 255 255 255 255 255 255 255 255 255 255 255 255 255 255 255 255 255 255 255 255 255 255 255 255 255 255 255 255 255 
255 255 255 255 255 255 255 255 255 255 255 255 255 255 255 255 255 255 255 255 255 255 255 255 255 255 255 255 255 255 255 255 255 255 255 255 255 255 255 255 255 255 255 255 255 255 255 255 255 255 255 255 255 255 255 255 255 255 255 255 255 255 255 255 255 255 255 255 255 255 255 255 
255 255 255 255 255 255 255 255 255 255 255 255 255 255 255 255 255 255 255 255 255 255 255 255 255 255 255 255 255 255 255 255 255 255 255 255 255 255 255 255 255 255 255 255 255 255 255 255 255 255 255 255 255 255 255 255 255 255 255 255 255 255 255 255 255 255 255 255 255 255 255 255 
255 255 255 255 255 255 255 255 255 255 255 255 255 255 255 255 255 255 255 255 255 255 255 255 255 255 255 255 255 255 255 255 255 255 255 255 255 255 255 255 255 255 255 255 255 255 255 255 255 255 255 255 255 255 255 255 255 255 255 255 255 255 255 255 255 255 255 255 255 255 255 255 
255 255 255 255 255 255 255 255 255 255 255 255 255 255 255 255 255 255 255 255 255 255 255 255 255 255 255 255 255 255 255 255 255 255 255 255 255 255 255 255 255 255 255 255 255 255 255 255 255 255 255 255 255 255 255 255 255 255 255 255 255 255 255 255 255 255 255 255 255 255 255 255 
255 255 255 255 255 255 255 255 255 255 255 255 255 255 255 255 255 255 255 255 255 255 255 255 255 255 255 255 255 255 255 255 255 255 255 255 255 255 255 255 255 255 255 255 255 255 255 255 255 255 255 255 255 255 255 255 255 255 255 255 255 255 255 255 255 255 255 255 255 255 255 255 
255 255 255 255 255 255 255 255 255 255 255 255 255 255 255 255 255 255 255 255 255 255 255 255 255 255 255 255 255 255 255 255 255 255 255 255 255 255 255 255 255 255 255 255 255 255 255 255 255 255 255 255 255 255 255 255 255 255 255 255 255 255 255 255 255 255 255 255 255 255 255 255 
255 255 255 255 255 255 255 255 255 255 255 255 255 255 255 255 255 255 255 255 255 255 255 255 255 255 255 255 255 255 255 255 255 255 255 255 255 255 255 255 255 255 255 255 255 255 255 255 255 255 255 255 255 255 255 255 255 255 255 255 255 255 255 255 255 255 255 255 255 255 255 255 
255 255 255 255 255 255 255 255 255 255 255 255 255 255 255 255 255 255 255 255 255 255 255 255 255 255 255 255 255 255 255 255 255 255 255 255 255 255 255 255 255 255 255 255 255 255 255 255 255 255 255 255 255 255 255 255 255 255 255 255 255 255 255 255 255 255 255 255 255 255 255 255 
255 255 255 255 255 255 255 255 255 255 255 255 255 255 255 255 255 255 255 255 255 255 255 255 255 255 255 255 255 255 255 255 255 255 255 255 255 255 255 255 255 255 255 255 255 255 255 255 255 255 255 255 255 255 255 255 255 255 255 255 255 255 255 255 255 255 255 255 255 255 255 255 
255 255 255 255 255 255 255 255 255 255 255 255 255 255 255 255 255 255 255 255 255 255 255 255 255 255 255 255 255 255 255 255 255 255 255 255 255 255 255 255 255 255 255 255 255 255 255 255 255 255 255 255 255 255 255 255 255 255 255 255 255 255 255 255 255 255 255 255 255 255 255 255 
255 255 255 255 255 255 255 255 255 255 255 255 255 255 255 255 255 255 255 255 255 255 255 255 255 255 255 255 255 255 255 255 255 255 255 255 255 255 255 255 255 255 255 255 255 255 255 255 255 255 255 255 255 255 255 255 255 255 255 255 255 255 255 255 255 255 255 255 255 255 255 255 
255 255 255 255 255 255 255 255 255 255 255 255 255 255 255 255 255 255 255 255 255 255 255 255 255 255 255 255 255 255 255 255 255 255 255 255 255 255 255 255 255 255 255 255 255 255 255 255 255 255 255 255 255 255 255 255 255 255 255 255 255 255 255 255 255 255 255 255 255 255 255 255 
255 255 255 255 255 255 255 255 255 255 255 255 255 255 255 255 255 255 255 255 255 255 255 255 255 255 255 255 255 255 255 255 255 255 255 255 255 255 255 255 255 255 255 255 255 255 255 255 255 255 255 255 255 255 255 255 255 255 255 255 255 255 255 255 255 255 255 255 255 255 255 255 
255 255 255 255 255 255 255 255 255 255 255 255 255 255 255 255 255 255 255 255 255 255 255 255 255 255 255 255 255 255 255 255 255 255 255 255 255 255 255 255 255 255 255 255 255 255 255 255 255 255 255 255 255 255 255 255 255 255 255 255 255 255 255 255 255 255 255 255 255 255 255 255 
255 255 255 255 255 255 255 255 255 255 255 255 255 255 255 255 255 255 255 255 255 255 255 255 255 255 255 255 255 255 255 255 255 255 255 234 150 174 189 189 210 255 255 255 255 255 255 255 255 255 255 255 255 255 255 255 255 255 255 255 255 255 255 255 255 255 255 255 255 255 255 255 
255 255 255 255 255 255 255 255 255 255 255 255 255 255 255 255 255 255 255 255 255 255 255 255 255 255 255 255 255 255 255 255 255 255 255 238 000 000 000 000 126 255 255 255 255 255 255 255 255 255 255 255 255 255 255 255 255 255 255 255 255 255 255 255 255 255 255 255 255 255 255 255 
255 255 255 255 255 255 255 255 255 255 255 255 255 255 255 255 255 255 255 255 255 255 255 255 255 255 255 255 255 255 255 255 255 255 255 255 009 000 000 021 253 255 255 255 255 255 255 255 255 255 255 255 255 255 255 255 255 255 255 255 255 255 255 255 255 255 255 255 255 255 255 255 
255 255 255 255 255 255 255 255 255 255 255 255 255 255 255 255 255 255 255 255 255 255 255 255 255 255 255 255 255 255 255 255 255 255 255 255 021 000 000 037 255 255 255 255 255 255 255 255 255 255 255 255 255 255 171 117 140 164 173 174 175 176 177 178 179 180 181 182 183 182 182 181 
255 255 255 255 255 255 255 210 197 231 242 245 247 249 252 250 247 245 243 236 204 198 255 255 255 255 255 255 255 255 255 255 255 255 255 255 032 000 000 037 255 255 255 255 255 255 255 255 255 255 255 255 255 255 117 000 000 000 000 000 000 000 000 000 000 000 000 000 000 000 000 000 
255 255 255 255 255 255 255 133 000 000 000 000 000 000 000 000 000 000 000 000 000 089 255 255 255 255 255 255 255 255 255 255 255 255 255 255 044 000 000 037 255 255 255 255 255 255 255 255 255 255 255 255 255 255 117 000 000 000 000 000 000 000 000 000 000 000 000 000 000 000 000 000 
255 255 255 255 255 255 255 160 000 000 000 000 000 000 000 000 000 000 000 000 000 116 255 255 255 255 255 255 255 255 255 255 255 255 255 255 057 000 000 037 255 255 255 255 255 255 255 255 255 255 255 255 255 255 117 005 030 053 061 066 070 075 004 000 000 006 077 077 077 077 077 077 
255 255 255 255 255 255 255 173 000 000 000 000 000 000 000 000 000 000 000 000 000 129 255 255 255 255 255 255 255 255 255 255 255 255 255 255 063 000 000 037 255 255 255 255 255 255 255 255 255 255 255 255 255 255 247 254 255 255 255 255 255 255 004 000 000 036 255 255 255 255 255 255 
191 236 255 255 255 255 255 175 000 000 000 216 231 231 231 231 231 231 025 000 000 131 255 255 255 255 255 255 255 255 255 255 255 255 255 255 064 000 000 037 255 255 255 255 255 255 255 255 255 255 255 255 255 255 255 255 255 255 255 255 255 243 000 000 000 058 255 255 255 255 255 255 
006 244 255 255 255 255 255 178 000 000 000 238 255 255 255 255 255 255 027 000 000 133 255 255 255 255 255 255 255 255 255 255 255 255 255 255 065 000 000 037 255 255 255 255 255 255 255 255 255 255 255 255 255 255 255 255 255 255 255 255 255 220 000 000 000 083 255 255 255 255 255 255 
066 255 255 255 255 255 255 178 000 000 000 238 255 255 255 255 255 255 027 000 000 133 195 065 085 106 122 126 130 133 138 139 139 139 139 139 036 000 000 018 120 111 101 083 062 235 255 255 255 255 175 202 229 253 255 255 255 255 255 255 255 191 000 000 000 112 255 255 255 255 255 255 
139 255 255 255 255 255 255 178 000 000 000 238 255 255 255 255 255 255 027 000 000 133 179 000 000 000 000 000 000 000 000 000 000 000 000 000 000 000 000 000 000 000 000 000 000 229 255 255 255 255 000 000 000 002 008 011 014 016 019 022 025 019 000 000 000 014 028 028 028 028 028 028 
211 255 255 255 255 255 255 178 000 000 000 238 255 255 255 255 255 255 027 000 000 133 179 000 000 000 000 000 000 000 000 000 000 000 000 000 000 000 000 000 000 000 000 000 000 229 255 255 255 255 000 000 000 000 000 000 000 000 000 000 000 000 000 000 000 000 000 000 000 000 000 000 
255 255 255 255 255 255 255 178 000 000 000 238 255 255 255 255 255 255 027 000 000 133 179 000 000 002 016 020 024 027 031 032 032 032 032 032 008 000 000 003 016 009 001 000 000 229 255 255 255 255 000 000 000 000 000 000 000 000 000 000 000 000 000 000 000 000 000 000 000 000 000 000 
255 255 255 255 255 255 255 178 000 000 000 238 255 255 255 255 255 255 027 000 000 133 240 215 235 253 255 255 255 255 255 255 255 255 255 255 067 000 000 037 255 255 255 237 213 250 255 255 255 255 134 162 190 216 225 230 234 238 243 247 251 051 000 000 021 254 254 254 254 254 254 254 
255 255 255 255 255 255 255 178 000 000 000 238 255 255 255 255 255 255 027 000 000 133 255 255 255 255 255 255 255 255 255 255 255 255 255 255 067 000 000 037 255 255 255 255 255 255 255 255 255 255 255 255 255 255 255 255 255 255 255 255 254 010 000 000 067 255 255 255 255 255 255 255 
255 255 255 255 255 255 255 178 000 000 000 238 255 255 255 255 255 255 027 000 000 133 255 255 255 255 255 255 255 255 255 255 255 255 255 255 067 000 000 037 255 255 255 255 255 255 255 255 255 255 255 255 255 255 255 255 255 255 255 255 219 000 000 000 116 255 255 255 255 255 255 255 
255 255 255 255 255 255 255 178 000 000 000 036 038 038 038 038 038 038 004 000 000 133 255 255 255 255 255 252 204 255 255 255 255 255 255 255 067 000 000 037 255 255 255 255 255 255 255 255 255 255 255 255 255 255 255 255 255 255 255 255 162 000 000 000 184 255 255 255 255 255 255 255 
255 255 255 255 255 255 255 178 000 000 000 000 000 000 000 000 000 000 000 000 000 133 255 255 255 204 107 023 007 247 255 255 255 255 255 255 067 000 000 037 255 255 255 255 255 255 255 255 255 255 255 255 255 093 097 117 120 122 124 127 060 000 000 000 120 129 129 129 129 129 129 129 
255 255 255 255 255 255 255 178 000 000 000 000 000 000 000 000 000 000 000 000 000 133 255 255 255 130 000 000 000 185 255 255 255 255 255 255 067 000 000 037 255 255 255 255 255 255 255 255 255 255 255 255 255 026 000 000 000 000 000 000 000 000 000 000 000 000 000 000 000 000 000 000 
255 255 255 255 255 255 255 178 000 000 000 187 200 200 200 200 200 200 021 000 000 133 255 255 255 232 006 000 000 087 255 255 255 255 255 255 067 000 000 037 255 255 255 255 255 255 255 255 255 255 255 255 255 026 000 000 000 000 000 000 000 000 000 000 000 000 000 000 000 000 000 000 
255 255 255 255 255 255 255 178 000 000 000 238 255 255 255 255 255 255 027 000 000 133 255 255 255 255 089 000 000 005 232 255 255 255 255 255 067 000 000 037 255 255 255 255 255 255 255 255 255 255 255 255 255 071 089 118 127 136 145 045 000 000 015 153 153 153 153 153 153 153 153 153 
255 255 255 255 255 255 255 178 000 000 000 238 255 255 255 255 255 255 027 000 000 133 255 255 255 255 197 000 000 000 132 255 255 255 255 255 067 000 000 037 255 255 255 255 255 255 255 255 255 255 255 255 255 255 255 255 255 255 226 006 000 000 116 255 255 255 255 255 255 255 255 255 
255 255 255 255 255 255 255 178 000 000 000 238 255 255 255 255 255 255 027 000 000 133 255 255 255 255 255 030 000 000 030 252 255 255 255 255 067 000 000 037 255 255 255 255 255 255 255 255 255 255 255 255 255 255 255 255 255 255 083 000 000 006 226 255 255 255 255 255 255 255 255 255 
255 255 255 255 255 255 255 178 000 000 000 238 255 255 255 255 255 255 027 000 000 133 255 255 255 255 255 106 000 000 000 151 255 255 255 255 067 000 000 037 255 255 255 255 255 255 255 255 255 255 255 255 255 255 255 255 255 155 000 000 000 119 255 255 255 255 255 255 255 255 255 255 
255 255 255 255 255 255 255 178 000 000 000 238 255 255 255 255 255 255 027 000 000 133 255 255 255 255 255 184 000 000 000 040 252 255 255 255 067 000 000 037 255 255 255 255 255 255 255 255 255 255 255 255 255 255 255 255 217 011 000 000 012 198 214 218 219 219 219 219 219 219 219 219 
255 255 255 255 255 255 255 178 000 000 000 238 255 255 255 255 255 255 027 000 000 133 255 255 255 255 255 249 021 085 177 250 255 255 255 255 067 000 000 037 255 255 255 255 255 255 255 255 255 255 255 255 255 255 255 239 047 000 000 000 004 000 000 000 000 000 000 000 000 000 000 000 
255 255 255 255 255 255 255 178 000 000 000 238 255 255 255 255 255 255 027 000 000 133 255 255 255 255 255 255 249 255 255 255 255 255 255 255 067 000 000 037 255 255 255 255 255 255 255 255 255 255 255 255 255 255 242 055 000 000 000 071 059 000 000 000 000 000 000 000 000 000 000 000 
255 255 255 255 255 255 255 178 000 000 000 238 255 255 255 255 255 255 027 000 000 133 255 255 255 255 255 255 255 255 255 255 255 255 255 255 067 000 000 037 255 255 255 255 255 255 255 255 255 255 255 255 255 244 059 000 000 000 020 231 060 000 000 009 074 074 074 074 074 074 074 074 
255 255 255 255 255 255 255 178 000 000 000 055 058 058 058 058 058 058 006 000 000 133 255 255 255 255 255 255 255 255 255 255 255 255 255 255 067 000 000 037 255 255 255 255 255 255 255 255 255 255 255 255 234 061 000 000 000 005 187 255 060 000 000 033 255 255 255 255 255 255 255 255 
255 255 255 255 255 255 255 178 000 000 000 000 000 000 000 000 000 000 000 000 000 133 255 255 255 255 255 255 255 255 255 255 255 255 255 255 067 000 000 037 255 255 255 255 255 255 255 255 255 255 255 202 029 000 000 000 001 164 255 255 060 000 000 033 255 255 255 255 255 255 255 255 
255 255 255 255 255 255 255 178 000 000 000 000 000 000 000 000 000 000 000 000 000 129 255 255 255 255 255 255 255 255 255 255 255 255 255 255 067 000 000 037 255 255 255 255 255 255 255 255 255 255 156 007 000 000 000 000 138 255 255 255 060 000 000 033 255 255 255 255 255 255 255 255 
255 255 255 255 255 255 255 178 000 000 000 200 214 214 214 214 214 214 023 000 000 125 255 255 255 255 255 255 255 255 255 255 255 255 255 255 067 000 000 037 255 255 255 255 255 255 255 255 230 073 000 000 000 000 000 112 255 255 255 255 060 000 000 033 255 255 255 255 255 255 255 255 
255 255 255 255 255 255 255 175 000 000 000 238 255 255 255 255 255 255 027 000 000 114 255 255 255 255 255 255 255 255 255 255 255 255 255 255 067 000 000 037 255 255 255 255 255 255 255 255 254 171 025 000 000 000 089 254 255 255 255 255 060 000 000 033 255 255 255 255 255 255 255 255 
255 255 255 255 255 255 255 172 000 000 000 238 255 255 255 255 255 255 027 000 000 092 255 255 255 255 255 255 255 255 255 255 255 255 255 255 066 000 000 037 255 255 255 255 255 255 255 255 255 255 237 089 000 097 252 255 255 255 255 255 060 000 000 029 223 223 223 223 223 223 223 223 
145 250 255 255 255 255 255 156 000 000 000 238 255 255 255 255 255 255 027 000 000 069 255 255 255 255 255 255 255 255 255 255 255 255 250 198 015 000 000 038 255 255 255 255 255 255 255 255 255 255 255 255 180 254 255 255 255 255 255 255 060 000 000 000 000 000 000 000 000 000 000 000 
088 255 255 255 255 255 255 133 000 000 000 238 255 255 255 255 255 255 223 218 218 227 255 255 255 255 255 255 255 255 140 019 032 040 006 000 000 000 000 041 255 255 255 255 255 255 255 255 255 255 255 255 255 255 255 255 255 255 255 255 060 000 000 000 000 000 000 000 000 000 000 000 
247 255 255 255 255 255 255 111 000 000 000 238 255 255 255 255 255 255 255 255 255 255 255 255 255 255 255 255 255 255 252 026 000 000 000 000 000 000 000 078 255 255 255 255 255 255 255 255 255 255 255 255 255 255 255 255 255 255 255 255 059 000 000 003 026 026 026 026 026 026 026 026 
255 255 255 255 255 255 255 251 248 248 248 255 255 255 255 255 255 255 255 255 255 255 255 255 255 255 255 255 255 255 255 122 000 000 000 000 000 000 000 171 255 255 255 255 255 255 255 255 255 255 255 255 255 255 255 255 255 255 255 255 052 000 000 033 255 255 255 255 255 255 255 255 
255 255 255 255 255 255 255 255 255 255 255 255 255 255 255 255 255 255 255 255 255 255 255 255 255 255 255 255 255 255 255 212 000 000 000 000 001 045 185 255 255 255 255 255 255 255 255 255 255 255 255 255 255 255 255 255 255 255 255 255 034 000 000 033 255 255 255 255 255 255 255 255 
255 255 255 255 255 255 255 255 255 255 255 255 255 255 255 255 255 255 255 255 255 255 255 255 255 255 255 255 255 255 255 250 090 115 143 192 241 255 255 255 255 255 255 255 255 255 255 255 255 255 255 255 255 255 255 255 255 255 255 255 066 055 055 082 255 255 255 255 255 255 255 255 
255 255 255 255 255 255 255 255 255 255 255 255 255 255 255 255 255 255 255 255 255 255 255 255 255 255 255 255 255 255 255 255 255 255 255 255 255 255 255 255 255 255 255 255 255 255 255 255 255 255 255 255 255 255 255 255 255 255 255 255 255 255 255 255 255 255 255 255 255 255 255 255 
255 255 255 255 255 255 255 255 255 255 255 255 255 255 255 255 255 255 255 255 255 255 255 255 255 255 255 255 255 255 255 255 255 255 255 255 255 255 255 255 255 255 255 255 255 255 255 255 255 255 255 255 255 255 255 255 255 255 255 255 255 255 255 255 255 255 255 255 255 255 255 255 
255 255 255 255 255 255 255 255 255 255 255 255 255 255 255 255 255 255 255 255 255 255 255 255 255 255 255 255 255 255 255 255 255 255 255 255 255 255 255 255 255 255 255 255 255 255 255 255 255 255 255 255 255 255 255 255 255 255 255 255 255 255 255 255 255 255 255 255 255 255 255 255 
255 255 255 255 255 255 255 255 255 255 255 255 255 255 255 255 255 255 255 255 255 255 255 255 255 255 255 255 255 255 255 255 255 255 255 255 255 255 255 255 255 255 255 255 255 255 255 255 255 255 255 255 255 255 255 255 255 255 255 255 255 255 255 255 255 255 255 255 255 255 255 255 
255 255 255 255 255 255 255 255 255 255 255 255 255 255 255 255 255 255 255 255 255 255 255 255 255 255 255 255 255 255 255 255 255 255 255 255 255 255 255 255 255 255 255 255 255 255 255 255 255 255 255 255 255 255 255 255 255 255 255 255 255 255 255 255 255 255 255 255 255 255 255 255 
255 255 255 255 255 255 255 255 255 255 255 255 255 255 255 255 255 255 255 255 255 255 255 255 255 255 255 255 255 255 255 255 255 255 255 255 255 255 255 255 255 255 255 255 255 255 255 255 255 255 255 255 255 255 255 255 255 255 255 255 255 255 255 255 255 255 255 255 255 255 255 255 
255 255 255 255 255 255 255 255 255 255 255 255 255 255 255 255 255 255 255 255 255 255 255 255 255 255 255 255 255 255 255 255 255 255 255 255 255 255 255 255 255 255 255 255 255 255 255 255 255 255 255 255 255 255 255 255 255 255 255 255 255 255 255 255 255 255 255 255 255 255 255 255 
255 255 255 255 255 255 255 255 255 255 255 255 255 255 255 255 255 255 255 255 255 255 255 255 255 255 255 255 255 255 255 255 255 255 255 255 255 255 255 255 255 255 255 255 255 255 255 255 255 255 255 255 255 255 255 255 255 255 255 255 255 255 255 255 255 255 255 255 255 255 255 255 
255 255 255 255 255 255 255 255 255 255 255 255 255 255 255 255 255 255 255 255 255 255 255 255 255 255 255 255 255 255 255 255 255 255 255 255 255 255 255 255 255 255 255 255 255 255 255 255 255 255 255 255 255 255 255 255 255 255 255 255 255 255 255 255 255 255 255 255 255 255 255 255 
