255 255 255 255 255 255 255 255 255 255 255 255 255 255 255 255 255 255 255 255 255 255 255 255 255 255 255 255 255 255 255 255 255 255 255 255 255 255 255 255 255 255 255 255 255 255 255 255 255 255 255 255 255 255 255 255 255 255 255 255 255 255 255 255 255 255 255 255 255 255 255 255 
255 255 255 255 255 255 255 255 255 255 255 255 255 255 255 255 255 255 255 255 255 255 255 255 255 255 255 255 255 255 255 255 255 255 255 255 255 255 255 255 255 255 255 255 255 255 255 255 255 255 255 255 255 255 255 255 255 255 255 255 255 255 255 255 255 255 255 255 255 255 255 255 
255 255 255 255 255 255 255 255 255 255 255 255 255 255 255 255 255 255 255 255 255 255 255 255 255 255 255 255 255 255 255 255 255 255 255 255 255 255 255 255 255 255 255 255 255 255 255 255 255 255 255 255 255 255 255 255 255 255 255 255 255 255 255 255 255 255 255 255 255 255 255 255 
255 255 255 255 255 255 255 255 255 255 255 255 255 255 255 255 255 255 255 255 255 255 255 255 255 255 255 255 255 255 255 255 255 255 255 255 255 255 255 255 255 255 255 255 255 255 255 255 255 255 255 255 255 255 255 255 255 255 255 255 255 255 255 255 255 255 255 255 255 255 255 255 
255 255 255 255 255 255 255 255 255 255 255 255 255 255 255 255 255 255 255 255 255 255 255 255 255 255 255 255 255 255 255 255 255 255 255 255 255 255 255 255 255 255 255 255 255 255 255 255 255 255 255 255 255 255 255 255 255 255 255 255 255 255 255 255 255 255 255 255 255 255 255 255 
255 255 255 255 255 255 255 255 255 255 255 255 255 255 255 255 255 255 255 255 255 255 255 255 255 255 255 255 255 255 255 255 255 255 255 255 255 255 255 255 255 255 255 255 255 255 255 255 255 255 255 255 255 255 255 255 255 255 255 255 255 255 255 255 255 255 255 255 255 255 255 255 
255 255 255 255 255 255 255 255 255 255 255 255 255 255 255 255 255 255 255 255 255 255 255 255 255 255 255 255 255 255 255 255 255 255 255 255 255 255 255 255 255 255 255 255 255 255 255 255 255 255 255 255 255 255 255 255 255 255 255 255 255 255 255 255 255 255 255 255 255 255 255 255 
255 255 255 255 255 255 255 255 255 255 255 255 255 255 255 255 255 255 255 255 255 255 255 255 255 255 255 255 255 255 255 255 255 255 255 255 255 255 255 255 255 255 255 255 255 255 255 255 255 255 255 255 255 255 255 255 255 255 255 255 255 255 255 255 255 255 255 255 255 255 255 255 
204 206 207 209 211 209 207 206 204 202 201 199 197 196 194 192 190 187 164 138 186 255 255 255 255 255 255 255 255 255 255 255 255 255 255 255 255 255 255 255 255 255 255 255 255 255 255 255 255 255 255 255 255 255 255 255 255 255 255 255 255 255 255 255 255 255 255 255 255 255 255 255 
000 000 000 000 000 000 000 000 000 000 000 000 000 000 000 000 000 000 000 000 141 255 255 255 255 255 255 255 255 255 255 255 229 060 083 106 124 125 126 127 128 129 130 132 133 134 135 134 134 133 133 132 132 131 131 130 130 129 114 089 102 255 255 255 255 255 255 255 255 255 255 255 
000 000 000 000 000 000 000 000 000 000 000 000 000 000 000 000 000 000 000 000 160 255 255 255 255 255 255 255 255 255 255 255 222 000 000 000 000 000 000 000 000 000 000 000 000 000 000 000 000 000 000 000 000 000 000 000 000 000 000 000 076 255 255 255 255 255 255 255 255 255 255 255 
105 105 105 105 105 105 105 105 105 105 105 105 105 105 105 105 105 013 000 000 163 255 255 255 255 255 255 255 255 255 255 255 222 000 000 000 000 000 000 000 000 000 000 000 000 000 000 000 000 000 000 000 000 000 000 000 000 000 000 000 092 255 255 255 255 255 255 255 255 255 255 255 
255 255 255 255 255 255 255 255 255 255 255 255 255 255 255 255 255 031 000 000 163 255 255 255 255 255 255 255 255 255 255 255 226 042 068 093 107 112 117 122 058 000 000 000 087 126 126 126 126 126 126 126 126 126 126 126 126 013 000 000 096 255 255 255 255 255 255 255 255 255 255 255 
255 255 255 255 255 255 255 255 255 255 255 255 255 255 255 255 255 031 000 000 162 255 255 255 255 255 255 255 255 255 255 255 255 255 255 255 255 255 255 255 106 000 000 000 192 255 255 255 255 255 255 255 255 255 255 255 255 026 000 000 100 255 255 255 255 255 255 255 255 255 255 255 
053 053 053 053 053 053 053 053 053 053 053 053 053 053 053 053 053 006 000 000 158 255 255 255 255 255 255 255 255 255 255 255 255 255 255 255 255 255 255 255 089 000 000 000 213 255 255 255 255 255 255 255 255 255 255 255 255 026 000 000 100 255 255 255 255 255 255 255 255 255 255 255 
000 000 000 000 000 000 000 000 000 000 000 000 000 000 000 000 000 000 000 000 145 255 255 255 255 255 255 255 255 255 255 255 255 255 255 255 255 255 255 255 063 000 000 000 240 255 255 255 255 255 255 255 255 255 255 255 255 026 000 000 100 255 255 255 255 255 255 255 255 255 255 255 
063 063 063 063 063 063 063 063 063 063 063 063 063 061 059 058 056 054 050 030 135 255 255 255 255 255 255 255 176 142 169 196 214 217 220 223 226 228 231 234 033 000 000 012 236 236 236 236 236 236 236 236 236 236 236 236 236 024 000 000 092 230 223 216 209 183 150 217 255 255 255 255 
255 255 255 255 255 255 255 255 255 255 255 255 255 255 255 255 252 230 255 255 255 255 255 255 255 255 255 255 104 000 000 000 000 000 000 000 000 000 000 000 000 000 000 000 000 000 000 000 000 000 000 000 000 000 000 000 000 000 000 000 000 000 000 000 000 000 000 178 255 255 255 255 
255 255 255 255 255 252 238 223 206 189 172 154 127 101 074 048 009 011 216 255 255 255 255 255 255 255 255 255 104 000 000 000 000 000 000 000 000 000 000 000 000 000 000 000 000 000 000 000 000 000 000 000 000 000 000 000 000 000 000 000 000 000 000 000 000 000 000 178 255 255 255 255 
031 030 029 026 012 000 000 000 000 000 000 000 000 000 000 000 000 000 038 229 255 255 255 255 255 255 255 255 104 000 000 003 016 020 025 029 034 038 042 031 000 000 000 028 047 047 047 047 047 047 047 047 047 047 047 047 047 005 000 000 018 042 035 028 020 001 000 178 255 255 255 255 
000 000 000 000 000 000 000 000 000 000 000 010 025 040 055 057 045 033 021 080 255 255 255 255 255 255 255 255 209 199 227 252 255 255 255 255 255 255 255 147 000 000 000 181 255 255 255 255 255 255 255 255 255 255 255 255 255 026 000 000 100 255 255 255 255 248 218 238 255 255 255 255 
114 127 140 153 114 000 000 013 220 236 250 255 255 255 255 255 255 255 255 255 255 255 255 255 255 255 255 255 255 255 255 255 255 255 255 255 255 255 255 105 000 000 000 226 255 255 255 255 255 255 255 255 255 255 255 255 255 026 000 000 100 255 255 255 255 255 255 255 255 255 255 255 
255 255 255 255 178 000 000 015 255 255 255 255 255 255 255 255 255 255 255 255 255 255 255 255 255 255 255 255 255 255 255 255 255 255 255 255 255 255 255 058 000 000 022 255 255 255 255 255 255 255 255 255 255 255 255 255 255 026 000 000 099 255 255 255 255 255 255 255 255 255 255 255 
118 122 126 130 094 000 000 008 134 132 130 129 127 125 122 106 090 074 146 255 255 255 255 255 255 255 255 255 255 255 255 255 255 255 255 255 255 255 249 007 000 000 092 255 255 255 255 255 255 255 255 255 255 255 255 255 255 026 000 000 098 255 255 255 255 255 255 255 255 255 255 255 
000 000 000 000 000 000 000 000 000 000 000 000 000 000 000 000 000 000 135 255 255 255 255 255 255 255 255 255 255 255 255 142 039 063 071 073 076 078 069 000 000 000 044 081 081 081 081 081 081 081 081 081 081 081 081 081 081 008 000 000 096 255 255 255 255 255 255 255 255 255 255 255 
048 048 048 048 034 000 000 003 048 048 048 048 048 048 048 011 000 000 148 255 255 255 255 255 255 255 255 255 255 255 255 131 000 000 000 000 000 000 000 000 000 000 000 000 000 000 000 000 000 000 000 000 000 000 000 000 000 000 000 000 090 255 255 255 255 255 255 255 255 255 255 255 
255 255 255 255 178 000 000 015 255 255 255 255 255 255 255 061 000 000 153 255 255 255 255 255 255 255 255 255 255 255 255 131 000 000 000 000 000 000 000 000 000 000 000 000 000 000 000 000 000 000 000 000 000 000 000 000 000 000 000 000 072 255 255 255 255 255 255 255 255 255 255 255 
255 255 255 255 178 000 000 015 255 255 255 255 255 255 255 061 000 000 154 255 255 255 255 255 255 255 255 255 255 255 255 175 120 158 172 181 190 131 000 000 000 148 202 202 202 202 202 202 202 202 202 202 202 202 202 202 201 199 197 188 193 255 255 255 255 255 255 255 255 255 255 255 
155 155 155 155 109 000 000 009 155 155 155 155 155 155 155 037 000 000 152 255 255 255 255 255 255 255 255 255 255 255 255 255 255 255 255 255 255 057 000 000 036 253 255 255 255 255 255 255 255 255 255 255 255 255 255 255 255 255 255 255 255 255 255 255 255 255 255 255 255 255 255 255 
000 000 000 000 000 000 000 000 000 000 000 000 000 000 000 000 000 000 145 255 255 255 255 255 255 255 255 255 255 255 255 255 255 255 255 255 152 000 000 000 152 255 255 255 255 255 255 255 255 255 255 255 255 255 255 255 255 255 255 255 255 255 255 255 255 255 255 255 255 255 255 255 
020 023 025 027 020 000 000 001 029 027 025 023 021 019 015 002 000 000 119 255 255 255 255 255 255 255 255 255 255 255 255 255 255 255 255 215 010 000 000 046 252 255 255 255 255 255 255 255 255 255 255 255 255 255 255 255 255 255 255 255 255 255 255 255 255 255 255 255 255 255 255 255 
255 255 255 255 178 000 000 015 255 255 255 255 255 255 255 254 240 224 229 255 255 255 255 255 255 255 255 255 255 255 255 255 255 255 249 048 000 000 000 104 164 168 171 171 171 171 171 171 171 171 170 170 169 168 168 167 166 166 165 154 134 123 255 255 255 255 255 255 255 255 255 255 
255 255 255 255 178 000 000 015 255 255 255 255 255 255 255 255 248 234 221 208 194 237 255 255 255 255 255 255 255 255 255 255 255 253 094 000 000 000 015 000 000 000 000 000 000 000 000 000 000 000 000 000 000 000 000 000 000 000 000 000 000 033 255 255 255 255 255 255 255 255 255 255 
019 024 029 034 027 000 000 002 037 033 029 025 021 017 014 006 000 000 000 000 000 205 255 255 255 255 255 255 255 255 255 255 254 100 000 000 000 023 142 000 000 000 000 000 000 000 000 000 000 000 000 000 000 000 000 000 000 000 000 000 000 049 255 255 255 255 255 255 255 255 255 255 
000 000 000 000 000 000 000 000 000 000 000 000 000 000 000 000 000 000 000 000 000 224 255 255 255 255 255 255 255 255 255 255 106 000 000 000 000 182 164 000 000 000 089 123 123 123 123 123 123 123 123 123 123 123 123 123 123 110 000 000 000 052 255 255 255 255 255 255 255 255 255 255 
076 076 076 076 053 000 000 004 076 076 076 076 076 076 076 076 076 066 000 000 000 227 255 255 255 255 255 255 255 255 247 096 000 000 000 000 130 255 164 000 000 000 184 255 255 255 255 255 255 255 255 255 255 255 255 255 255 228 000 000 000 053 255 255 255 255 255 255 255 255 255 255 
255 255 255 255 178 000 000 015 255 255 255 250 183 205 255 255 255 221 000 000 000 228 255 255 255 255 255 255 255 225 051 000 000 000 000 103 255 255 164 000 000 000 184 255 255 255 255 255 255 255 255 255 255 255 255 255 255 228 000 000 000 053 255 255 255 255 255 255 255 255 255 255 
255 255 255 255 178 000 000 015 255 255 254 048 000 036 246 255 255 221 000 000 000 228 255 255 255 255 255 255 183 020 000 000 000 000 080 252 255 255 164 000 000 000 184 255 255 255 255 255 255 255 255 255 255 255 255 255 255 228 000 000 000 053 255 255 255 255 255 255 255 255 255 255 
255 255 255 255 178 000 000 015 255 255 255 167 000 000 115 255 255 221 000 000 000 228 255 255 255 255 255 113 000 000 000 000 000 059 247 255 255 255 164 000 000 000 184 255 255 255 255 255 255 255 255 255 255 255 255 255 255 228 000 000 000 053 255 255 255 255 255 255 255 255 255 255 
039 053 053 052 036 000 000 001 022 014 005 000 000 000 005 220 255 221 000 000 000 228 255 255 255 255 255 248 126 004 000 000 047 237 255 255 255 255 164 000 000 000 184 255 255 255 255 255 255 255 255 255 255 255 255 255 255 228 000 000 000 053 255 255 255 255 255 255 255 255 255 255 
000 000 000 000 000 000 000 000 000 000 019 046 061 000 000 088 255 221 000 000 000 228 255 255 255 255 255 255 255 204 037 057 239 255 255 255 255 255 164 000 000 000 127 175 175 175 175 175 175 175 175 175 175 175 175 175 175 157 000 000 000 053 255 255 255 255 255 255 255 255 255 255 
000 024 057 087 117 144 170 196 223 248 255 255 254 044 081 196 255 221 000 000 000 228 255 255 255 255 255 255 255 255 235 244 255 255 255 255 255 255 164 000 000 000 000 000 000 000 000 000 000 000 000 000 000 000 000 000 000 000 000 000 000 053 255 255 255 255 255 255 255 255 255 255 
209 255 255 255 255 255 255 255 255 255 255 255 255 245 255 255 255 155 000 000 000 229 255 255 255 255 255 255 255 255 255 255 255 255 255 255 255 255 164 000 000 000 000 000 000 000 000 000 000 000 000 000 000 000 000 000 000 000 000 000 000 053 255 255 255 255 255 255 255 255 255 255 
255 255 255 255 255 255 255 255 255 255 255 255 255 189 093 098 062 001 000 000 002 241 255 255 255 255 255 255 255 255 255 255 255 255 255 255 255 255 163 000 000 000 054 074 074 074 074 074 074 074 074 074 074 074 074 074 074 067 000 000 000 050 255 255 255 255 255 255 255 255 255 255 
255 255 255 255 255 255 255 255 255 255 255 255 255 254 041 000 000 000 000 000 078 255 255 255 255 255 255 255 255 255 255 255 255 255 255 255 255 255 154 000 000 000 184 255 255 255 255 255 255 255 255 255 255 255 255 255 255 228 000 000 000 040 255 255 255 255 255 255 255 255 255 255 
255 255 255 255 255 255 255 255 255 255 255 255 255 255 145 000 000 000 007 102 241 255 255 255 255 255 255 255 255 255 255 255 255 255 255 255 255 255 134 000 000 000 184 255 255 255 255 255 255 255 255 255 255 255 255 255 255 228 000 000 000 017 255 255 255 255 255 255 255 255 255 255 
255 255 255 255 255 255 255 255 255 255 255 255 255 255 217 111 139 193 248 255 255 255 255 255 255 255 255 255 255 255 255 255 255 255 255 255 255 255 172 103 103 103 213 255 255 255 255 255 255 255 255 255 255 255 255 255 255 249 193 193 193 194 255 255 255 255 255 255 255 255 255 255 
255 255 255 255 255 255 255 255 255 255 255 255 255 255 255 255 255 255 255 255 255 255 255 255 255 255 255 255 255 255 255 255 255 255 255 255 255 255 255 255 255 255 255 255 255 255 255 255 255 255 255 255 255 255 255 255 255 255 255 255 255 255 255 255 255 255 255 255 255 255 255 255 
255 255 255 255 255 255 255 255 255 255 255 255 255 255 255 255 255 255 255 255 255 255 255 255 255 255 255 255 255 255 255 255 255 255 255 255 255 255 255 255 255 255 255 255 255 255 255 255 255 255 255 255 255 255 255 255 255 255 255 255 255 255 255 255 255 255 255 255 255 255 255 255 
255 255 255 255 255 255 255 255 255 255 255 255 255 255 255 255 255 255 255 255 255 255 255 255 255 255 255 255 255 255 255 255 255 255 255 255 255 255 255 255 255 255 255 255 255 255 255 255 255 255 255 255 255 255 255 255 255 255 255 255 255 255 255 255 255 255 255 255 255 255 255 255 
255 255 255 255 255 255 255 255 255 255 255 255 255 255 255 255 255 255 255 255 255 255 255 255 255 255 255 255 255 255 255 255 255 255 255 255 255 255 255 255 255 255 255 255 255 255 255 255 255 255 255 255 255 255 255 255 255 255 255 255 255 255 255 255 255 255 255 255 255 255 255 255 
255 255 255 255 255 255 255 255 255 255 255 255 255 255 255 255 255 255 255 255 255 255 255 255 255 255 255 255 255 255 255 255 255 255 255 255 255 255 255 255 255 255 255 255 255 255 255 255 255 255 255 255 255 255 255 255 255 255 255 255 255 255 255 255 255 255 255 255 255 255 255 255 
255 255 255 255 255 255 255 255 255 255 255 255 255 255 255 255 255 255 255 255 255 255 255 255 255 255 255 255 255 255 255 255 255 255 255 255 255 255 255 255 255 255 255 255 255 255 255 255 255 255 255 255 255 255 255 255 255 255 255 255 255 255 255 255 255 255 255 255 255 255 255 255 
255 255 255 255 255 255 255 255 255 255 255 255 255 255 255 255 255 255 255 255 255 255 255 255 255 255 255 255 255 255 255 255 255 255 255 255 255 255 255 255 255 255 255 255 255 255 255 255 255 255 255 255 255 255 255 255 255 255 255 255 255 255 255 255 255 255 255 255 255 255 255 255 
255 255 255 255 255 255 255 255 255 255 255 255 255 255 255 255 255 255 255 255 255 255 255 255 255 255 255 255 255 255 255 255 255 255 255 255 255 255 255 255 255 255 255 255 255 255 255 255 255 255 255 255 255 255 255 255 255 255 255 255 255 255 255 255 255 255 255 255 255 255 255 255 
255 255 255 255 255 255 255 255 255 255 255 255 255 255 255 255 255 255 255 255 255 255 255 255 255 255 255 255 255 255 255 255 255 255 255 255 255 255 255 255 255 255 255 255 255 255 255 255 255 255 255 255 255 255 255 255 255 255 255 255 255 255 255 255 255 255 255 255 255 255 255 255 
255 255 255 255 255 255 255 255 255 255 255 255 255 255 255 255 255 255 255 255 255 255 255 255 255 255 255 255 255 255 255 255 255 255 255 255 255 255 255 255 255 255 255 255 255 255 255 255 255 255 255 255 255 255 255 255 255 255 255 255 255 255 255 255 255 255 255 255 255 255 255 255 
255 255 255 255 255 255 255 255 255 255 255 255 255 255 255 255 255 255 255 255 255 255 255 255 255 255 255 255 255 255 255 255 255 255 255 255 255 255 255 255 255 255 255 255 255 255 255 255 255 255 255 255 255 255 255 255 255 255 255 255 255 255 255 255 255 255 255 255 255 255 255 255 
255 255 255 255 255 255 255 255 255 255 255 255 255 255 255 255 255 255 255 255 255 255 255 255 255 255 255 255 255 255 255 255 255 255 255 255 255 255 255 255 255 255 255 255 255 255 255 255 255 255 255 255 255 255 255 255 255 255 255 255 255 255 255 255 255 255 255 255 255 255 255 255 
255 255 255 255 255 255 255 255 255 255 255 255 255 255 255 255 255 255 255 255 255 255 255 255 255 255 255 255 255 255 255 255 255 255 255 255 255 255 255 255 255 255 255 255 255 255 255 255 255 255 255 255 255 255 255 255 255 255 255 255 255 255 255 255 255 255 255 255 255 255 255 255 
255 255 255 255 255 255 255 255 255 255 255 255 255 255 255 255 255 255 255 255 255 255 255 255 255 255 255 255 255 255 255 255 255 255 255 255 255 255 255 255 255 255 255 255 255 255 255 255 255 255 255 255 255 255 255 255 255 255 255 255 255 255 255 255 255 255 255 255 255 255 255 255 
255 255 255 255 255 255 255 255 255 255 255 255 255 255 255 255 255 255 255 255 255 255 255 255 255 255 255 255 255 255 255 255 255 255 255 255 255 255 255 255 255 255 255 255 255 255 255 255 255 255 255 255 255 255 255 255 255 255 255 255 255 255 255 255 255 255 255 255 255 255 255 255 
255 255 255 255 255 255 255 255 255 255 255 255 255 255 255 255 255 255 255 255 255 255 255 255 255 255 255 255 255 255 255 255 255 255 255 255 255 255 255 255 255 255 255 255 255 255 255 255 255 255 255 255 255 255 255 255 255 255 255 255 255 255 255 255 255 255 255 255 255 255 255 255 
255 255 255 255 255 255 255 255 255 255 255 255 255 255 255 255 255 255 255 255 255 255 255 255 255 255 255 255 255 255 255 255 255 255 255 255 255 255 255 255 255 255 255 255 255 255 255 255 255 255 255 255 255 255 255 255 255 255 255 255 255 255 255 255 255 255 255 255 255 255 255 255 
255 255 255 255 255 255 255 255 255 255 255 255 255 255 255 255 255 255 255 255 255 255 255 255 255 255 255 255 255 255 255 255 255 255 255 255 255 255 255 255 255 255 255 255 255 255 255 255 255 255 255 255 255 255 255 255 255 255 255 255 255 255 255 255 255 255 255 255 255 255 255 255 
255 255 255 255 255 255 255 255 255 255 255 255 255 255 255 255 255 255 255 255 255 255 255 255 255 255 255 255 255 255 255 255 255 255 255 255 255 255 255 255 255 255 255 255 255 255 255 255 255 255 255 255 255 255 255 255 255 255 255 255 255 255 255 255 255 255 255 255 255 255 255 255 
255 255 255 255 255 255 255 255 255 255 255 255 255 255 255 255 255 255 255 255 255 255 255 255 255 255 255 255 255 255 255 255 255 255 255 255 255 255 255 255 255 255 255 255 255 255 255 255 255 255 255 255 255 255 255 255 255 255 255 255 255 255 255 255 255 255 255 255 255 255 255 255 
255 255 255 255 255 255 255 255 255 255 255 255 255 255 255 255 255 255 255 255 255 255 255 255 255 255 255 255 255 255 255 255 255 255 255 255 255 255 255 255 255 255 255 255 255 255 255 255 255 255 255 255 255 255 255 255 255 255 255 255 255 255 255 255 255 255 255 255 255 255 255 255 
255 255 255 255 255 255 255 255 255 255 255 255 255 255 255 255 255 255 255 255 255 255 255 255 255 255 255 255 255 255 255 255 255 255 255 255 255 255 255 255 255 255 255 255 255 255 255 255 255 255 255 255 255 255 255 255 255 255 255 255 255 255 255 255 255 255 255 255 255 255 255 255 
255 255 255 255 255 255 255 255 255 255 255 255 255 255 255 255 255 255 255 255 255 255 255 255 255 255 255 255 255 255 255 255 255 255 255 255 255 255 255 255 255 255 255 255 255 255 255 255 255 255 255 255 255 255 255 255 255 255 255 255 255 255 255 255 255 255 255 255 255 255 255 255 
255 255 255 255 255 255 255 255 255 255 255 255 255 255 255 255 255 255 255 255 255 255 255 255 255 255 255 255 255 255 255 255 255 255 255 255 255 255 255 255 255 255 255 255 255 255 255 255 255 255 255 255 255 255 255 255 255 255 255 255 255 255 255 255 255 255 255 255 255 255 255 255 
255 255 255 255 255 255 255 255 255 255 255 255 255 255 255 255 255 255 255 255 255 255 255 255 255 255 255 255 255 255 255 255 255 255 255 255 255 255 255 255 255 255 255 255 255 255 255 255 255 255 255 255 255 255 255 255 255 255 255 255 255 255 255 255 255 255 255 255 255 255 255 255 
255 255 255 255 255 255 255 255 255 255 255 255 255 255 255 255 255 255 255 255 255 255 255 255 255 255 255 255 255 255 255 255 255 255 255 255 255 255 255 255 255 255 255 255 255 255 255 255 255 255 255 255 255 255 255 255 255 255 255 255 255 255 255 255 255 255 255 255 255 255 255 255 
255 255 255 255 255 255 255 255 255 255 255 255 255 255 255 255 255 255 255 255 255 255 255 255 255 255 255 255 255 255 255 255 255 255 255 255 255 255 255 255 255 255 255 255 255 255 255 255 255 255 255 255 255 255 255 255 255 255 255 255 255 255 255 255 255 255 255 255 255 255 255 255 
255 221 203 222 231 236 245 255 255 255 255 255 255 255 255 255 255 255 255 255 255 255 255 255 255 255 255 255 255 255 255 255 255 255 255 255 255 255 255 255 255 255 255 255 255 255 255 255 255 255 255 255 246 175 097 241 255 255 255 255 255 255 255 255 255 255 255 255 255 255 255 255 
255 146 000 000 000 000 032 247 255 255 255 255 255 255 255 255 255 255 255 255 255 255 255 255 255 255 255 255 255 255 255 255 255 093 043 066 065 069 220 255 255 255 255 255 255 255 255 255 255 255 255 119 010 000 000 153 255 255 255 255 255 255 255 255 255 255 255 255 255 255 255 255 
255 184 000 000 000 033 247 255 255 255 255 255 255 255 255 255 255 255 255 255 255 255 255 255 255 255 255 255 255 255 255 255 255 104 000 000 000 046 235 255 255 255 255 255 255 255 255 255 255 255 255 150 000 000 000 055 255 255 255 255 255 255 255 255 255 255 255 255 255 255 255 255 
255 198 000 000 000 106 255 255 255 255 255 255 255 255 255 255 255 255 255 255 255 255 255 255 255 255 255 255 255 255 255 255 255 129 000 000 000 174 255 255 255 255 255 255 255 255 255 255 255 255 255 242 012 000 000 000 219 255 255 255 255 255 255 255 255 255 255 255 255 255 255 255 
255 202 000 000 000 086 199 197 195 192 190 188 185 183 181 169 150 131 112 241 255 255 255 255 255 255 255 255 255 255 255 255 255 153 000 000 000 200 255 255 255 255 255 255 255 255 255 255 255 255 255 255 076 000 000 000 131 255 255 255 255 255 255 255 255 255 255 255 255 255 255 255 
255 207 000 000 000 000 000 000 000 000 000 000 000 000 000 000 000 000 000 231 255 255 255 255 255 255 255 255 255 255 255 255 255 161 000 000 000 203 255 255 255 255 255 255 255 255 255 255 255 255 255 255 137 000 014 087 184 255 255 255 255 255 255 255 255 255 255 255 255 255 255 255 
255 207 000 000 000 000 000 000 000 000 000 000 000 000 000 000 000 000 000 231 255 255 255 255 255 255 255 255 255 255 255 255 255 166 000 000 000 203 255 255 255 255 236 195 209 224 239 253 255 255 255 255 221 185 249 255 255 255 255 255 255 255 253 239 224 209 194 238 255 255 255 255 
255 207 000 000 000 034 080 079 077 076 075 074 073 072 070 060 044 028 012 232 255 255 255 255 255 255 255 255 255 255 255 255 255 171 000 000 000 203 255 255 255 255 182 000 000 000 000 000 002 004 006 009 011 013 015 016 013 011 009 006 004 002 000 000 000 000 000 190 255 255 255 255 
255 207 000 000 000 108 255 255 255 255 255 255 255 255 255 255 255 255 255 255 255 255 255 255 255 255 255 255 255 255 255 255 255 176 000 000 000 203 255 255 255 255 182 000 000 000 000 000 000 000 000 000 000 000 000 000 000 000 000 000 000 000 000 000 000 000 000 190 255 255 255 255 
255 207 000 000 000 108 255 255 255 255 255 255 255 255 255 255 255 255 255 255 255 255 255 255 255 255 255 255 255 255 255 255 255 179 000 000 000 203 255 255 255 255 182 000 000 000 000 002 007 009 011 014 016 018 020 021 018 016 014 011 009 007 002 000 000 000 000 190 255 255 255 255 
255 207 000 000 000 108 255 255 255 255 255 255 255 255 255 255 255 255 255 255 255 255 255 255 255 255 255 255 251 232 229 225 251 179 000 000 000 203 255 255 228 255 237 200 215 229 244 255 255 255 255 255 255 255 255 255 255 255 255 255 255 255 255 244 229 214 199 239 255 255 255 255 
191 155 000 000 000 081 189 187 184 182 180 178 176 174 172 170 163 150 137 125 112 099 086 242 255 255 255 255 194 000 000 000 230 179 000 000 000 181 126 038 015 243 255 255 255 255 255 255 255 255 255 255 255 255 255 255 255 255 255 255 255 255 255 255 255 255 255 255 255 255 255 255 
000 000 000 000 000 000 000 000 000 000 000 000 000 000 000 000 000 000 000 000 000 000 000 236 255 255 255 255 196 000 000 000 241 179 000 000 000 182 007 000 000 147 255 255 255 255 255 255 255 255 255 255 255 255 255 255 255 255 255 255 255 255 255 255 255 255 255 255 255 255 255 255 
000 000 000 000 000 000 000 000 000 000 000 000 000 000 000 000 000 000 000 000 000 000 000 236 255 255 255 255 195 000 000 000 252 179 000 000 000 203 092 000 000 037 254 255 126 143 160 178 185 187 188 190 192 195 193 190 188 185 182 179 169 152 136 164 255 255 255 255 255 255 255 255 
044 045 046 046 046 045 043 042 041 039 038 037 036 034 033 032 026 014 003 000 000 000 000 236 255 255 255 255 170 000 000 008 255 179 000 000 000 203 174 000 000 000 197 255 014 000 000 000 000 000 000 000 000 000 000 000 000 000 000 000 000 000 000 097 255 255 255 255 255 255 255 255 
255 255 255 255 255 255 255 255 255 255 255 255 255 255 255 255 255 255 255 246 234 222 209 252 255 255 255 255 142 000 000 019 255 179 000 000 000 203 245 009 000 000 121 255 033 000 000 000 000 000 000 000 000 000 000 000 000 000 000 000 000 000 000 120 255 255 255 255 255 255 255 255 
255 255 255 255 255 255 255 255 255 255 255 255 255 255 255 255 255 255 255 255 255 255 255 255 255 255 255 255 114 000 000 032 255 179 000 000 000 203 255 078 000 000 045 255 047 000 000 030 088 088 088 088 088 088 088 088 088 088 088 076 000 000 000 136 255 255 255 255 255 255 255 255 
237 239 242 244 246 243 241 238 236 234 232 230 219 205 190 176 162 186 255 255 255 255 255 255 255 255 255 255 086 000 000 045 255 179 000 000 000 203 255 144 000 000 044 245 052 000 000 087 255 255 255 255 255 255 255 255 255 255 255 220 000 000 000 142 255 255 255 255 255 255 255 255 
000 000 000 000 000 000 000 000 000 000 000 000 000 000 000 000 000 116 255 255 255 255 255 255 255 255 255 255 043 000 000 059 255 179 000 000 000 203 255 207 133 217 255 255 057 000 000 087 255 255 255 255 255 255 255 255 255 255 255 220 000 000 000 147 255 255 255 255 255 255 255 255 
000 000 000 000 000 000 000 000 000 000 000 000 000 000 000 000 000 155 255 255 255 255 255 255 255 255 255 233 000 000 000 072 255 179 000 000 000 203 255 255 255 255 255 255 061 000 000 087 255 255 255 255 255 255 255 255 255 255 255 220 000 000 000 151 255 255 255 255 255 255 255 255 
037 037 037 037 037 037 037 037 037 037 037 037 037 020 000 000 000 169 255 255 255 255 255 255 255 255 255 219 113 096 079 128 255 179 000 000 000 203 255 255 255 255 255 255 059 000 000 087 255 255 255 255 255 255 255 255 255 255 255 220 000 000 000 149 255 255 255 255 255 255 255 255 
255 255 255 255 255 255 255 255 255 255 255 255 255 136 000 000 000 175 255 255 255 255 255 255 255 255 255 255 255 255 255 255 255 179 000 000 000 203 255 255 255 255 255 255 055 000 000 087 255 255 255 255 255 255 255 255 255 255 255 220 000 000 000 146 255 255 255 255 255 255 255 255 
255 255 255 255 255 255 255 255 255 255 255 255 255 136 000 000 000 179 255 255 255 255 255 255 255 255 255 255 255 255 255 255 255 179 000 000 000 203 255 255 255 255 255 255 052 000 000 053 154 154 154 154 154 154 154 154 154 154 154 133 000 000 000 142 255 255 255 255 255 255 255 255 
255 255 255 255 255 255 255 255 255 255 255 255 255 136 000 000 000 179 255 255 255 255 255 255 255 255 255 255 255 255 255 255 255 179 000 000 000 203 255 255 255 255 255 255 038 000 000 000 000 000 000 000 000 000 000 000 000 000 000 000 000 000 000 126 255 255 255 255 255 255 255 255 
011 011 011 011 011 011 011 011 011 011 011 011 011 006 000 000 000 179 255 255 255 255 255 255 255 255 255 255 255 255 255 255 255 179 000 000 000 203 255 255 255 255 255 255 017 000 000 000 000 000 000 000 000 000 000 000 000 000 000 000 000 000 000 101 255 255 255 255 255 255 255 255 
000 000 000 000 000 000 000 000 000 000 000 000 000 000 000 000 000 179 255 255 255 255 255 255 255 255 255 255 255 255 255 255 255 179 000 000 000 203 255 255 255 255 255 255 117 128 141 152 155 157 160 162 033 000 000 033 161 158 154 150 146 135 123 158 255 255 255 255 255 255 255 255 
015 015 015 015 015 015 015 015 015 015 015 015 015 008 000 000 000 179 255 255 255 255 255 255 255 255 255 255 255 255 255 255 255 179 000 000 000 203 255 255 255 255 255 255 255 255 255 255 255 255 255 255 052 000 000 052 255 255 255 255 255 255 255 255 255 255 255 255 255 255 255 255 
255 255 255 255 255 255 255 255 255 255 255 255 255 136 000 000 000 179 255 255 255 255 255 255 255 255 255 255 255 255 255 255 255 179 000 000 000 203 255 255 255 255 255 255 255 221 255 255 255 255 255 255 052 000 000 052 255 255 255 255 255 255 255 255 255 255 255 255 255 255 255 255 
255 255 255 255 255 255 255 255 255 255 255 255 255 136 000 000 000 179 255 255 255 255 255 255 255 255 255 255 255 255 255 255 255 179 000 000 000 203 255 255 255 255 255 255 212 001 073 168 243 255 255 255 052 000 000 052 255 255 255 236 107 219 255 255 255 255 255 255 255 255 255 255 
255 255 255 255 255 255 255 255 255 255 255 255 255 136 000 000 000 179 255 255 255 255 255 255 255 255 255 255 255 255 255 255 255 179 000 000 000 203 255 255 255 255 255 255 121 000 000 000 008 217 255 255 052 000 000 052 255 255 161 020 000 034 232 255 255 255 255 255 255 255 255 228 
100 100 100 100 100 100 100 100 100 100 100 100 100 054 000 000 000 179 255 255 255 255 255 255 255 255 255 255 255 255 255 255 255 179 000 000 000 203 255 255 255 255 255 231 015 000 000 000 147 255 255 255 052 000 000 052 255 251 072 000 000 000 048 241 255 255 255 255 255 255 255 191 
000 000 000 000 000 000 000 000 000 000 000 000 000 000 000 000 000 179 255 255 255 255 255 255 255 255 255 255 255 255 255 255 255 179 000 000 000 203 255 255 255 255 255 086 000 000 000 070 255 255 255 255 052 000 000 052 255 255 244 054 000 000 000 065 248 255 255 255 255 255 255 255 
000 000 000 000 000 000 000 000 000 000 000 000 000 000 000 000 000 179 255 255 255 255 255 255 255 255 255 255 255 255 255 255 255 179 000 000 000 203 255 255 255 255 182 000 000 000 010 223 255 255 255 255 052 000 000 052 255 255 255 228 018 000 000 000 093 255 255 255 255 255 255 255 
183 183 183 183 183 183 183 183 183 183 183 183 183 098 000 000 000 179 255 255 255 255 255 255 255 255 255 255 255 255 255 255 255 178 000 000 000 202 255 255 255 245 032 000 000 000 149 255 255 255 255 255 052 000 000 052 255 255 255 255 174 000 000 000 000 142 255 255 255 255 255 255 
255 255 255 255 255 255 255 255 255 255 255 255 255 136 000 000 000 179 255 255 255 255 255 255 255 255 255 255 255 255 255 255 255 175 000 000 000 197 255 255 255 117 000 000 000 073 255 255 255 255 255 255 052 000 000 052 255 255 255 255 255 101 000 000 000 003 187 255 255 255 255 255 
255 255 255 255 255 255 255 255 255 255 255 255 255 128 000 000 000 179 255 255 255 255 255 255 255 255 255 255 255 255 255 255 255 172 000 000 000 192 255 255 150 000 000 000 033 237 255 255 255 255 255 255 052 000 000 052 255 255 255 255 255 245 038 000 000 005 143 255 255 255 255 255 
255 255 255 255 255 255 255 255 255 249 254 253 188 039 000 000 000 180 255 255 255 255 255 255 255 255 255 255 255 255 255 255 255 168 000 000 000 187 255 205 022 000 000 010 209 255 255 255 245 254 254 210 016 000 000 053 255 255 255 255 255 255 184 000 046 207 255 255 255 255 255 255 
255 255 255 255 255 255 255 255 255 120 000 003 000 000 000 000 000 195 255 255 255 255 255 255 255 255 255 255 255 255 255 255 255 154 000 000 000 173 255 255 252 185 072 168 255 255 255 255 177 004 010 000 000 000 000 058 255 255 255 255 255 255 255 163 249 255 255 255 255 255 255 255 
255 255 255 255 255 255 255 255 255 237 005 000 000 000 000 000 012 248 255 255 255 255 255 255 255 255 255 255 255 255 255 255 255 138 000 000 000 156 255 255 255 255 255 255 255 255 255 255 255 071 000 000 000 000 000 104 255 255 255 255 255 255 255 255 255 255 255 255 255 255 255 255 
255 255 255 255 255 255 255 255 255 255 074 000 000 000 002 057 210 255 255 255 255 255 255 255 255 255 255 255 255 255 255 255 255 122 000 000 000 138 255 255 255 255 255 255 255 255 255 255 255 178 000 000 000 000 028 211 255 255 255 255 255 255 255 255 255 255 255 255 255 255 255 255 
255 255 255 255 255 255 255 255 255 255 151 096 131 184 240 255 255 255 255 255 255 255 255 255 255 255 255 255 255 255 255 255 255 130 037 037 037 142 255 255 255 255 255 255 255 255 255 255 255 250 007 038 094 161 237 255 255 255 255 255 255 255 255 255 255 255 255 255 255 255 255 255 
255 255 255 255 255 255 255 255 255 255 255 255 255 255 255 255 255 255 255 255 255 255 255 255 255 255 255 255 255 255 255 255 255 255 255 255 255 255 255 255 255 255 255 255 255 255 255 255 255 255 251 255 255 255 255 255 255 255 255 255 255 255 255 255 255 255 255 255 255 255 255 255 
255 255 255 255 255 255 255 255 255 255 255 255 255 255 255 255 255 255 255 255 255 255 255 255 255 255 255 255 255 255 255 255 255 255 255 255 255 255 255 255 255 255 255 255 255 255 255 255 255 255 255 255 255 255 255 255 255 255 255 255 255 255 255 255 255 255 255 255 255 255 255 255 
255 255 255 255 255 255 255 255 255 255 255 255 255 255 255 255 255 255 255 255 255 255 255 255 255 255 255 255 255 255 255 255 255 255 255 255 255 255 255 255 255 255 255 255 255 255 255 255 255 255 255 255 255 255 255 255 255 255 255 255 255 255 255 255 255 255 255 255 255 255 255 255 
255 255 255 255 255 255 255 255 255 255 255 255 255 255 255 255 255 255 255 255 255 255 255 255 255 255 255 255 255 255 255 255 255 255 255 255 255 255 255 255 255 255 255 255 255 255 255 255 255 255 255 255 255 255 255 255 255 255 255 255 255 255 255 255 255 255 255 255 255 255 255 255 
255 255 255 255 255 255 255 255 255 255 255 255 255 255 255 255 255 255 255 255 255 255 255 255 255 255 255 255 255 255 255 255 255 255 255 255 255 255 255 255 255 255 255 255 255 255 255 255 255 255 255 255 255 255 255 255 255 255 255 255 255 255 255 255 255 255 255 255 255 255 255 255 
255 255 255 255 255 255 255 255 255 255 255 255 255 255 255 255 255 255 255 255 255 255 255 255 255 255 255 255 255 255 255 255 255 255 255 255 255 255 255 255 255 255 255 255 255 255 255 255 255 255 255 255 255 255 255 255 255 255 255 255 255 255 255 255 255 255 255 255 255 255 255 255 
255 255 255 255 255 255 255 255 255 255 255 255 255 255 255 255 255 255 255 255 255 255 255 255 255 255 255 255 255 255 255 255 255 255 255 255 255 255 255 255 255 255 255 255 255 255 255 255 255 255 255 255 255 255 255 255 255 255 255 255 255 255 255 255 255 255 255 255 255 255 255 255 
255 255 255 255 255 255 255 255 255 255 255 255 255 255 255 255 255 255 255 255 255 255 255 255 255 255 255 255 255 255 255 255 255 255 255 255 255 255 255 255 255 255 255 255 255 255 255 255 255 255 255 255 255 255 255 255 255 255 255 255 255 255 255 255 255 255 255 255 255 255 255 255 
255 255 255 255 255 255 255 255 255 255 255 255 255 255 255 255 255 255 255 255 255 255 255 255 255 255 255 255 255 255 255 255 255 255 255 255 255 255 255 255 255 255 255 255 255 255 255 255 255 255 255 255 255 255 255 255 255 255 255 255 255 255 255 255 255 255 255 255 255 255 255 255 
255 255 255 255 255 255 255 255 255 255 255 255 255 255 255 255 255 255 255 255 255 255 255 255 255 255 255 255 255 255 255 255 255 255 255 255 255 255 255 255 255 255 255 255 255 255 255 255 255 255 255 255 255 255 255 255 255 255 255 255 255 255 255 255 255 255 255 255 255 255 255 255 
255 255 255 255 255 255 255 255 255 255 255 255 255 255 255 255 255 255 255 255 255 255 255 255 255 255 255 255 255 255 255 255 255 255 255 255 255 255 255 255 255 255 255 255 255 255 255 255 255 255 255 255 255 255 255 255 255 255 255 255 255 255 255 255 255 255 255 255 255 255 255 255 
255 255 255 255 255 255 255 255 255 255 255 255 255 255 255 255 255 255 255 255 255 255 255 255 255 255 255 255 255 255 255 255 255 255 255 255 255 255 255 255 255 255 255 255 255 255 255 255 255 255 255 255 255 255 255 255 255 255 255 255 255 255 255 255 255 255 255 255 255 255 255 255 
255 255 255 255 255 255 255 255 255 255 255 255 255 255 255 255 255 255 255 255 255 255 255 255 255 255 255 255 255 255 255 255 255 255 255 255 255 255 255 255 255 255 255 255 255 255 255 255 255 255 255 255 255 255 255 255 255 255 255 255 255 255 255 255 255 255 255 255 255 255 255 255 
255 255 255 255 255 255 255 255 255 255 255 255 255 255 255 255 255 255 255 255 255 255 255 255 255 255 255 255 255 255 255 255 255 255 255 255 255 255 255 255 255 255 255 255 255 255 255 255 255 255 255 255 255 255 255 255 255 255 255 255 255 255 255 255 255 255 255 255 255 255 255 255 
255 255 255 255 255 255 255 255 255 255 255 255 255 255 255 255 255 255 255 255 255 255 255 255 255 255 255 255 255 255 255 255 255 255 255 255 255 255 255 255 255 255 255 255 255 255 255 255 255 255 255 255 255 255 255 255 255 255 255 255 255 255 255 255 255 255 255 255 255 255 255 255 
255 255 255 255 255 255 255 255 255 255 255 255 255 255 255 255 255 255 255 255 255 255 255 255 255 255 255 255 255 255 255 255 255 255 255 255 255 255 255 255 255 255 255 255 255 255 255 255 255 255 255 255 255 255 255 255 255 255 255 255 255 255 255 255 255 255 255 255 255 255 255 255 
255 255 255 255 255 255 255 255 255 255 255 255 255 255 255 255 255 255 255 255 255 255 255 255 255 255 255 255 255 255 255 255 255 255 255 255 255 255 255 255 255 255 255 255 255 255 255 255 255 255 255 255 255 255 255 255 255 255 255 255 255 255 255 255 255 255 255 255 255 255 255 255 
255 255 255 255 255 255 255 255 255 255 255 255 255 255 255 255 255 255 255 255 255 255 255 255 255 255 255 255 255 255 255 255 255 255 255 255 255 255 255 255 255 255 255 255 255 255 255 255 255 255 255 255 255 255 255 255 255 255 255 255 255 255 255 255 255 255 255 255 255 255 255 255 
255 255 255 255 255 255 255 255 255 255 255 255 255 255 255 255 255 255 255 255 255 255 255 255 255 255 255 255 255 255 255 255 255 255 255 255 255 255 255 255 255 255 255 255 255 255 255 255 255 255 255 255 255 255 255 255 255 255 255 255 255 255 255 255 255 255 255 255 255 255 255 255 
255 255 255 255 255 255 255 255 255 255 255 255 255 255 255 255 255 255 255 255 255 255 255 255 255 255 255 255 255 255 255 255 255 255 255 255 255 255 255 255 255 255 255 255 255 255 255 255 255 255 255 255 255 255 255 255 255 255 255 255 255 255 255 255 255 255 255 255 255 255 255 255 
255 255 255 255 255 255 255 255 255 255 255 255 255 255 255 255 255 255 255 255 255 255 255 255 255 255 255 255 255 255 255 255 255 255 255 255 255 255 255 255 255 255 255 255 255 255 255 255 255 255 255 255 255 255 255 255 255 255 255 255 255 255 255 255 255 255 255 255 255 255 255 255 
255 255 255 255 255 255 255 255 255 255 255 255 255 255 255 255 255 255 255 255 255 255 255 255 255 255 255 255 255 255 255 255 255 255 255 255 255 255 255 255 255 255 255 255 255 255 255 255 255 255 255 255 255 255 255 255 255 255 255 255 255 255 255 255 255 255 255 255 255 255 255 255 
255 255 255 255 255 255 255 255 255 255 255 255 255 255 255 255 255 255 255 255 255 255 255 255 255 255 255 255 255 255 255 255 255 255 255 255 255 255 255 255 255 255 255 255 255 255 255 255 255 255 255 255 255 255 255 255 255 255 255 255 255 255 255 255 255 255 255 255 255 255 255 255 
255 255 255 255 255 255 255 255 255 255 255 255 255 255 255 255 255 255 255 255 255 255 255 255 255 255 255 255 255 255 255 255 255 255 255 255 255 255 255 255 255 255 255 255 255 255 255 255 255 255 255 255 255 255 255 255 255 255 255 255 255 255 255 255 255 255 255 255 255 255 255 255 
255 255 255 255 255 255 255 255 255 255 255 255 255 255 255 255 255 255 255 255 255 255 255 255 255 255 255 255 255 255 255 255 255 255 255 255 255 255 255 255 255 255 255 255 255 255 255 255 255 255 255 255 255 255 255 255 255 255 255 255 255 255 255 255 255 255 255 255 255 255 255 255 
255 255 255 255 255 255 255 255 255 255 255 255 255 255 255 255 255 255 255 255 255 255 255 255 255 255 255 255 255 255 255 255 255 255 255 255 255 255 255 255 255 255 255 255 255 255 255 255 255 255 255 255 255 255 255 255 255 255 255 255 255 255 255 255 255 255 255 255 255 255 255 255 
255 255 255 255 255 255 255 255 255 255 255 255 255 255 255 255 255 255 255 255 255 255 255 255 255 255 255 255 255 255 255 255 255 255 255 255 255 255 255 255 255 255 255 255 255 255 255 255 255 255 255 255 255 255 255 255 255 255 255 255 255 255 255 255 255 255 255 255 255 255 255 255 
255 255 255 255 255 255 255 255 255 255 255 255 255 255 255 255 255 255 255 255 255 255 255 255 255 255 255 255 255 255 255 255 255 255 255 255 255 255 255 255 255 255 255 255 255 255 255 255 255 255 255 255 255 255 255 255 255 255 255 255 255 255 255 255 255 255 255 255 255 255 255 255 
255 255 255 255 255 255 255 255 255 255 255 255 255 255 255 255 255 255 255 255 255 255 255 255 255 255 255 255 255 255 255 255 255 255 255 255 255 255 255 255 255 255 255 255 255 125 090 121 128 129 159 255 255 255 255 255 255 255 255 255 255 255 255 255 255 255 255 255 255 255 255 255 
255 255 255 255 255 255 255 255 255 255 255 255 255 255 255 255 255 255 255 255 255 255 255 255 255 255 255 255 255 255 255 255 255 255 255 255 255 255 255 255 255 255 255 255 255 118 000 000 000 000 118 255 255 255 255 255 255 255 255 255 255 255 255 255 255 255 255 255 255 255 255 255 
255 255 255 255 255 255 255 255 255 255 255 255 255 255 255 255 255 255 255 255 255 255 255 255 255 255 255 255 255 255 255 255 255 255 255 255 255 255 255 255 255 255 255 255 255 137 000 000 000 061 255 255 255 255 255 255 255 255 255 255 255 255 255 255 255 255 255 255 255 255 255 255 
255 255 255 255 255 255 255 255 255 255 255 255 255 255 255 255 255 255 255 255 255 255 255 255 255 255 255 255 255 255 255 255 255 255 255 255 255 255 255 255 255 255 255 255 255 155 000 000 000 097 255 255 255 255 255 255 255 255 255 255 255 255 255 255 255 255 255 255 255 255 255 255 
255 255 255 255 255 255 255 255 255 255 255 255 255 255 255 255 255 255 255 255 255 255 255 255 255 255 255 255 255 255 255 255 255 255 255 255 255 255 255 255 255 255 255 255 255 172 000 000 000 097 255 255 255 255 255 255 255 255 255 255 255 255 255 255 255 255 255 255 255 255 255 255 
255 255 255 255 255 255 255 255 255 255 255 255 255 255 255 255 255 255 255 255 255 255 255 255 255 255 255 255 255 255 255 255 255 255 255 255 255 255 255 255 255 255 255 255 255 188 000 000 000 097 255 255 255 255 255 255 255 255 255 255 255 255 255 255 255 255 255 255 255 255 255 255 
255 255 255 255 255 255 255 255 255 255 255 255 255 255 255 255 255 255 255 255 255 255 255 255 255 255 255 255 255 255 255 255 255 255 255 255 255 255 255 255 255 255 255 255 255 191 000 000 000 097 255 255 255 255 255 255 255 255 255 255 255 255 255 255 255 255 255 255 255 255 255 255 
255 255 255 255 255 255 255 255 255 255 255 255 255 255 255 255 255 255 255 255 255 255 255 255 255 255 255 255 255 255 255 255 255 255 255 255 255 255 255 255 255 255 255 255 255 193 000 000 000 097 255 255 255 255 255 255 255 255 255 255 222 238 255 255 255 255 255 255 255 255 255 255 
255 255 255 255 255 255 255 255 255 255 255 255 255 255 255 255 255 255 255 255 255 255 255 255 255 255 255 255 255 255 255 255 255 255 255 255 255 255 255 255 255 255 255 255 255 196 000 000 000 067 255 255 255 255 255 255 255 255 255 249 050 059 246 255 255 255 255 255 255 255 255 255 
255 255 255 255 255 255 255 255 255 255 255 255 255 255 255 255 255 255 255 255 255 255 255 255 255 255 255 255 255 255 255 255 255 255 255 255 255 255 255 255 255 255 255 255 255 196 000 000 000 007 245 255 255 255 255 255 255 255 255 111 000 000 076 248 255 255 255 255 255 255 255 255 
255 255 255 255 255 255 255 255 255 255 255 255 255 255 255 255 255 255 255 255 255 255 255 255 255 255 255 255 255 255 255 255 255 255 255 255 255 255 255 255 255 255 255 255 255 196 000 000 000 000 176 255 255 255 255 255 255 255 157 000 000 000 000 057 231 255 255 255 255 255 255 255 
255 255 255 255 255 255 255 255 255 255 255 255 255 255 255 255 255 255 255 255 255 255 255 255 255 255 255 255 255 119 087 112 125 127 130 132 134 132 130 127 124 106 085 110 255 196 000 000 000 000 086 255 255 255 255 255 255 181 004 000 000 000 000 000 028 231 255 255 255 255 255 255 
255 255 255 255 255 255 255 255 255 255 255 255 255 255 255 255 255 255 255 255 255 255 255 255 255 255 255 255 255 070 000 000 000 000 000 000 000 000 000 000 000 000 000 100 255 196 000 000 000 000 009 241 255 255 255 255 201 010 000 000 000 000 075 188 243 255 255 255 255 255 255 255 
255 255 255 255 255 255 255 255 255 255 255 255 255 255 255 255 255 255 255 255 255 255 255 255 255 255 255 255 255 070 000 000 000 000 000 000 000 000 000 000 000 000 000 147 255 196 000 000 000 000 000 159 255 255 255 219 021 000 000 000 011 164 255 255 255 255 255 255 255 255 255 255 
255 255 255 255 255 255 255 255 255 255 255 255 255 255 255 255 255 255 255 255 255 255 255 255 255 255 255 255 255 070 000 000 002 017 033 048 052 054 056 025 000 000 000 194 255 196 000 000 000 000 000 067 255 255 231 035 000 000 000 039 212 255 255 255 255 255 255 255 255 255 255 255 
255 255 255 255 255 255 255 255 255 255 255 255 255 255 255 255 255 255 255 255 255 255 255 255 255 255 255 255 255 203 218 240 254 255 255 255 255 255 255 073 000 000 001 240 255 196 000 000 000 000 000 001 215 219 034 000 000 000 080 242 255 255 255 255 255 255 255 255 255 255 255 255 
255 255 255 255 255 255 255 255 255 255 255 255 255 255 255 255 255 255 255 255 255 255 255 255 255 255 255 255 255 255 255 255 255 255 255 255 255 255 252 014 000 000 057 255 255 196 000 000 000 017 000 000 072 022 000 000 000 116 253 255 255 255 255 255 255 255 255 255 255 255 255 255 
255 255 255 255 255 255 255 255 255 255 255 255 255 255 255 255 255 255 255 255 255 255 255 255 255 255 255 255 255 255 255 255 255 255 255 255 255 255 204 000 000 000 137 255 255 196 000 000 000 088 014 000 000 000 000 003 151 255 255 255 255 255 255 255 255 255 255 255 255 255 255 255 
255 255 255 255 255 255 255 255 255 255 255 255 255 255 255 255 255 255 255 255 255 255 255 255 255 255 255 255 255 255 255 255 255 255 255 255 255 255 127 000 000 000 218 255 255 196 000 000 000 097 098 000 000 000 013 183 255 255 255 255 255 255 255 255 255 255 255 255 255 255 255 255 
255 255 255 255 255 255 255 255 255 255 255 255 255 255 255 255 255 255 255 255 255 255 255 255 255 255 255 255 255 255 255 255 255 255 255 255 255 252 028 000 000 043 255 255 255 196 000 000 000 097 195 000 000 000 168 255 255 255 255 255 255 255 255 255 255 255 255 255 255 255 255 255 
255 255 255 255 255 255 255 255 255 255 255 255 255 255 255 255 255 255 255 255 255 255 255 255 255 255 255 255 255 255 255 255 255 255 255 255 255 178 000 000 000 123 255 255 255 196 000 000 000 097 255 065 000 000 053 252 255 255 255 255 255 255 255 255 255 255 255 255 255 255 255 255 
255 255 255 255 255 255 255 255 255 255 255 255 255 255 255 255 255 255 255 255 255 255 255 255 255 255 255 255 255 255 255 255 255 255 255 255 255 076 000 000 000 204 255 255 255 196 000 000 000 097 255 198 000 000 000 128 255 255 255 255 255 255 255 255 255 255 255 255 255 255 255 255 
255 255 255 255 255 255 255 255 255 255 255 255 255 255 255 255 255 255 255 255 255 255 255 255 255 255 255 255 255 255 255 255 255 255 255 255 227 003 000 000 029 255 255 255 255 196 000 000 000 097 255 255 075 000 000 001 170 255 255 255 255 255 255 255 255 255 255 255 255 255 255 255 
255 255 255 255 255 255 255 255 255 255 255 255 255 255 255 255 255 255 255 255 255 255 255 255 255 255 255 255 255 255 255 255 255 255 255 255 117 000 000 000 144 255 255 255 255 196 000 000 000 097 255 255 206 001 000 000 009 201 255 255 255 255 255 255 255 255 255 255 255 255 255 255 
255 255 255 255 255 255 255 255 255 255 255 255 255 255 255 255 255 255 255 255 255 255 255 255 255 255 255 255 255 255 255 255 255 255 255 195 003 000 000 039 250 255 255 255 255 196 000 000 000 097 255 255 255 084 000 000 000 024 219 255 255 255 255 255 255 255 255 255 255 255 255 255 
255 255 255 255 255 255 255 255 255 255 255 255 255 255 255 255 255 255 255 255 255 255 255 255 255 255 255 255 255 255 255 255 255 255 240 031 000 000 000 179 255 255 255 255 255 196 000 000 000 097 255 255 255 226 020 000 000 000 018 192 255 255 255 255 255 255 255 255 255 255 255 255 
255 255 255 255 255 255 255 255 255 255 255 255 255 255 255 255 255 255 255 255 255 255 255 255 255 255 255 255 255 255 255 255 255 255 089 000 000 000 068 255 255 255 255 255 255 196 000 000 000 097 255 255 255 255 185 002 000 000 000 005 156 255 255 255 255 255 255 255 255 255 255 255 
255 255 255 255 255 255 255 255 255 255 255 255 255 255 255 255 255 255 255 255 255 255 255 255 255 255 255 255 255 255 255 255 255 142 000 000 000 003 210 255 255 255 255 255 255 196 000 000 000 097 255 255 255 255 255 129 000 000 000 000 000 098 233 255 255 255 255 255 255 255 255 255 
255 255 255 255 255 255 255 255 255 255 255 255 255 255 255 255 255 255 255 255 255 255 255 255 255 255 255 255 255 255 255 250 103 000 000 000 000 119 255 255 255 255 255 255 255 196 000 000 000 097 255 255 255 255 255 254 074 000 000 000 000 000 014 138 249 255 255 255 255 255 255 255 
255 255 255 255 255 255 255 255 255 255 255 255 255 255 255 255 255 255 255 255 255 255 255 255 255 255 255 255 255 255 234 062 000 000 000 000 101 255 255 255 255 255 255 255 255 196 000 000 000 097 255 255 255 255 255 255 237 041 000 000 000 000 000 000 036 150 241 255 255 255 255 255 
255 255 255 255 255 255 255 255 255 255 255 255 255 255 255 255 255 255 255 255 255 255 255 255 255 255 255 255 255 188 031 000 000 000 000 091 253 255 255 255 255 255 255 255 255 196 000 000 000 097 255 255 255 255 255 255 255 239 065 000 000 000 000 000 000 000 122 255 255 255 255 255 
255 255 255 255 255 255 255 255 255 255 255 255 255 255 255 255 255 255 255 255 255 255 255 255 255 255 255 245 082 000 000 000 000 000 081 251 255 255 255 255 255 255 255 255 255 196 000 000 000 097 255 255 255 255 255 255 255 255 250 094 000 000 000 000 000 127 255 255 255 255 255 255 
255 255 255 255 255 255 255 255 255 255 255 255 255 255 255 255 255 255 255 255 255 255 255 255 255 255 255 255 233 082 000 000 000 081 249 255 255 255 255 255 255 255 255 255 255 196 000 000 000 097 255 255 255 255 255 255 255 255 255 255 127 000 000 000 091 255 255 255 255 255 255 255 
255 255 255 255 255 255 255 255 255 255 255 255 255 255 255 255 255 255 255 255 255 255 255 255 255 255 255 255 255 255 133 008 147 255 255 255 255 255 255 255 255 255 255 255 255 196 000 000 000 097 255 255 255 255 255 255 255 255 255 255 255 186 038 038 248 255 255 255 255 255 255 255 
255 255 255 255 255 255 255 255 255 255 255 255 255 255 255 255 255 255 255 255 255 255 255 255 255 255 255 255 255 255 255 225 255 255 255 255 255 255 255 255 255 255 255 255 255 194 000 000 000 097 255 255 255 255 255 255 255 255 255 255 255 255 249 214 255 255 255 255 255 255 255 255 
255 255 255 255 255 255 255 255 255 255 255 255 255 255 255 255 255 255 255 255 255 255 255 255 255 255 255 255 255 255 255 255 255 255 255 255 255 255 255 255 250 255 255 255 214 085 000 000 000 097 255 255 255 255 255 255 255 255 255 255 255 255 255 255 255 255 255 255 255 255 255 255 
255 255 255 255 255 255 255 255 255 255 255 255 255 255 255 255 255 255 255 255 255 255 255 255 255 255 255 255 255 255 255 255 255 255 255 255 255 255 255 255 190 007 019 018 000 000 000 000 000 101 255 255 255 255 255 255 255 255 255 255 255 255 255 255 255 255 255 255 255 255 255 255 
