255 255 255 255 255 255 255 255 255 255 255 255 255 255 255 255 255 255 255 255 255 255 255 255 255 255 255 255 255 255 255 255 255 255 255 255 255 255 255 255 255 255 255 255 255 255 255 255 255 255 255 255 255 255 255 255 255 255 255 255 255 255 255 255 255 255 255 255 255 255 255 255 
255 255 255 255 255 255 255 255 255 255 255 255 255 255 255 255 255 255 255 255 255 255 255 255 255 255 255 255 255 255 255 255 255 255 255 255 255 255 255 255 255 255 255 255 255 255 255 255 255 255 255 255 255 255 255 255 255 255 255 255 255 255 143 202 255 255 255 255 255 255 255 201 
255 255 255 255 255 255 255 255 255 255 255 255 255 255 255 255 255 255 255 255 255 255 255 255 255 255 255 255 255 255 255 255 255 255 255 255 255 255 255 255 255 255 255 255 255 255 255 255 255 255 255 255 255 255 255 255 255 255 255 255 255 238 006 000 063 145 210 255 255 255 255 226 
255 255 255 255 255 255 255 255 255 255 255 255 255 255 255 255 255 255 255 255 255 255 255 255 255 255 255 255 255 255 255 255 255 255 255 255 255 255 255 255 255 255 255 255 255 255 255 255 255 255 255 255 255 255 255 255 255 255 255 255 255 139 000 000 000 000 013 199 255 255 255 255 
255 255 255 255 255 255 255 255 255 255 225 235 251 255 255 255 255 255 255 255 255 255 255 255 255 255 255 255 255 255 255 255 255 255 255 255 255 255 243 227 240 255 255 255 255 255 255 255 255 255 255 255 255 255 255 255 255 255 255 255 250 028 000 000 000 053 239 255 255 255 255 255 
255 255 255 255 255 255 255 255 255 255 030 000 000 010 026 042 053 054 056 058 060 062 063 065 067 069 066 064 063 061 059 057 055 053 050 035 019 004 000 000 155 255 255 255 255 255 255 255 255 255 255 255 255 255 255 255 255 255 255 255 162 000 000 000 013 233 255 255 255 255 255 255 
255 255 255 255 255 255 255 255 255 255 030 000 000 000 000 000 000 000 000 000 000 000 000 000 000 000 000 000 000 000 000 000 000 000 000 000 000 000 000 000 155 255 255 255 255 255 255 255 255 255 255 255 255 255 255 255 255 255 255 253 045 000 000 000 119 255 255 255 255 255 255 255 
255 255 255 255 255 255 255 255 255 255 030 000 000 000 000 000 000 000 000 000 000 000 000 000 000 000 000 000 000 000 000 000 000 000 000 000 000 000 000 000 155 255 255 255 255 255 255 255 255 255 255 255 255 255 255 255 255 255 255 159 000 000 000 011 235 255 255 255 255 255 255 255 
255 255 255 255 255 255 255 255 255 255 030 000 000 001 015 031 041 043 045 047 049 051 052 054 056 057 055 053 052 050 048 046 044 042 038 024 008 000 000 000 155 255 255 255 255 255 255 255 255 255 255 255 255 255 255 255 255 255 243 027 000 000 000 125 255 255 255 255 255 255 255 255 
255 255 255 255 255 255 255 255 255 255 215 224 240 254 255 255 255 255 255 255 255 255 255 255 255 255 255 255 255 255 255 255 255 255 255 255 255 248 232 216 236 255 255 255 255 255 255 255 255 255 255 255 255 255 255 255 255 255 114 000 000 000 037 247 255 255 255 255 255 255 255 255 
255 255 255 255 255 255 255 255 255 255 255 255 255 255 255 255 255 255 255 255 255 255 255 255 255 255 255 255 255 255 255 255 255 255 255 255 255 255 255 255 255 255 255 255 255 255 255 255 255 255 255 255 255 255 255 255 255 209 004 000 000 000 189 255 255 255 255 255 255 255 255 255 
255 255 255 255 255 255 255 255 255 255 255 255 255 255 255 255 255 255 255 255 255 255 255 255 255 255 255 255 255 255 255 255 255 255 255 255 255 255 255 255 255 255 255 255 255 255 255 255 255 255 255 255 255 255 255 255 247 052 000 000 000 093 255 255 255 255 255 255 255 255 255 255 
255 255 255 255 255 255 255 255 255 255 255 255 255 255 255 255 255 255 255 255 255 255 255 255 255 255 255 255 255 255 255 255 255 255 255 255 255 255 255 255 255 255 255 255 255 255 255 255 255 255 255 255 255 255 255 255 089 000 000 000 023 234 255 255 255 255 255 255 255 255 255 255 
255 255 255 255 255 255 255 255 255 255 255 255 255 255 255 255 255 255 255 255 255 255 255 255 255 255 255 255 255 255 255 255 255 255 255 255 255 255 255 255 255 255 255 255 255 255 255 255 255 255 255 255 255 255 255 130 000 000 000 002 188 255 255 255 255 255 255 255 255 255 255 255 
255 255 255 255 255 255 255 255 255 255 255 255 255 255 255 255 255 255 255 255 255 255 255 255 255 255 255 255 255 255 255 255 255 255 255 255 255 255 255 255 255 255 255 255 255 255 255 255 255 255 255 255 255 255 170 001 000 000 000 125 255 255 255 255 255 255 255 255 255 255 255 255 
255 255 255 255 255 255 255 255 255 255 255 255 255 255 255 255 255 255 255 255 255 255 255 255 255 255 255 255 255 255 255 255 255 255 255 255 255 255 255 255 255 255 255 255 255 255 255 255 255 255 255 255 255 201 009 000 000 000 065 253 255 255 255 255 255 255 255 255 255 255 255 255 
255 255 255 255 255 255 255 255 255 255 255 255 255 255 255 255 255 255 255 255 255 255 255 255 255 255 255 255 255 255 255 255 255 255 255 255 255 255 255 255 255 255 255 255 255 255 255 255 255 255 255 255 188 013 000 000 000 023 230 255 255 255 255 255 255 255 255 255 255 255 255 255 
255 255 255 255 255 255 255 255 255 255 255 255 223 184 203 223 242 255 255 255 255 255 255 255 255 255 255 255 255 255 255 255 255 246 226 206 187 210 255 255 255 255 255 255 255 255 255 255 255 255 255 170 006 000 000 000 010 175 212 236 255 255 255 255 255 255 255 255 255 255 255 255 
255 255 255 255 255 255 255 255 255 255 255 255 156 000 000 000 000 004 008 010 012 015 017 019 021 022 019 017 015 013 010 008 006 000 000 000 000 115 255 255 255 255 255 255 255 255 255 255 255 254 138 002 000 000 000 002 176 148 000 000 004 009 011 014 017 020 023 022 021 019 018 017 
255 255 255 255 255 255 255 255 255 255 255 255 156 000 000 000 000 000 000 000 000 000 000 000 000 000 000 000 000 000 000 000 000 000 000 000 000 115 255 255 255 255 255 255 255 255 255 255 255 096 000 000 000 000 000 147 255 148 000 000 000 000 000 000 000 000 000 000 000 000 000 000 
255 255 255 255 255 255 255 255 255 255 255 255 156 000 000 000 000 000 000 000 000 000 000 000 000 000 000 000 000 000 000 000 000 000 000 000 000 115 255 255 255 255 255 255 255 255 255 255 255 235 078 000 000 000 115 255 255 148 000 000 000 000 000 000 000 000 000 000 000 000 000 000 
255 255 255 255 255 255 255 255 255 255 255 255 156 009 028 048 067 085 089 091 093 096 098 100 102 103 100 098 096 094 091 089 086 070 051 031 012 116 255 255 255 255 255 255 255 255 255 255 255 255 255 099 000 106 254 255 255 171 075 105 121 123 124 052 000 000 000 119 125 125 125 125 
255 255 255 255 255 255 255 255 255 255 255 255 254 255 255 255 255 255 255 255 255 255 255 255 255 255 255 255 255 255 255 255 255 255 255 255 255 254 255 255 255 255 255 255 255 255 255 255 255 255 255 252 158 255 255 255 255 255 255 255 255 255 255 086 000 000 007 255 255 255 255 255 
255 255 255 255 255 255 255 255 255 255 255 255 255 255 255 255 255 255 255 255 255 255 255 255 255 255 255 255 255 255 255 255 255 255 255 255 255 255 255 255 255 255 255 255 255 255 255 255 255 255 255 255 255 255 255 255 255 255 255 255 255 255 255 059 000 000 032 255 255 255 255 255 
255 255 255 255 255 255 255 255 255 255 255 255 255 255 255 255 255 255 255 255 255 255 255 255 255 255 255 255 255 255 255 255 255 255 255 255 255 255 255 255 255 255 255 255 255 255 255 255 255 255 255 255 255 255 255 255 255 255 255 255 255 255 250 017 000 000 063 255 255 255 255 255 
255 255 255 255 255 255 255 255 255 255 255 255 255 255 255 255 255 255 255 255 255 255 255 255 255 255 255 255 255 255 255 255 255 255 255 255 255 255 255 255 255 255 255 255 255 255 255 255 255 255 255 255 255 255 255 255 255 255 255 255 255 255 183 000 000 000 127 255 255 255 255 255 
255 255 255 255 255 255 255 255 255 255 255 255 255 255 255 255 255 255 255 255 255 255 255 255 255 255 255 255 255 255 255 255 255 255 255 255 255 255 255 255 255 255 255 255 255 255 255 255 255 255 255 255 255 255 255 255 255 255 255 255 255 255 098 000 000 000 196 255 255 255 255 255 
255 255 255 255 255 255 255 255 255 255 255 255 255 255 255 255 255 255 255 255 255 255 255 255 255 255 255 255 255 255 255 255 255 255 255 255 255 255 255 255 255 255 255 255 255 255 255 255 255 255 255 255 255 255 255 255 255 255 255 255 255 251 018 000 000 014 251 255 255 255 255 255 
255 255 255 255 255 255 255 255 255 255 255 255 255 255 255 255 255 255 255 255 255 255 255 255 255 255 255 255 255 255 255 255 255 255 255 255 255 255 255 255 255 255 255 255 255 255 255 255 255 255 255 255 255 255 255 255 255 255 255 255 255 174 000 000 000 082 255 255 255 255 255 255 
255 255 255 255 255 255 255 255 255 255 255 255 255 255 255 255 255 255 255 255 255 255 255 255 255 255 255 255 255 255 255 255 255 255 255 255 255 255 255 255 255 255 255 255 255 255 255 255 255 255 255 255 255 255 255 255 255 255 255 255 248 035 000 000 000 189 255 255 255 255 255 255 
255 255 255 255 255 255 255 255 255 255 255 255 255 255 255 255 255 255 255 255 255 255 255 255 255 255 255 255 255 255 255 255 255 255 255 255 255 255 255 255 255 255 255 255 255 255 255 255 255 255 255 255 255 255 255 255 255 255 255 255 128 000 000 000 047 255 255 255 255 255 255 255 
255 255 255 255 255 255 255 242 254 255 255 255 255 255 255 255 255 255 255 255 255 255 255 255 255 255 255 255 255 255 255 255 255 255 255 255 255 255 255 255 255 255 250 245 255 255 255 255 255 255 255 255 255 255 255 255 255 255 255 185 004 000 000 000 188 255 255 255 255 255 255 255 
255 255 255 255 255 255 247 000 001 012 025 038 052 065 075 076 077 079 080 082 083 085 086 088 090 091 089 087 086 084 083 081 080 078 077 075 072 060 046 033 020 007 000 094 255 255 255 255 255 255 255 255 255 255 255 255 255 255 192 009 000 000 000 106 255 255 255 255 255 255 255 255 
255 255 255 255 255 255 247 000 000 000 000 000 000 000 000 000 000 000 000 000 000 000 000 000 000 000 000 000 000 000 000 000 000 000 000 000 000 000 000 000 000 000 000 094 255 255 255 255 255 255 255 255 255 255 255 255 255 161 010 000 000 000 042 246 255 255 255 255 255 255 255 255 
255 255 255 255 255 255 247 000 000 000 000 000 000 000 000 000 000 000 000 000 000 000 000 000 000 000 000 000 000 000 000 000 000 000 000 000 000 000 000 000 000 000 000 094 255 255 255 255 255 255 255 255 255 255 255 246 100 000 000 000 000 012 208 255 255 255 255 255 255 255 255 255 
255 255 255 255 255 255 247 000 000 000 000 000 000 010 019 021 022 024 025 027 028 030 031 033 035 035 034 032 031 029 028 026 025 023 022 020 017 005 000 000 000 000 000 094 255 255 255 255 255 255 255 255 255 255 166 030 000 000 000 000 018 201 255 255 255 255 255 255 255 226 184 196 
255 255 255 255 255 255 253 187 200 213 226 240 252 255 255 255 255 255 255 255 255 255 255 255 255 255 255 255 255 255 255 255 255 255 255 255 255 255 247 234 221 208 195 211 255 255 255 255 255 255 255 255 189 057 000 000 000 000 000 026 212 255 255 255 255 255 255 255 255 246 037 000 
255 255 255 255 255 255 255 255 255 255 255 255 255 255 255 255 255 255 255 255 255 255 255 255 255 255 255 255 255 255 255 255 255 255 255 255 255 255 255 255 255 255 255 255 255 255 255 255 255 255 255 166 016 000 000 000 000 000 035 223 255 255 255 255 255 255 255 255 255 255 154 000 
255 255 255 255 255 255 255 255 255 255 255 255 255 255 255 255 255 255 255 255 255 255 255 255 255 255 255 255 255 255 255 255 255 255 255 255 255 255 255 255 255 255 255 255 255 255 255 255 255 255 255 255 228 063 000 000 000 058 231 255 255 255 255 255 255 255 255 255 255 255 245 017 
255 255 255 255 255 255 255 255 255 255 255 255 255 255 255 255 255 255 255 255 255 255 255 255 255 255 255 255 255 255 255 255 255 255 255 255 255 255 255 255 255 255 255 255 255 255 255 255 255 255 255 255 255 253 110 018 155 254 255 255 255 255 255 255 255 255 255 255 255 255 255 093 
255 255 255 255 255 255 255 255 255 255 255 255 255 255 255 255 255 255 255 255 255 255 255 255 255 255 255 255 255 255 255 255 255 255 255 255 255 255 255 255 255 255 255 255 255 255 255 255 255 255 255 255 255 255 255 239 255 255 255 255 255 255 255 255 255 255 255 255 255 255 255 219 
255 255 255 255 255 255 255 255 255 255 255 255 255 255 255 255 255 255 255 255 255 255 255 255 255 255 255 255 255 255 255 255 255 255 255 255 255 255 255 255 255 255 255 255 255 255 255 255 255 255 255 255 255 255 255 255 255 255 255 255 255 255 255 255 255 255 255 255 255 255 255 255 
255 255 255 255 255 255 255 255 255 255 255 255 255 255 255 255 255 255 255 255 255 255 255 255 255 255 255 255 255 255 255 255 255 255 255 255 255 255 255 255 255 255 255 255 255 255 255 255 255 255 255 255 255 255 255 255 255 255 255 255 255 255 255 255 255 255 255 255 255 255 255 255 
255 255 255 255 255 255 255 255 255 255 255 255 255 255 255 255 255 255 255 255 255 255 255 255 255 255 255 255 255 255 255 255 255 255 255 255 255 255 255 255 255 255 255 255 255 255 255 255 255 255 255 255 255 255 255 255 255 255 255 255 255 255 255 255 255 255 255 255 255 255 255 255 
255 255 255 255 255 255 255 255 255 255 255 255 255 255 255 255 255 255 255 255 255 255 255 255 255 255 255 255 255 255 255 255 255 255 255 255 255 255 255 255 255 255 255 255 255 255 255 255 255 255 255 255 255 255 255 255 255 255 255 255 255 255 255 255 255 255 255 255 255 255 255 255 
255 255 255 255 255 255 255 255 255 255 255 255 255 255 255 255 255 255 255 255 255 255 255 255 255 255 255 255 255 255 255 255 255 255 255 255 255 255 255 255 255 255 255 255 255 255 255 255 255 255 255 255 255 255 255 255 255 255 255 255 255 255 255 255 255 255 255 255 255 255 255 255 
255 255 255 255 255 255 255 255 255 255 255 255 255 255 255 255 255 255 255 255 255 255 255 255 255 255 255 255 255 255 255 255 255 255 255 255 255 255 255 255 255 255 255 255 255 255 255 255 255 255 255 255 255 255 255 255 255 255 255 255 255 255 255 255 255 255 255 255 255 255 255 255 
255 255 255 255 255 255 255 255 255 255 255 255 255 255 255 255 255 255 255 255 255 255 255 255 255 255 255 255 255 255 255 255 255 255 255 255 255 255 255 255 255 255 255 255 255 255 255 255 255 255 255 255 255 255 255 255 255 255 255 255 255 255 255 255 255 255 255 255 255 255 255 255 
255 255 255 255 255 255 255 255 255 255 255 255 255 255 255 255 255 255 255 255 255 255 255 255 255 255 255 255 255 255 255 255 255 255 255 255 255 255 255 255 255 255 255 255 255 255 255 255 255 255 255 255 255 255 255 255 255 255 255 255 255 255 255 255 255 255 255 255 255 255 255 255 
255 255 255 255 255 255 255 255 255 255 255 255 255 255 255 255 255 255 255 255 255 255 255 255 255 255 255 255 255 255 255 255 255 255 255 255 255 255 255 255 255 255 255 255 255 255 255 255 255 255 255 255 255 255 255 255 255 255 255 255 255 255 255 255 255 255 255 255 255 255 255 255 
255 255 255 255 255 255 255 255 255 255 255 255 255 255 255 255 255 255 255 255 255 255 255 255 255 255 255 255 255 255 255 255 255 255 255 255 255 255 255 255 255 255 255 255 255 255 255 255 255 255 255 255 255 255 255 255 255 255 255 255 255 255 255 255 255 255 255 255 255 255 255 255 
255 255 255 255 255 255 255 255 255 255 255 255 255 255 255 255 255 255 255 255 255 255 255 255 255 255 255 255 255 255 255 255 255 255 255 255 255 255 255 255 255 255 255 255 255 255 255 255 255 255 255 255 255 255 255 255 255 255 255 255 255 255 255 255 255 255 255 255 255 255 255 255 
255 255 255 255 255 255 255 255 255 255 255 255 255 255 255 255 255 255 255 255 255 255 255 255 255 255 255 255 255 255 255 255 255 255 255 255 255 255 255 255 255 255 255 255 255 255 255 255 255 255 255 255 255 255 255 255 255 255 255 255 255 255 255 255 255 255 255 255 255 255 255 255 
255 255 255 255 255 255 255 255 255 255 255 255 255 255 255 255 255 255 255 255 255 255 255 255 255 255 255 255 255 255 255 255 255 255 255 255 255 255 255 255 255 255 255 255 255 255 255 255 255 255 255 255 255 255 255 255 255 255 255 255 255 255 255 255 255 255 255 255 255 255 255 255 
255 255 255 255 255 255 255 255 255 255 255 255 255 255 255 255 255 255 255 255 255 255 255 255 255 255 255 255 255 255 255 255 255 255 255 255 255 255 255 255 255 255 255 255 255 255 255 255 255 255 255 255 255 255 255 255 255 255 255 255 255 255 255 255 255 255 255 255 255 255 255 255 
255 255 255 255 255 255 255 255 255 255 255 255 255 255 255 255 255 255 255 255 255 255 255 255 255 255 255 255 255 255 255 255 255 255 255 255 255 255 255 255 255 255 255 255 255 255 255 255 255 255 255 255 255 255 255 255 255 255 255 255 255 255 255 255 255 255 255 255 255 255 255 255 
255 255 255 255 255 255 255 255 255 255 255 255 255 255 255 255 255 255 255 255 255 255 255 255 255 255 255 255 255 255 255 255 255 255 255 255 255 255 255 255 255 255 255 255 255 255 255 255 255 255 255 255 255 255 255 255 255 255 255 255 255 255 255 255 255 255 255 255 255 255 255 255 
255 255 255 255 255 255 255 255 255 255 255 255 255 255 255 255 255 255 255 255 255 255 255 255 255 255 255 255 255 255 255 255 255 255 255 255 255 255 255 255 255 255 255 255 255 255 255 255 255 255 255 255 255 255 255 255 255 255 255 255 255 255 255 255 255 255 255 255 255 255 255 255 
255 255 255 255 255 255 255 255 255 255 255 255 255 255 255 255 255 255 255 255 255 255 255 255 255 255 255 255 255 255 255 255 255 255 255 255 255 255 255 255 255 255 255 255 255 255 255 255 255 255 255 255 255 255 255 255 255 255 255 255 255 255 255 255 255 255 255 255 255 255 255 255 
255 255 255 255 255 255 255 255 255 255 255 255 255 255 255 255 255 255 255 255 255 255 255 255 255 255 255 255 255 255 255 255 255 255 255 255 255 255 255 255 255 255 255 255 255 255 255 255 255 255 255 255 255 255 255 255 255 255 255 255 255 255 255 255 255 255 255 255 255 255 255 255 
255 255 255 255 255 255 255 255 255 255 255 255 255 255 255 255 255 255 255 255 255 255 255 255 255 255 255 255 255 255 255 255 255 255 255 255 255 255 255 255 255 255 255 255 255 255 255 255 255 255 255 255 255 255 255 255 255 255 255 255 255 255 255 255 255 255 255 255 255 255 255 255 
255 255 255 255 255 255 255 255 255 255 255 255 255 255 255 255 255 255 255 255 255 255 255 255 255 255 255 255 255 255 255 255 255 255 255 255 255 255 255 255 255 255 255 255 255 255 255 255 255 255 255 255 255 255 255 255 255 255 255 255 255 255 255 255 255 255 255 255 255 255 255 255 
255 255 255 255 255 255 255 255 255 255 255 255 255 255 255 255 255 255 255 255 255 255 255 255 255 255 255 255 255 255 255 255 255 255 255 255 255 255 255 255 255 255 255 255 255 255 255 255 255 255 255 255 255 255 255 255 255 255 255 255 255 255 255 255 255 255 255 255 255 255 255 255 
255 255 255 255 255 255 255 255 255 255 255 255 255 255 255 255 255 255 255 255 255 255 255 255 255 255 255 255 255 255 255 255 255 255 255 255 255 255 255 255 255 255 255 255 255 255 255 255 255 255 255 255 255 255 255 255 255 255 255 255 255 255 255 255 255 255 255 255 255 255 255 255 
255 255 255 255 255 255 255 255 255 255 255 255 255 255 255 255 255 255 255 255 255 255 255 255 255 255 255 255 255 255 255 255 255 255 255 255 255 255 255 255 255 255 255 255 255 255 255 255 255 255 255 255 255 255 255 255 255 255 255 255 255 255 255 255 255 255 255 255 255 255 255 255 
255 255 255 255 255 255 255 255 255 255 255 255 255 255 255 255 255 255 255 255 255 255 255 255 255 255 255 255 255 255 255 255 255 255 255 255 255 255 255 255 255 255 255 255 255 255 255 255 255 255 255 255 255 255 255 255 255 255 255 255 255 255 255 255 255 255 255 255 255 255 255 255 
255 255 255 255 255 255 255 255 255 255 255 255 255 255 255 255 255 255 255 255 255 255 255 255 255 255 255 255 255 255 255 255 255 255 255 255 255 255 255 255 255 255 255 255 255 255 255 255 255 255 255 255 255 255 255 255 255 255 255 255 255 255 255 255 255 255 255 255 255 255 255 255 
255 255 255 255 255 255 255 255 255 255 255 255 255 255 255 255 255 255 255 255 255 255 255 255 255 255 255 255 255 255 255 255 255 255 255 255 255 255 255 255 255 255 255 255 255 255 255 255 255 255 255 255 255 255 255 255 255 255 255 255 255 255 255 255 255 255 255 255 255 255 255 255 
255 255 255 255 255 255 255 255 255 255 255 255 255 255 255 255 255 255 255 255 255 255 255 255 255 255 255 255 255 255 255 255 255 255 255 255 255 255 255 255 255 255 255 255 255 255 255 255 255 255 255 255 255 255 255 255 190 243 255 255 255 255 255 255 255 255 255 255 255 255 255 255 
255 255 255 255 255 255 255 255 255 255 255 255 255 255 255 255 255 255 255 255 255 255 255 255 255 255 255 255 255 255 255 255 255 255 255 255 255 255 255 255 255 255 255 255 255 255 255 255 255 255 255 255 255 255 255 255 059 022 139 221 255 255 255 255 255 255 255 255 255 255 255 255 
255 255 255 255 255 255 255 255 255 255 255 255 255 255 255 255 255 255 255 255 255 255 255 255 255 255 255 255 255 255 255 255 255 255 255 255 255 255 255 255 255 255 255 255 255 255 255 255 255 255 255 255 255 255 255 250 013 000 000 000 046 255 255 255 255 255 255 255 255 255 255 255 
255 255 255 255 255 255 199 171 187 203 219 235 239 240 241 243 244 245 246 247 249 250 251 252 254 253 253 253 252 252 251 251 251 250 249 243 237 230 224 218 212 205 195 170 255 255 255 255 255 255 255 255 255 255 255 193 000 000 000 000 155 255 255 253 102 109 117 125 127 127 128 129 
255 255 255 255 255 255 104 000 000 000 000 000 000 000 000 000 000 000 000 000 000 000 000 000 000 000 000 000 000 000 000 000 000 000 000 000 000 000 000 000 000 000 000 002 255 255 255 255 255 255 255 255 255 255 255 122 000 000 000 079 255 255 255 255 001 000 000 000 000 000 000 000 
255 255 255 255 255 255 104 000 000 000 000 000 000 000 000 000 000 000 000 000 000 000 000 000 000 000 000 000 000 000 000 000 000 000 000 000 000 000 000 000 000 000 000 002 255 255 255 255 255 255 255 255 255 255 255 051 000 000 000 202 255 255 255 255 005 000 000 000 000 000 000 000 
255 255 255 255 255 255 104 000 000 000 000 000 000 000 000 000 000 000 000 000 000 000 000 000 000 000 000 000 000 000 000 000 000 000 000 000 000 000 000 000 000 000 000 002 255 255 255 255 255 255 255 255 255 255 224 001 000 000 066 255 255 255 255 255 005 000 000 073 129 129 129 129 
255 255 255 255 255 255 197 168 183 198 214 225 228 232 236 239 243 246 250 027 000 000 125 251 251 251 251 251 105 000 000 035 250 247 244 241 238 235 232 228 225 211 187 164 255 255 255 255 255 255 255 255 255 255 129 000 000 000 186 255 255 255 255 255 005 000 000 144 255 255 255 255 
255 255 255 255 255 255 255 255 255 255 255 255 255 255 255 255 255 255 255 034 000 000 131 255 255 255 255 255 110 000 000 039 255 255 255 255 255 255 255 255 255 255 255 255 255 255 255 255 255 255 255 255 255 254 033 000 000 043 255 255 255 255 255 255 005 000 000 144 255 255 255 255 
255 255 255 255 255 255 255 255 255 255 255 255 255 255 255 255 255 255 255 041 000 000 134 255 255 255 255 255 114 000 000 042 255 255 255 255 255 255 255 255 255 255 255 255 255 255 255 255 255 255 255 255 255 183 000 000 000 070 255 255 255 255 255 255 005 000 000 124 219 219 219 219 
255 255 255 255 255 255 255 255 255 255 255 255 255 255 255 255 255 255 255 044 000 000 141 255 255 255 255 255 113 000 000 049 255 255 255 255 255 255 255 255 255 255 255 255 255 255 255 255 255 255 255 255 255 078 000 000 000 070 255 255 255 255 255 255 005 000 000 000 000 000 000 000 
255 255 255 255 255 255 255 255 255 255 255 255 255 255 255 255 255 255 255 035 000 000 152 255 255 255 255 255 105 000 000 060 255 255 255 255 255 255 255 255 255 255 255 255 255 255 255 255 255 255 255 255 213 003 000 000 000 070 255 255 255 255 255 255 005 000 000 000 000 000 000 000 
255 255 255 255 255 255 255 255 253 214 236 254 255 255 255 255 255 255 255 027 000 000 164 255 255 255 255 255 098 000 000 072 255 255 255 255 254 253 253 244 216 235 255 255 255 255 255 255 255 255 255 255 076 000 000 000 000 070 255 255 255 255 255 255 005 000 000 099 175 175 175 175 
255 255 255 255 255 255 255 255 254 005 000 001 002 002 002 002 002 002 002 000 000 000 002 002 002 002 002 002 001 000 000 000 001 000 000 000 000 000 000 000 000 173 255 255 255 255 255 255 255 255 255 191 000 000 000 000 000 070 255 255 255 255 255 255 005 000 000 144 255 255 255 255 
255 255 255 255 255 255 255 255 255 027 000 000 000 000 000 000 000 000 000 000 000 000 000 000 000 000 000 000 000 000 000 000 000 000 000 000 000 000 000 000 000 187 255 255 255 255 255 255 255 255 254 051 000 000 000 000 000 070 255 255 255 255 255 255 005 000 000 144 255 255 255 255 
255 255 255 255 255 255 255 255 255 033 000 000 000 000 000 000 000 000 000 000 000 000 000 000 000 000 000 000 000 000 000 000 000 000 000 000 000 000 000 000 000 192 255 255 255 255 255 255 255 255 165 000 000 000 008 000 000 070 255 255 255 255 255 255 005 000 000 143 252 252 252 252 
255 255 255 255 255 255 255 255 255 037 000 000 036 225 225 225 225 225 185 000 000 002 221 225 225 225 225 225 033 000 000 128 225 225 225 225 225 135 000 000 000 195 255 255 255 255 255 255 255 223 020 000 000 023 091 000 000 070 255 255 255 255 255 255 005 000 000 000 000 000 000 000 
255 255 255 255 255 255 255 255 255 041 000 000 040 255 255 255 255 255 180 000 000 029 255 255 255 255 255 255 013 000 000 167 255 255 255 255 255 153 000 000 000 196 255 255 255 255 255 255 252 048 000 000 000 143 101 000 000 070 255 255 255 255 255 255 005 000 000 000 000 000 000 000 
255 255 255 255 255 255 255 255 255 041 000 000 040 255 255 255 255 255 146 000 000 064 255 255 255 255 255 244 000 000 000 191 255 255 255 255 255 153 000 000 000 196 255 255 255 255 255 255 255 131 000 000 029 247 101 000 000 070 255 255 255 255 255 255 005 000 000 075 132 132 132 132 
255 255 255 255 255 255 255 255 255 041 000 000 040 255 255 255 255 255 088 000 000 109 255 255 255 255 255 205 000 000 000 219 255 255 255 255 255 153 000 000 000 196 255 255 255 255 255 255 255 254 066 000 163 255 101 000 000 070 255 255 255 255 255 255 005 000 000 144 255 255 255 255 
255 255 255 255 255 255 255 255 255 041 000 000 040 255 255 255 255 255 027 000 000 159 255 255 255 255 255 157 000 000 007 252 255 255 255 255 255 153 000 000 000 196 255 255 255 255 255 255 255 255 224 061 254 255 101 000 000 070 255 255 255 255 255 255 005 000 000 144 255 255 255 255 
255 255 255 255 255 255 255 255 255 041 000 000 040 255 255 255 255 223 000 000 000 151 255 255 255 255 255 110 000 000 044 255 255 255 255 255 255 153 000 000 000 196 255 255 255 255 255 255 255 255 255 241 255 255 101 000 000 070 255 255 255 255 255 255 005 000 000 144 255 255 255 255 
255 255 255 255 255 255 255 255 255 041 000 000 040 255 255 255 255 157 000 000 000 002 142 255 255 255 255 062 000 000 037 234 255 255 255 255 255 153 000 000 000 196 255 255 255 255 255 255 255 255 255 255 255 255 101 000 000 070 255 255 255 255 255 255 005 000 000 028 050 050 050 050 
177 255 255 255 255 255 255 255 255 041 000 000 040 255 255 255 255 058 000 000 000 000 000 114 255 255 255 015 000 000 000 031 210 255 255 255 255 153 000 000 000 196 255 255 255 255 255 255 255 255 255 255 255 255 101 000 000 070 255 255 255 255 255 255 005 000 000 000 000 000 000 000 
253 255 255 255 255 255 255 255 255 041 000 000 040 255 255 255 209 000 000 000 106 002 000 000 130 255 202 000 000 000 000 000 019 209 255 255 255 153 000 000 000 196 255 255 255 255 255 255 255 255 255 255 255 255 101 000 000 070 255 255 255 255 255 255 005 000 000 044 077 077 077 077 
255 255 255 255 255 255 255 255 255 041 000 000 040 255 255 255 105 000 000 016 248 124 000 000 000 165 117 000 000 013 093 000 000 020 210 255 255 153 000 000 000 196 255 255 255 255 255 255 255 255 255 255 255 255 101 000 000 070 255 255 255 255 255 255 005 000 000 144 255 255 255 255 
255 255 255 255 255 255 255 255 255 041 000 000 040 255 255 220 008 000 000 108 255 252 049 000 052 234 032 000 000 079 249 058 000 000 021 225 255 153 000 000 000 196 255 255 255 255 255 255 255 255 255 255 255 255 101 000 000 070 255 255 255 255 255 255 005 000 000 144 255 255 255 255 
255 255 255 255 255 255 255 255 255 041 000 000 040 255 255 072 000 000 008 229 255 255 195 068 243 202 000 000 000 152 255 232 026 000 000 058 255 153 000 000 000 196 255 255 255 255 255 255 255 255 255 255 255 255 101 000 000 070 255 255 255 255 255 255 005 000 000 144 255 255 255 255 
255 255 255 255 255 255 255 255 255 041 000 000 040 255 172 000 000 000 112 255 255 255 255 253 255 098 000 000 013 241 255 255 170 000 000 158 255 153 000 000 000 196 255 255 255 255 255 255 255 255 255 255 255 255 101 000 000 070 255 255 142 143 159 167 004 000 000 097 172 172 172 172 
255 255 255 255 255 255 255 255 255 041 000 000 040 229 023 000 000 011 233 255 255 255 255 255 207 002 000 000 110 255 255 255 255 071 123 255 255 153 000 000 000 196 255 255 255 255 255 255 255 255 255 255 255 255 101 000 000 070 255 255 032 000 000 000 000 000 000 000 000 000 000 000 
255 255 255 255 255 255 255 255 255 041 000 000 040 143 002 000 000 126 255 255 255 255 255 255 064 000 000 002 220 255 255 255 255 235 254 255 255 153 000 000 000 196 255 255 255 255 255 255 255 255 255 255 255 255 101 000 000 070 255 255 032 000 000 000 000 000 000 000 000 000 000 000 
255 255 255 255 255 255 255 255 255 041 000 000 040 255 204 037 050 250 255 255 255 255 255 167 000 000 000 077 255 255 255 255 255 255 255 255 255 153 000 000 000 196 255 255 255 255 255 255 255 255 255 255 255 255 100 000 000 070 255 255 107 100 117 132 135 136 137 138 139 140 141 142 
255 255 255 255 255 255 255 255 255 041 000 000 040 255 255 240 222 255 255 255 255 255 199 009 000 000 002 201 255 255 255 255 255 255 255 255 255 153 000 000 000 196 255 255 255 255 255 255 255 255 255 255 255 255 094 000 000 070 255 255 255 255 255 255 255 255 255 216 094 242 255 255 
255 255 255 255 255 255 255 255 255 041 000 000 040 255 255 255 255 255 255 255 255 255 252 197 112 013 107 255 255 255 255 255 255 255 255 255 255 151 000 000 000 196 255 255 255 255 255 255 255 255 255 255 255 255 089 000 000 070 255 255 255 255 255 255 255 255 233 039 000 036 158 248 
255 255 255 255 255 255 255 255 255 041 000 000 040 255 255 255 255 255 255 255 255 255 255 255 255 240 243 255 255 255 255 255 255 255 255 255 255 127 000 000 000 197 255 255 255 255 255 255 255 255 255 255 255 255 083 000 000 070 255 255 255 255 255 255 255 237 047 000 000 000 000 035 
255 255 255 255 255 255 255 255 255 041 000 000 040 255 255 255 255 255 255 255 255 255 255 255 255 255 255 255 255 255 255 255 255 255 255 255 250 055 000 000 000 198 255 255 255 255 255 255 255 255 255 255 255 255 077 000 000 070 255 255 255 255 255 255 203 032 000 000 000 005 127 235 
255 255 255 255 255 255 255 255 255 039 000 000 040 255 255 255 255 255 255 255 255 255 255 255 255 255 255 255 255 255 255 255 130 079 093 097 038 000 000 000 000 216 255 255 255 255 255 255 255 255 255 255 255 255 069 000 000 070 255 255 255 255 255 148 006 000 000 000 044 206 255 255 
255 255 255 255 255 255 255 255 255 036 000 000 040 255 255 255 255 255 255 255 255 255 255 255 255 255 255 255 255 255 255 255 231 006 000 000 000 000 000 000 015 254 255 255 255 255 255 255 255 255 255 255 255 255 047 000 000 070 255 255 255 221 080 000 000 000 002 116 248 255 255 255 
255 255 255 255 255 255 255 255 255 014 000 000 040 255 255 255 255 255 255 255 255 255 255 255 255 255 255 255 255 255 255 255 255 088 000 000 000 000 000 000 130 255 255 255 255 255 255 255 255 255 255 255 255 255 026 000 000 070 255 250 113 005 000 000 000 023 186 255 255 255 255 255 
255 255 255 255 255 255 255 255 238 000 000 000 040 255 255 255 255 255 255 255 255 255 255 255 255 255 255 255 255 255 255 255 255 189 000 000 000 011 071 168 255 255 255 255 255 255 255 255 255 255 255 255 255 255 005 000 000 070 255 255 224 062 000 000 066 231 255 255 255 255 255 255 
255 255 255 255 255 255 255 255 252 230 230 230 235 255 255 255 255 255 255 255 255 255 255 255 255 255 255 255 255 255 255 255 255 246 114 152 196 250 255 255 255 255 255 255 255 255 255 255 255 255 255 255 255 246 073 073 073 124 255 255 255 253 095 129 253 255 255 255 255 255 255 255 
255 255 255 255 255 255 255 255 255 255 255 255 255 255 255 255 255 255 255 255 255 255 255 255 255 255 255 255 255 255 255 255 255 255 255 255 255 255 255 255 255 255 255 255 255 255 255 255 255 255 255 255 255 255 255 255 255 255 255 255 255 255 255 255 255 255 255 255 255 255 255 255 
255 255 255 255 255 255 255 255 255 255 255 255 255 255 255 255 255 255 255 255 255 255 255 255 255 255 255 255 255 255 255 255 255 255 255 255 255 255 255 255 255 255 255 255 255 255 255 255 255 255 255 255 255 255 255 255 255 255 255 255 255 255 255 255 255 255 255 255 255 255 255 255 
255 255 255 255 255 255 255 255 255 255 255 255 255 255 255 255 255 255 255 255 255 255 255 255 255 255 255 255 255 255 255 255 255 255 255 255 255 255 255 255 255 255 255 255 255 255 255 255 255 255 255 255 255 255 255 255 255 255 255 255 255 255 255 255 255 255 255 255 255 255 255 255 
255 255 255 255 255 255 255 255 255 255 255 255 255 255 255 255 255 255 255 255 255 255 255 255 255 255 255 255 255 255 255 255 255 255 255 255 255 255 255 255 255 255 255 255 255 255 255 255 255 255 255 255 255 255 255 255 255 255 255 255 255 255 255 255 255 255 255 255 255 255 255 255 
255 255 255 255 255 255 255 255 255 255 255 255 255 255 255 255 255 255 255 255 255 255 255 255 255 255 255 255 255 255 255 255 255 255 255 255 255 255 255 255 255 255 255 255 255 255 255 255 255 255 255 255 255 255 255 255 255 255 255 255 255 255 255 255 255 255 255 255 255 255 255 255 
255 255 255 255 255 255 255 255 255 255 255 255 255 255 255 255 255 255 255 255 255 255 255 255 255 255 255 255 255 255 255 255 255 255 255 255 255 255 255 255 255 255 255 255 255 255 255 255 255 255 255 255 255 255 255 255 255 255 255 255 255 255 255 255 255 255 255 255 255 255 255 255 
255 255 255 255 255 255 255 255 255 255 255 255 255 255 255 255 255 255 255 255 255 255 255 255 255 255 255 255 255 255 255 255 255 255 255 255 255 255 255 255 255 255 255 255 255 255 255 255 255 255 255 255 255 255 255 255 255 255 255 255 255 255 255 255 255 255 255 255 255 255 255 255 
255 255 255 255 255 255 255 255 255 255 255 255 255 255 255 255 255 255 255 255 255 255 255 255 255 255 255 255 255 255 255 255 255 255 255 255 255 255 255 255 255 255 255 255 255 255 255 255 255 255 255 255 255 255 255 255 255 255 255 255 255 255 255 255 255 255 255 255 255 255 255 255 
255 255 255 255 255 255 255 255 255 255 255 255 255 255 255 255 255 255 255 255 255 255 255 255 255 255 255 255 255 255 255 255 255 255 255 255 255 255 255 255 255 255 255 255 255 255 255 255 255 255 255 255 255 255 255 255 255 255 255 255 255 255 255 255 255 255 255 255 255 255 255 255 
255 255 255 255 255 255 255 255 255 255 255 255 255 255 255 255 255 255 255 255 255 255 255 255 255 255 255 255 255 255 255 255 255 255 255 255 255 255 255 255 255 255 255 255 255 255 255 255 255 255 255 255 255 255 255 255 255 255 255 255 255 255 255 255 255 255 255 255 255 255 255 255 
255 255 255 255 255 255 255 255 255 255 255 255 255 255 255 255 255 255 255 255 255 255 255 255 255 255 255 255 255 255 255 255 255 255 255 255 255 255 255 255 255 255 255 255 255 255 255 255 255 255 255 255 255 255 255 255 255 255 255 255 255 255 255 255 255 255 255 255 255 255 255 255 
255 255 255 255 255 255 255 255 255 255 255 255 255 255 255 255 255 255 255 255 255 255 255 255 255 255 255 255 255 255 255 255 255 255 255 255 255 255 255 255 255 255 255 255 255 255 255 255 255 255 255 255 255 255 255 255 255 255 255 255 255 255 255 255 255 255 255 255 255 255 255 255 
255 255 255 255 255 255 255 255 255 255 255 255 255 255 255 255 255 255 255 255 255 255 255 255 255 255 255 255 255 255 255 255 255 255 255 255 255 255 255 255 255 255 255 255 255 255 255 255 255 255 255 255 255 255 255 255 255 255 255 255 255 255 255 255 255 255 255 255 255 255 255 255 
255 255 255 255 255 255 255 255 255 255 255 255 255 255 255 255 255 255 255 255 255 255 255 255 255 255 255 255 255 255 255 255 255 255 255 255 255 255 255 255 255 255 255 255 255 255 255 255 255 255 255 255 255 255 255 255 255 255 255 255 255 255 255 255 255 255 255 255 255 255 255 255 
255 255 255 255 255 255 255 255 255 255 255 255 255 255 255 255 255 255 255 255 255 255 255 255 255 255 255 255 255 255 255 255 255 255 255 255 255 255 255 255 255 255 255 255 255 255 255 255 255 255 255 255 255 255 255 255 255 255 255 255 255 255 255 255 255 255 255 255 255 255 255 255 
255 255 255 255 255 255 255 255 255 255 255 255 255 255 255 255 255 255 255 255 255 255 255 255 255 255 255 255 255 255 255 255 255 255 255 255 255 255 255 255 255 255 255 255 255 255 255 255 255 255 255 255 255 255 255 255 255 255 255 255 255 255 255 255 255 255 255 255 255 255 255 255 
255 255 255 255 255 255 255 255 255 255 255 255 255 255 255 255 255 255 255 255 255 255 255 255 255 255 255 255 255 255 255 255 255 255 255 255 255 255 255 255 255 255 255 255 255 255 255 255 255 255 255 255 255 255 255 255 255 255 255 255 255 255 255 255 255 255 255 255 255 255 255 255 
255 255 255 255 255 255 255 255 255 255 255 255 255 255 255 255 255 255 255 255 255 255 255 255 255 255 255 255 255 255 255 255 255 255 255 255 255 255 255 255 255 255 255 255 255 255 255 255 255 255 255 255 255 255 255 255 255 255 255 255 255 255 255 255 255 255 255 255 255 255 255 255 
255 255 255 255 255 255 255 255 255 255 255 255 255 255 255 255 255 255 255 255 255 255 255 255 255 255 255 255 255 255 255 255 255 255 255 255 255 255 255 255 255 255 255 255 255 255 255 255 255 255 255 255 255 255 255 255 255 255 255 255 255 255 255 255 255 255 255 255 255 255 255 255 
255 255 255 255 255 255 255 255 255 255 255 255 255 255 255 255 255 255 255 255 255 255 255 255 255 255 255 255 255 255 255 255 255 255 255 255 255 255 255 255 255 255 255 255 255 255 255 255 255 255 255 255 255 255 255 255 255 255 255 255 255 255 255 255 255 255 255 255 255 255 255 255 
255 255 255 255 255 255 255 255 255 255 255 255 255 255 255 255 255 255 255 255 255 255 255 255 255 255 255 255 255 255 255 255 255 255 255 255 255 255 255 255 255 255 255 255 255 255 255 255 255 255 255 255 255 255 255 255 255 255 255 255 255 255 255 255 255 255 255 255 255 255 255 255 
255 255 255 255 255 255 255 255 255 255 255 255 255 255 255 255 255 255 255 255 255 255 255 255 255 255 255 255 255 255 255 255 255 255 255 255 255 255 255 255 255 255 255 255 255 255 255 255 255 255 255 255 255 255 255 255 255 255 255 255 255 255 255 255 255 255 255 255 255 255 255 255 
255 255 255 255 255 255 255 255 255 255 255 255 255 255 255 255 255 255 255 255 255 255 255 255 255 255 255 255 255 255 255 255 255 255 255 255 255 255 255 255 255 255 255 255 255 255 255 255 255 255 255 255 255 255 255 255 255 255 255 255 255 255 255 255 255 255 255 255 255 255 255 255 
255 255 255 255 255 255 255 255 255 255 255 255 255 255 255 255 255 255 255 255 255 255 255 255 255 255 255 255 255 255 255 255 255 255 255 255 255 255 255 255 255 255 255 255 255 255 255 255 255 255 255 255 255 255 255 255 255 255 255 255 255 255 255 255 255 255 255 255 255 255 255 255 
255 255 255 255 255 255 255 255 255 255 255 255 255 255 255 255 255 255 255 255 255 255 255 255 255 255 255 255 255 255 255 255 255 255 255 255 255 255 255 255 255 255 255 255 255 255 255 255 255 255 255 255 255 255 255 255 255 255 255 255 255 255 255 255 255 255 255 255 255 255 255 255 
255 255 255 255 255 255 255 255 255 255 255 255 255 255 255 255 255 255 255 255 255 255 255 255 255 255 255 255 255 255 255 255 255 255 255 255 255 255 255 255 255 255 255 255 255 255 255 255 255 255 255 255 255 255 255 255 255 255 255 255 255 255 255 255 255 255 255 255 255 255 255 255 
255 255 255 255 255 255 255 255 255 255 255 255 255 255 255 255 255 255 255 255 255 255 255 255 255 255 255 255 255 255 255 255 255 255 255 255 255 255 255 255 255 255 255 255 255 255 255 255 255 255 255 255 255 255 255 255 255 255 255 255 255 255 255 255 255 255 255 255 255 255 255 255 
255 255 255 255 255 255 255 255 255 255 255 255 255 255 255 255 255 255 255 255 255 255 255 255 255 255 255 255 255 255 255 255 255 255 255 255 255 255 255 255 255 255 255 255 255 255 255 255 255 255 255 255 255 255 255 255 255 255 255 255 255 255 255 255 255 255 255 255 255 255 255 255 
255 255 255 255 255 255 255 255 255 255 255 255 255 255 255 255 142 177 254 255 255 255 255 255 255 255 255 255 255 202 073 191 255 255 255 255 255 255 255 213 207 253 255 255 255 255 255 255 255 255 255 255 255 255 255 255 255 255 255 255 255 255 255 255 255 255 255 255 255 255 255 255 
255 255 255 255 255 255 255 255 255 255 255 255 255 255 255 255 065 000 035 107 173 240 255 255 255 255 255 249 077 000 000 033 243 255 255 255 255 255 255 153 000 010 027 040 096 255 255 255 255 255 255 255 255 255 255 255 255 255 255 255 255 255 255 255 255 255 255 255 255 255 255 255 
255 255 255 255 255 255 255 255 255 255 255 255 255 255 255 255 034 000 000 000 000 161 255 255 255 255 255 255 111 000 000 000 104 255 255 255 255 255 255 174 000 000 000 000 176 255 255 255 255 255 255 255 255 255 255 255 255 255 255 255 255 255 255 255 255 255 255 255 255 255 255 255 
255 255 255 255 255 255 255 255 255 255 255 255 255 255 255 239 000 000 000 000 108 255 255 255 255 255 255 255 246 040 000 000 001 187 255 255 255 255 255 193 000 000 000 000 240 255 255 255 255 255 255 255 255 251 249 255 255 255 255 255 255 255 255 255 255 255 255 255 255 255 255 255 
255 255 255 255 255 255 255 255 255 255 255 255 255 255 255 190 000 000 000 017 246 255 255 255 255 255 255 255 255 188 000 000 000 030 241 255 255 255 255 192 000 000 000 017 255 255 255 255 255 255 255 255 255 200 001 020 045 055 058 060 062 065 063 061 059 057 055 048 033 018 219 255 
255 255 255 255 255 255 255 255 255 255 255 255 255 255 255 139 000 000 000 113 255 255 255 255 255 255 255 255 255 255 079 000 000 000 107 255 255 255 255 190 000 000 000 050 255 255 255 255 255 255 255 255 255 200 000 000 000 000 000 000 000 000 000 000 000 000 000 000 000 000 217 255 
041 015 236 255 255 255 255 255 255 255 255 255 255 255 255 089 000 000 001 217 255 255 218 147 188 203 203 228 255 255 219 006 000 000 002 200 255 255 255 188 000 000 000 081 255 255 255 255 255 255 255 255 255 200 000 000 000 000 000 000 000 000 000 000 000 000 000 000 000 000 217 255 
000 000 235 255 255 255 255 255 255 255 255 255 255 255 255 029 000 000 064 255 255 255 214 000 000 000 002 158 255 255 255 117 000 000 000 046 251 255 255 186 000 000 000 098 255 255 255 255 255 255 255 255 255 217 090 113 129 137 000 000 000 047 158 154 150 145 140 123 099 076 227 255 
000 000 235 255 255 255 255 255 255 255 255 255 255 255 207 000 000 000 162 255 255 255 245 000 000 000 090 255 255 255 255 242 023 000 000 000 137 255 255 184 000 000 000 113 255 255 255 255 255 255 255 255 255 255 255 255 255 225 000 000 000 103 255 255 255 255 255 255 255 255 255 255 
076 050 238 255 255 255 255 255 255 255 255 255 255 255 127 000 000 000 199 255 255 255 252 000 000 000 141 255 255 255 255 255 155 000 000 000 010 223 255 181 000 000 000 129 255 255 255 255 255 255 255 255 255 255 255 255 255 201 000 000 000 137 255 255 255 255 255 255 255 255 255 255 
255 255 255 255 255 255 255 255 255 255 255 255 255 255 037 000 000 000 199 255 255 255 255 001 000 000 141 255 255 255 255 255 251 035 000 003 107 238 255 179 000 000 000 144 255 255 255 255 255 255 255 255 255 255 255 255 255 164 000 000 000 176 255 255 255 255 255 255 255 255 255 255 
255 255 255 255 255 255 255 255 255 255 255 255 255 202 000 000 000 000 199 255 255 255 255 006 000 000 141 255 255 255 255 255 255 159 063 209 255 255 255 175 000 000 000 159 255 255 255 255 255 255 255 255 255 255 255 255 255 121 000 000 000 230 255 255 255 255 255 255 255 255 229 203 
255 255 255 255 255 255 255 255 255 255 255 255 255 104 000 000 000 000 199 255 255 255 255 007 000 000 141 255 255 255 255 255 255 254 255 255 255 255 255 165 000 000 000 174 255 255 255 255 255 255 255 255 255 255 255 255 255 078 000 000 027 247 247 247 247 246 243 238 220 255 068 000 
255 255 255 255 255 255 255 255 255 255 255 255 218 005 000 000 000 000 199 255 255 255 255 007 000 000 141 255 255 255 255 255 255 255 255 255 255 255 255 155 000 000 000 189 255 255 255 255 255 255 255 255 255 255 255 255 255 036 000 000 000 000 000 000 000 000 000 000 054 255 123 000 
255 255 255 255 255 255 255 255 255 255 255 255 084 000 000 000 000 000 199 255 255 255 255 007 000 000 141 255 255 255 255 255 255 255 255 255 255 255 255 146 000 000 000 205 255 255 255 255 255 255 255 255 255 255 255 255 236 002 000 000 000 000 000 000 000 000 000 000 088 255 177 000 
255 255 255 255 255 255 255 255 255 255 255 200 000 000 000 000 000 000 199 255 255 255 255 007 000 000 141 255 255 255 255 255 255 255 255 255 255 255 255 129 000 000 000 225 255 255 255 255 255 255 255 255 255 255 255 255 164 000 000 000 014 014 014 014 014 000 000 000 121 255 239 198 
067 044 022 213 255 255 255 255 255 255 255 061 000 000 016 000 000 000 199 255 255 255 255 007 000 000 141 255 255 255 255 255 255 255 255 255 255 255 255 094 000 000 004 252 255 255 255 255 255 255 255 255 255 255 255 255 089 000 000 032 255 255 255 255 251 003 000 000 155 255 255 255 
000 000 000 211 255 255 255 255 255 255 145 000 000 000 133 000 000 000 199 255 255 255 255 007 000 000 141 255 255 255 255 255 255 255 255 255 255 255 255 058 000 000 033 255 255 255 255 255 255 255 255 255 255 255 255 252 018 000 000 108 255 255 255 255 223 000 000 000 189 255 255 255 
000 000 000 211 255 255 255 255 255 193 003 000 000 061 206 000 000 000 199 255 255 255 255 007 000 000 141 255 255 255 255 255 255 255 255 255 255 255 255 023 000 000 066 255 255 255 255 255 255 255 255 255 255 255 255 178 000 000 000 185 255 255 255 255 192 000 000 000 235 255 255 255 
082 058 035 215 255 255 255 255 255 242 056 000 001 199 206 000 000 000 199 255 255 255 255 007 000 000 141 255 255 255 255 255 217 255 255 255 255 255 243 000 000 000 098 255 255 255 255 255 255 255 255 255 255 255 255 053 000 000 034 253 255 255 255 255 149 000 000 035 255 255 255 255 
255 255 255 255 255 255 255 255 255 255 225 016 091 255 206 000 000 000 199 255 255 255 255 007 000 000 141 255 255 255 255 226 027 244 255 255 255 255 208 000 000 000 133 255 255 255 255 255 255 255 255 255 255 255 183 000 000 000 147 255 255 255 255 255 098 000 000 091 255 192 151 112 
255 255 255 255 255 255 255 255 255 255 255 156 228 255 206 000 000 000 199 255 255 255 255 007 000 000 141 255 255 255 249 054 000 144 255 255 255 255 173 000 000 000 178 255 255 255 255 255 255 255 255 255 255 253 055 000 000 017 244 240 119 253 255 255 047 000 000 147 255 059 000 000 
255 255 255 255 255 255 255 255 255 255 255 255 255 255 206 000 000 000 199 255 255 255 255 007 000 000 141 255 255 255 105 000 000 028 237 255 255 255 117 000 000 000 226 255 255 255 255 255 255 255 255 255 255 126 000 000 000 121 222 041 000 132 255 247 004 000 000 203 255 125 000 000 
255 255 255 255 255 255 255 255 255 255 255 255 255 255 206 000 000 000 199 255 255 255 255 007 000 000 141 255 255 156 000 000 000 026 225 255 255 255 045 000 000 040 255 255 255 255 255 255 255 255 255 255 255 195 022 000 008 228 041 000 000 004 198 196 000 000 009 250 255 192 000 044 
255 255 255 255 255 255 255 255 255 255 255 255 255 255 206 000 000 000 199 255 255 255 255 007 000 000 141 255 181 004 000 000 017 211 255 255 255 223 000 000 000 120 255 255 255 255 255 255 255 255 255 255 255 255 201 009 143 255 200 010 000 000 031 095 000 000 059 255 255 249 213 255 
255 255 255 255 255 255 255 255 255 255 255 255 255 255 206 000 000 000 199 255 255 255 255 007 000 000 141 202 011 000 000 009 196 255 255 255 255 134 000 000 000 097 255 255 255 255 255 255 255 255 255 255 255 255 255 180 254 255 255 159 000 000 000 000 000 000 123 255 255 255 255 255 
255 255 255 255 255 255 255 255 255 255 255 255 255 255 206 000 000 000 199 255 255 255 255 005 000 000 105 021 000 000 003 178 255 255 255 255 242 024 000 000 000 000 131 255 255 255 255 255 255 255 255 255 255 255 255 255 255 255 255 255 087 000 000 000 000 002 222 255 255 255 255 255 
255 255 255 255 255 255 255 255 255 255 255 255 255 255 206 000 000 000 199 255 255 255 255 000 000 000 000 000 000 000 157 255 255 255 255 255 118 000 000 000 000 000 000 159 255 255 255 255 255 255 255 255 255 255 255 255 255 255 255 255 239 030 000 000 000 073 255 255 255 255 255 255 
248 255 255 255 255 255 255 255 255 255 255 255 255 255 206 000 000 000 199 255 255 255 214 000 000 000 000 000 000 135 255 255 255 255 255 220 006 000 000 012 034 000 000 004 184 255 255 255 255 255 255 255 255 255 255 255 255 255 255 255 255 110 000 000 000 186 255 255 255 255 255 255 
053 205 255 255 255 255 255 255 255 255 255 255 255 255 205 000 000 000 199 255 255 255 140 000 000 000 000 000 112 255 255 255 255 255 248 065 000 000 000 122 203 005 000 000 012 206 255 255 255 255 255 255 255 255 255 255 255 255 255 255 218 007 000 000 056 255 255 255 255 255 255 255 
000 003 108 240 255 255 255 255 255 255 255 255 255 255 199 000 000 000 199 255 255 245 044 000 000 000 000 090 254 255 255 255 255 251 078 000 000 000 024 238 255 141 000 000 000 024 226 255 255 255 255 255 255 255 255 255 255 255 255 250 054 000 000 002 200 255 255 255 255 255 255 255 
000 000 000 020 118 223 255 255 255 255 255 255 255 255 193 000 000 000 199 255 255 216 014 000 000 000 067 250 255 255 255 255 253 088 000 000 000 001 184 255 255 254 060 000 000 000 050 245 255 255 255 255 255 255 255 255 255 255 255 118 000 000 000 106 255 255 255 255 255 255 255 255 
000 000 000 000 025 218 255 255 255 255 255 255 255 255 188 000 000 000 199 255 255 255 189 004 000 046 241 255 255 255 255 243 091 000 000 000 000 126 255 255 255 255 214 006 000 000 000 086 255 255 255 255 255 255 255 255 255 255 177 001 000 000 025 241 255 255 255 255 255 255 255 255 
000 000 000 019 214 255 255 255 255 255 255 255 255 255 183 000 000 000 199 255 255 255 255 115 021 224 255 255 255 255 183 030 000 000 000 000 083 254 255 255 255 255 255 125 000 000 000 000 130 255 255 255 255 255 255 255 255 187 007 000 000 002 182 255 255 255 255 255 255 255 255 255 
097 000 000 175 255 255 255 255 255 255 255 255 255 255 175 000 000 000 199 255 255 255 255 242 198 255 255 255 236 092 000 000 000 000 000 098 251 255 255 255 255 255 255 248 038 000 000 000 001 202 255 255 255 255 255 255 187 010 000 000 000 132 255 255 255 255 255 255 255 255 251 148 
255 170 115 255 255 255 255 255 255 255 255 255 255 255 152 000 000 000 199 255 255 255 255 255 255 255 233 133 021 000 000 000 000 000 129 255 255 255 255 255 255 255 255 255 190 000 000 001 132 255 255 255 255 255 252 125 002 000 000 000 084 255 255 255 255 255 255 255 247 168 038 000 
255 255 255 255 255 255 255 255 255 255 255 255 255 255 129 000 000 000 199 255 255 255 255 255 255 206 022 000 000 000 000 000 005 161 255 255 255 255 255 255 255 255 255 255 255 076 008 169 255 255 255 255 255 197 055 000 000 000 000 060 244 255 255 255 255 255 247 102 014 000 000 000 
255 255 255 255 255 255 255 255 255 255 255 255 255 255 105 000 000 000 199 255 255 255 255 255 255 255 223 040 000 000 000 020 187 255 255 255 255 255 255 255 255 255 255 255 255 209 199 255 255 255 255 255 255 220 035 000 000 000 066 244 255 255 255 255 255 255 255 215 041 000 000 000 
255 255 255 255 255 255 255 255 255 255 255 255 255 255 097 020 020 020 204 255 255 255 255 255 255 255 255 237 051 000 091 235 255 255 255 255 255 255 255 255 255 255 255 255 255 255 255 255 255 255 255 255 255 255 221 023 000 072 246 255 255 255 255 255 255 255 255 255 240 067 006 106 
255 255 255 255 255 255 255 255 255 255 255 255 255 255 255 255 255 255 255 255 255 255 255 255 255 255 255 255 219 183 255 255 255 255 255 255 255 255 255 255 255 255 255 255 255 255 255 255 255 255 255 255 255 255 255 191 117 252 255 255 255 255 255 255 255 255 255 255 255 243 223 255 
255 255 255 255 255 255 255 255 255 255 255 255 255 255 255 255 255 255 255 255 255 255 255 255 255 255 255 255 255 255 255 255 255 255 255 255 255 255 255 255 255 255 255 255 255 255 255 255 255 255 255 255 255 255 255 255 255 255 255 255 255 255 255 255 255 255 255 255 255 255 255 255 
255 255 255 255 255 255 255 255 255 255 255 255 255 255 255 255 255 255 255 255 255 255 255 255 255 255 255 255 255 255 255 255 255 255 255 255 255 255 255 255 255 255 255 255 255 255 255 255 255 255 255 255 255 255 255 255 255 255 255 255 255 255 255 255 255 255 255 255 255 255 255 255 
255 255 255 255 255 255 255 255 255 255 255 255 255 255 255 255 255 255 255 255 255 255 255 255 255 255 255 255 255 255 255 255 255 255 255 255 255 255 255 255 255 255 255 255 255 255 255 255 255 255 255 255 255 255 255 255 255 255 255 255 255 255 255 255 255 255 255 255 255 255 255 255 
