255 255 255 255 255 255 255 255 255 255 255 255 255 255 255 255 255 255 255 255 255 255 255 255 255 255 255 255 255 255 255 255 255 255 255 255 255 255 255 255 255 255 255 255 255 255 255 255 255 255 255 255 255 255 255 255 255 255 255 255 255 255 255 255 255 255 255 255 255 255 255 255 
255 255 255 255 255 255 255 255 255 255 255 255 255 255 255 255 255 255 255 255 255 255 255 255 255 255 255 255 255 255 255 255 255 255 255 255 255 255 255 255 255 255 255 255 255 255 255 255 255 255 255 255 255 255 255 255 255 255 255 255 255 255 255 255 255 255 255 255 255 255 255 255 
255 255 255 255 255 255 255 255 255 255 255 255 255 255 255 255 255 255 255 255 255 255 255 255 255 255 255 255 255 255 255 255 255 255 255 255 255 255 255 255 255 255 255 255 255 255 255 255 255 255 255 255 255 255 255 255 255 255 255 255 255 255 255 255 255 255 255 255 255 255 255 255 
255 255 255 255 255 255 255 255 255 255 255 255 255 255 255 255 255 255 255 255 255 255 255 255 255 255 255 255 255 255 255 255 255 255 255 255 255 255 255 255 255 255 255 255 255 255 255 255 255 255 255 255 255 255 255 255 255 255 255 255 255 255 255 255 255 255 255 255 255 255 255 255 
255 255 255 255 255 255 255 255 255 255 255 255 255 255 255 255 255 255 255 255 255 255 255 255 255 255 255 255 255 255 255 255 255 255 255 255 255 255 255 255 255 255 255 255 255 255 255 255 255 255 255 255 255 255 255 255 255 255 255 255 255 255 255 255 255 255 255 255 255 255 255 255 
255 255 255 255 255 255 255 255 255 255 255 255 255 255 255 255 255 255 255 255 255 255 255 255 255 255 255 255 255 255 255 255 255 255 255 255 255 255 255 255 255 255 255 255 255 255 255 255 255 255 255 255 255 255 255 255 255 255 255 255 255 255 255 255 255 255 255 255 255 255 255 255 
255 255 255 255 255 255 255 255 255 255 255 255 255 255 255 255 255 255 255 255 255 255 255 255 255 255 255 255 255 255 255 255 255 255 255 255 255 255 255 255 255 255 255 255 255 255 255 255 255 255 255 255 255 255 255 255 255 255 255 255 255 255 255 255 255 255 255 255 255 255 255 255 
255 255 255 255 255 255 255 255 255 255 255 255 255 255 255 255 255 255 255 255 255 255 255 255 255 255 255 255 255 255 255 255 255 255 255 255 255 255 255 255 255 255 255 255 255 255 255 255 255 255 255 255 255 255 255 255 255 255 255 255 255 255 255 255 255 255 255 255 255 255 255 255 
255 255 255 255 255 255 255 255 255 255 255 255 255 255 255 255 255 255 255 255 255 255 255 255 255 255 255 255 255 255 255 255 255 255 255 255 255 255 255 255 255 255 255 255 255 255 255 255 255 255 255 255 255 255 255 255 255 255 255 255 255 255 255 255 255 255 255 255 255 255 255 255 
255 255 255 255 255 255 255 255 255 255 255 255 255 255 255 255 255 255 255 255 255 255 255 255 255 255 255 255 255 255 255 255 255 255 255 255 255 255 255 255 255 255 255 255 255 255 255 255 255 255 255 255 255 255 255 255 255 255 255 255 255 255 255 255 255 255 255 255 255 255 255 255 
255 255 255 255 255 255 255 255 255 255 255 255 255 255 255 255 255 255 255 255 255 255 255 255 255 255 255 255 255 255 255 255 255 255 255 255 255 255 255 255 255 255 255 255 255 255 255 255 255 255 255 255 255 255 255 255 255 255 255 255 255 255 255 255 255 255 255 255 255 255 255 255 
255 255 255 255 255 255 255 255 255 255 255 255 255 255 255 255 255 255 255 255 255 255 255 255 255 255 255 255 255 255 255 255 255 255 255 255 255 255 255 255 255 255 255 255 255 255 255 255 255 255 255 255 255 255 255 255 255 255 255 255 255 255 255 255 255 255 255 255 255 255 255 255 
255 255 255 255 255 255 255 255 255 255 255 255 255 255 255 255 255 255 255 255 255 255 255 255 255 255 255 255 255 255 255 255 255 255 255 255 255 255 255 255 255 255 255 255 255 255 255 255 255 255 255 255 255 255 255 255 255 255 255 255 255 255 255 255 255 255 255 255 255 255 255 255 
255 255 255 255 255 255 255 255 255 255 255 255 255 255 255 255 255 255 255 255 255 255 255 255 255 255 255 255 255 255 255 255 255 255 255 255 255 255 255 255 255 255 255 255 255 255 255 255 255 255 255 255 255 255 255 255 255 255 255 255 255 255 255 255 255 255 255 255 255 255 255 255 
255 255 255 255 255 255 255 255 255 255 255 255 255 255 255 255 255 255 255 255 255 255 255 255 255 255 255 255 255 255 255 255 255 255 255 255 255 255 255 255 255 255 255 255 255 255 255 255 255 255 255 255 255 255 255 255 255 255 255 255 255 255 255 255 255 255 255 255 255 255 255 255 
255 255 255 255 255 255 255 255 255 255 255 255 255 255 255 255 255 255 255 255 255 255 255 255 255 255 255 255 255 255 255 255 255 255 255 255 255 255 255 255 255 255 255 255 255 255 255 255 255 255 255 255 255 255 255 255 255 255 255 255 255 255 255 255 255 255 255 255 255 255 255 255 
255 255 255 255 255 255 255 255 255 255 255 255 255 255 255 255 255 255 255 255 255 255 255 255 255 255 255 255 255 255 255 255 255 255 255 255 255 255 255 255 255 255 255 255 255 255 255 255 255 255 255 255 255 255 255 255 255 255 255 255 255 255 255 255 255 255 255 255 255 255 255 255 
255 255 255 255 255 255 255 255 255 255 255 255 255 255 255 255 255 255 255 255 255 255 255 255 255 255 255 255 255 255 255 255 255 255 255 255 255 255 255 255 255 255 255 255 255 255 255 255 255 255 255 255 255 255 255 255 255 255 255 255 255 255 255 255 255 255 255 255 255 255 255 255 
255 255 255 255 255 255 255 255 255 255 255 255 255 255 255 255 255 255 255 255 255 255 255 255 255 255 255 255 255 255 255 255 255 255 255 255 255 255 255 255 255 255 255 255 255 255 255 255 255 255 255 255 255 255 255 255 255 255 255 255 255 255 255 255 255 255 255 255 255 255 255 255 
255 255 255 255 255 255 255 255 255 255 255 255 255 255 255 255 255 255 255 255 255 255 255 255 255 255 255 255 255 255 255 255 255 255 255 255 255 255 255 255 255 255 255 255 255 255 255 255 255 255 255 255 255 255 255 255 255 255 255 255 255 255 255 255 255 255 255 255 255 255 255 255 
255 255 255 255 255 255 255 255 255 255 255 255 255 255 255 255 255 255 255 255 255 255 255 255 255 255 255 255 255 255 255 255 255 255 255 255 255 255 255 255 255 255 255 255 255 255 255 255 255 255 255 255 255 255 255 255 255 255 255 255 255 255 255 255 255 255 255 255 255 255 255 255 
255 255 255 255 255 255 255 255 255 255 255 255 255 255 255 255 255 255 255 255 255 255 255 255 255 255 255 255 255 255 255 255 255 255 255 255 255 255 255 255 255 255 255 255 255 255 255 255 255 255 255 255 255 255 255 255 255 255 255 255 255 255 255 255 255 255 255 255 255 255 255 255 
255 255 255 255 255 255 255 255 255 255 255 255 255 255 255 255 255 255 255 255 255 255 255 255 255 255 255 255 255 255 255 255 255 255 255 255 255 255 255 255 255 255 255 255 255 255 255 255 255 255 255 255 255 255 255 255 255 255 255 255 255 255 255 255 255 255 255 255 255 255 255 255 
255 255 255 255 255 255 255 255 255 255 255 255 255 255 255 255 255 255 255 255 255 255 255 255 255 255 255 255 255 255 255 255 255 255 255 255 255 255 255 255 255 255 255 255 255 255 255 255 255 255 255 255 255 255 255 255 255 255 255 255 255 255 255 255 255 255 255 255 255 255 255 255 
255 255 255 255 255 255 255 255 255 255 255 255 255 255 255 255 255 255 255 255 255 255 255 255 255 255 255 255 255 255 255 255 255 255 255 255 255 255 255 255 255 255 255 255 255 255 255 255 255 255 255 255 255 255 255 255 255 255 255 255 255 255 255 255 255 255 255 255 255 255 255 255 
255 255 255 255 255 255 255 255 255 255 255 255 255 255 255 255 255 255 255 255 255 255 255 255 255 255 255 255 255 255 255 255 255 255 255 255 255 255 255 255 255 255 255 255 255 255 255 255 255 255 255 255 255 255 255 255 255 255 255 255 255 255 255 255 255 255 255 255 255 255 255 255 
255 255 255 255 255 255 255 255 255 255 255 255 255 255 255 255 255 255 255 255 255 255 255 255 255 255 255 255 255 255 255 255 255 255 255 255 255 255 255 255 255 255 255 255 255 255 255 255 255 255 255 255 255 255 255 255 255 255 255 255 255 255 255 255 255 255 255 255 255 255 255 255 
255 255 255 255 255 255 255 255 255 255 255 255 255 255 255 255 255 255 255 255 255 255 255 255 255 255 255 255 255 255 255 255 255 255 255 255 255 255 255 255 255 255 255 255 255 255 255 255 255 255 255 255 255 255 255 255 255 255 255 255 255 255 255 255 255 255 255 255 255 255 255 255 
255 255 255 255 255 255 255 255 255 255 255 255 255 255 255 255 255 255 255 255 255 255 255 255 255 255 255 255 255 255 255 255 255 255 255 255 255 255 255 255 255 255 255 255 255 255 255 255 255 255 255 255 255 255 255 255 255 255 255 255 255 255 255 255 255 255 255 255 255 255 255 255 
255 255 255 255 255 255 255 255 255 255 255 255 255 255 255 255 255 255 255 255 255 255 255 255 255 255 255 255 255 255 255 255 255 255 255 255 255 255 255 255 255 255 255 255 255 255 255 255 255 255 255 255 255 255 255 255 255 255 255 255 255 255 255 255 255 255 255 255 255 255 255 255 
255 255 255 255 255 255 255 255 255 255 255 255 255 255 255 255 255 255 255 255 255 255 255 255 255 255 255 255 255 255 255 255 255 255 255 255 255 255 255 255 255 255 255 255 255 255 255 255 255 255 255 255 255 255 255 255 255 255 255 255 255 255 255 255 255 255 255 255 255 255 255 255 
255 255 255 255 255 255 255 255 255 255 255 255 255 255 255 255 255 255 255 255 255 255 255 255 255 255 255 255 255 255 255 255 255 255 255 255 255 255 255 255 255 255 255 255 255 255 255 255 255 255 255 255 255 255 255 255 255 255 255 255 255 255 255 255 255 255 255 255 255 255 255 255 
255 255 255 255 255 255 255 255 255 255 255 255 255 255 255 255 255 255 255 255 255 255 255 255 255 255 255 255 255 255 255 255 255 255 255 255 255 255 255 255 255 255 255 255 255 255 255 255 255 255 255 255 255 255 255 255 255 255 255 255 255 255 255 255 255 255 255 255 255 255 255 255 
255 255 255 255 255 255 255 255 255 255 255 255 255 255 255 255 255 255 255 255 255 255 255 255 255 255 255 255 255 255 255 255 255 255 255 255 255 255 255 255 255 255 255 255 255 255 255 255 255 255 255 255 255 255 255 255 255 255 255 255 255 255 255 255 255 255 255 255 255 255 255 255 
255 255 255 255 255 255 255 255 255 255 255 255 255 255 255 255 255 255 255 255 255 255 255 255 255 255 255 255 255 255 255 255 255 255 255 255 255 255 255 255 255 255 255 255 255 255 255 255 255 255 255 255 255 255 255 255 255 255 255 255 255 255 255 255 255 255 255 255 255 255 255 255 
255 255 255 255 255 255 255 255 255 255 255 255 255 255 255 255 255 255 255 255 255 255 255 255 255 255 255 255 255 255 255 255 255 255 255 255 255 255 255 255 255 255 255 255 255 255 255 255 255 255 255 255 255 255 255 255 255 255 255 255 255 255 255 255 255 255 255 255 255 255 255 255 
255 255 255 255 255 255 255 255 255 255 255 255 255 255 255 255 255 255 255 255 255 255 255 255 255 255 255 255 255 255 255 255 255 255 255 255 255 255 255 255 255 255 255 255 255 255 255 255 255 255 255 255 255 255 255 255 255 255 255 255 255 255 255 255 255 255 255 255 255 255 255 255 
255 255 255 255 255 255 255 255 255 255 255 255 255 255 255 255 255 255 255 255 255 255 255 255 255 255 255 255 255 255 255 255 255 255 255 255 255 255 255 255 255 255 255 255 246 225 251 255 255 255 255 255 255 255 255 255 160 114 138 144 187 255 255 255 255 255 255 255 255 255 255 255 
255 255 255 255 255 255 255 255 255 255 255 255 255 255 255 255 255 255 255 255 255 255 255 255 255 255 255 255 255 255 255 255 255 255 255 255 255 255 255 255 255 255 255 255 223 000 002 009 049 247 255 255 255 255 255 255 131 000 000 000 207 255 255 255 255 255 255 255 255 255 255 255 
120 121 122 123 125 126 127 128 129 130 129 128 127 125 124 123 122 121 120 113 089 084 255 255 255 255 255 255 255 255 255 255 255 255 255 255 255 255 255 255 255 255 255 255 252 003 000 000 156 255 255 255 255 255 255 255 156 000 000 007 255 255 255 255 255 255 255 255 255 255 255 255 
000 000 000 000 000 000 000 000 000 000 000 000 000 000 000 000 000 000 000 000 000 052 255 255 255 255 255 255 255 255 255 255 255 255 255 255 255 255 255 255 255 255 255 255 255 008 000 000 159 255 255 255 255 255 255 255 160 000 000 007 255 255 255 255 255 255 255 255 255 255 255 255 
000 000 000 000 000 000 000 000 000 000 000 000 000 000 000 000 000 000 000 000 000 066 255 255 255 255 255 255 255 255 255 255 255 255 255 255 255 255 255 255 255 255 255 255 255 010 000 000 159 255 255 255 255 255 255 255 161 000 000 007 255 255 255 255 255 255 255 255 255 255 255 255 
029 220 220 220 220 220 220 220 220 220 220 220 220 220 220 220 220 220 042 000 000 072 255 255 255 255 255 255 255 255 255 255 255 255 236 124 142 160 178 191 193 195 197 199 201 009 000 000 126 202 202 202 202 202 202 202 130 000 000 006 201 199 198 196 195 193 192 184 169 153 138 122 
033 255 255 255 255 255 255 255 255 255 255 255 255 255 255 255 255 255 048 000 000 078 255 255 255 255 255 255 255 255 255 255 255 255 219 000 000 000 000 000 000 000 000 000 000 000 000 000 000 000 000 000 000 000 000 000 000 000 000 000 000 000 000 000 000 000 000 000 000 000 000 000 
033 255 255 255 255 255 255 255 255 255 255 255 255 255 255 255 255 255 048 000 000 078 255 255 255 255 255 255 255 255 255 255 255 255 219 000 000 000 000 000 000 000 000 000 000 000 000 000 000 000 000 000 000 000 000 000 000 000 000 000 000 000 000 000 000 000 000 000 000 000 000 000 
012 095 095 095 095 095 095 095 095 095 095 095 095 095 095 095 095 095 018 000 000 078 255 255 255 255 255 255 255 255 255 255 255 255 219 000 000 000 000 000 000 000 002 006 011 000 000 000 008 013 013 013 013 013 013 013 009 000 000 000 012 010 008 005 003 000 000 000 000 000 000 000 
000 000 000 000 000 000 000 000 000 000 000 000 000 000 000 000 000 000 000 000 000 078 255 255 255 255 255 255 255 255 255 255 255 255 243 180 197 213 230 243 248 253 255 255 255 012 000 000 159 255 255 255 255 255 255 255 164 000 000 007 255 255 255 255 255 255 254 245 229 212 196 179 
000 000 000 000 000 000 000 000 000 000 000 000 000 000 000 000 000 000 000 000 000 078 255 255 255 255 255 255 255 255 255 255 255 255 255 255 255 255 255 255 255 255 255 255 255 012 000 000 159 255 255 255 255 255 255 255 164 000 000 007 255 255 255 255 255 255 255 255 255 255 255 255 
033 255 255 255 255 255 255 255 255 255 255 255 255 255 255 255 255 255 048 000 000 078 255 255 255 255 255 255 255 255 255 255 255 255 255 255 255 255 255 255 255 255 255 255 255 012 000 000 159 255 255 255 255 255 255 255 164 000 000 007 255 255 255 255 255 255 255 255 255 255 255 255 
033 255 255 255 255 255 255 255 255 255 255 255 255 255 255 255 255 255 048 000 000 078 255 255 255 255 255 255 255 255 255 255 255 255 255 255 255 255 255 255 255 255 255 255 255 020 007 007 162 255 255 255 255 255 255 255 219 152 152 156 255 255 255 255 255 255 255 255 255 255 255 255 
033 255 255 255 255 255 255 255 255 255 255 255 255 255 255 255 255 255 048 000 000 074 255 255 255 255 255 255 255 255 255 255 255 255 255 255 255 255 255 255 255 255 255 255 252 233 255 255 255 255 255 255 255 255 197 219 241 246 250 255 255 255 255 255 255 255 255 255 255 255 255 255 
008 060 060 060 060 060 060 060 060 060 060 060 060 060 060 060 060 060 011 000 000 068 255 255 255 255 255 255 255 255 255 255 255 255 255 255 255 255 255 255 255 255 255 255 158 024 189 255 255 255 255 255 255 255 035 000 000 000 004 211 255 255 255 255 255 255 255 255 255 255 255 255 
000 000 000 000 000 000 000 000 000 000 000 000 000 000 000 000 000 000 000 000 000 049 255 255 255 255 255 255 255 255 255 255 255 255 255 255 255 255 255 255 255 255 255 231 022 000 001 100 240 255 255 255 255 255 076 000 000 000 138 255 255 255 255 255 255 208 203 255 255 255 255 255 
047 048 049 050 052 053 054 055 056 056 056 056 055 054 054 053 053 052 051 048 027 029 255 255 255 255 255 255 255 255 255 255 255 255 255 255 255 255 255 255 255 255 253 067 000 000 000 000 126 255 255 255 255 255 096 000 000 000 229 255 255 255 255 255 232 030 009 167 255 255 255 255 
255 255 255 255 255 255 255 255 255 255 255 255 255 255 255 255 255 255 255 255 255 254 255 255 255 255 255 255 255 255 255 255 255 255 255 255 255 255 255 255 255 255 132 000 000 000 008 159 255 255 255 255 255 255 099 000 000 000 244 255 255 255 255 247 058 000 000 000 080 226 255 255 
255 255 255 255 255 255 255 255 255 255 255 255 255 255 255 255 255 255 255 255 255 255 255 255 255 255 255 255 255 255 255 255 255 255 255 255 255 255 255 255 255 166 003 000 000 007 185 255 255 255 255 255 255 255 103 000 000 000 244 255 255 255 248 070 000 000 000 000 011 119 255 255 
255 255 255 255 255 255 255 255 255 255 255 255 255 255 255 255 255 255 255 255 255 253 242 231 220 210 199 189 237 255 255 255 255 255 255 255 255 255 255 255 169 003 000 000 000 166 255 255 255 255 255 255 255 255 105 000 000 000 244 255 255 249 073 000 000 000 000 064 233 255 255 255 
006 007 007 008 009 010 011 012 013 014 013 012 011 010 009 008 007 006 005 004 003 000 000 000 000 000 000 000 190 255 255 255 255 255 255 255 255 255 255 171 004 000 000 000 000 208 255 255 255 255 255 255 255 255 105 000 000 000 244 255 250 076 000 000 000 000 105 252 255 255 255 255 
000 000 000 000 000 000 000 000 000 000 000 000 000 000 000 000 000 000 000 000 000 000 000 000 000 000 000 000 190 255 255 255 255 255 255 255 255 255 140 004 000 000 000 000 000 208 255 255 255 255 255 255 255 255 105 000 000 000 244 248 080 000 000 000 000 130 255 255 255 255 255 255 
013 015 016 018 020 021 023 017 000 000 000 017 023 021 019 018 016 014 013 011 009 007 000 000 000 000 000 000 190 255 255 255 255 255 255 255 238 078 000 000 000 000 000 000 000 208 255 255 255 255 255 255 255 255 105 000 000 000 219 055 000 000 000 003 153 255 255 255 255 255 255 255 
255 255 255 255 255 255 255 177 000 000 000 183 255 255 255 255 255 255 255 255 255 255 253 243 232 221 210 199 239 255 255 255 255 255 255 198 031 000 000 000 000 026 000 000 000 208 255 255 255 255 255 255 255 255 105 000 000 000 023 000 000 000 008 174 255 255 255 255 255 255 255 255 
255 255 255 255 255 255 255 177 000 000 000 183 255 255 255 255 255 255 255 255 255 255 255 255 255 255 255 255 255 255 255 255 255 222 090 001 000 000 000 002 151 107 000 000 000 208 255 255 255 255 255 255 255 255 105 000 000 000 000 000 000 020 193 255 255 255 255 255 255 255 255 255 
141 192 231 255 255 255 255 177 000 000 000 183 255 255 255 255 255 255 255 255 255 255 255 255 255 255 255 255 255 255 255 255 255 210 019 000 000 000 006 170 255 107 000 000 000 208 255 255 255 255 255 255 255 255 102 000 000 000 000 000 058 227 255 255 255 255 255 255 255 255 255 255 
000 010 198 255 255 255 255 177 000 000 000 178 245 243 241 239 237 235 233 232 218 196 173 185 255 255 255 255 255 255 255 255 255 255 207 010 000 021 192 255 255 107 000 000 000 208 255 255 255 255 255 255 238 107 003 000 000 000 000 113 250 255 255 255 255 255 255 255 255 255 255 255 
000 170 255 255 255 255 255 177 000 000 000 000 000 000 000 000 000 000 000 000 000 000 000 075 255 255 255 255 255 255 255 255 255 255 255 161 048 224 255 255 255 107 000 000 000 208 255 255 255 255 234 121 015 000 000 000 000 000 169 255 255 255 255 255 255 255 255 255 255 255 255 255 
061 255 255 255 255 255 255 177 000 000 000 000 000 000 000 000 000 000 000 000 000 000 000 075 255 255 255 255 255 255 255 255 255 255 255 255 249 255 255 255 255 107 000 000 000 208 255 255 224 110 009 000 000 000 000 000 000 000 244 255 255 255 255 255 255 255 255 255 255 255 255 255 
182 255 255 255 255 255 255 177 000 000 000 041 056 055 054 053 051 050 049 048 042 026 010 076 255 255 255 255 255 255 255 255 255 255 255 255 255 255 255 255 255 107 000 000 000 208 243 077 002 000 000 000 000 000 000 000 000 000 244 255 255 255 255 255 255 255 255 255 255 255 255 255 
069 252 255 255 255 255 255 177 000 000 000 183 255 255 255 255 255 255 255 255 255 255 255 253 255 255 255 255 255 255 255 255 255 255 255 255 255 255 255 255 255 107 000 000 000 208 255 178 002 000 000 000 006 115 090 000 000 000 244 255 255 255 255 255 255 255 255 255 244 255 255 255 
000 092 253 255 255 255 255 177 000 000 000 183 255 255 255 255 255 255 255 255 255 255 255 255 255 255 255 255 255 255 255 255 255 255 255 255 255 255 255 255 255 105 000 000 000 208 255 255 137 000 005 094 221 255 105 000 000 000 244 255 255 255 255 255 255 255 255 255 165 139 255 255 
000 000 092 249 255 255 255 177 000 000 000 183 255 255 255 255 255 255 255 255 255 255 255 255 255 255 255 255 255 255 255 255 255 255 255 255 255 255 255 255 255 099 000 000 000 208 255 255 254 136 226 255 255 255 105 000 000 000 244 255 255 255 255 255 255 255 255 255 119 000 089 239 
006 000 000 047 211 255 255 177 000 000 000 183 255 255 255 255 255 255 255 255 255 255 255 255 255 255 255 255 255 255 255 255 255 255 255 255 255 255 255 255 255 094 000 000 000 208 255 255 255 255 255 255 255 255 105 000 000 000 244 255 255 255 255 255 255 255 255 255 036 000 000 019 
164 000 000 000 005 094 209 177 000 000 000 183 255 255 255 255 255 255 255 255 255 255 255 255 255 255 255 255 255 255 255 255 255 255 255 255 255 255 255 255 255 088 000 000 000 208 255 255 255 255 255 255 255 255 105 000 000 000 228 255 255 255 255 255 255 255 255 177 000 000 000 000 
255 154 009 000 000 000 000 018 000 000 000 120 179 193 207 221 217 208 198 189 180 171 162 153 141 109 075 061 245 255 255 255 255 255 255 255 255 255 255 255 255 083 000 000 000 208 255 255 255 255 255 255 255 255 106 000 000 000 074 192 251 255 255 255 246 200 133 004 000 000 000 033 
255 255 214 053 000 000 000 000 000 000 000 000 000 000 000 000 000 000 000 000 000 000 000 000 000 000 000 120 255 255 255 255 255 255 255 255 255 255 255 255 255 072 000 000 000 208 255 255 255 255 255 255 255 255 111 000 000 000 000 000 000 001 006 004 000 000 000 000 000 000 000 166 
255 255 255 255 189 078 002 000 000 000 000 000 000 000 000 000 000 000 000 000 000 000 000 000 000 000 000 171 255 255 255 255 255 255 255 255 255 255 255 255 255 051 000 000 000 208 255 255 255 255 255 255 255 255 177 000 000 000 000 000 000 000 000 000 000 000 000 000 000 000 064 254 
255 255 255 255 255 255 226 146 072 015 000 000 000 000 000 000 000 000 000 000 000 000 000 000 000 000 000 209 255 255 255 255 255 255 255 255 255 255 255 255 255 029 000 000 000 208 255 255 255 255 255 255 255 255 250 131 026 000 000 000 000 000 000 000 000 000 000 005 035 154 253 255 
255 255 255 255 255 255 255 255 255 253 217 196 179 163 146 129 112 096 079 062 054 056 057 059 060 061 063 204 255 255 255 255 255 255 255 255 255 255 255 255 255 008 000 000 000 208 255 255 255 255 255 255 255 255 255 255 255 245 227 210 200 199 198 199 200 207 233 254 255 255 255 255 
255 255 255 255 255 255 255 255 255 255 255 255 255 255 255 255 255 255 255 255 255 255 255 255 255 255 255 255 255 255 255 255 255 255 255 255 255 255 255 255 250 106 106 106 106 228 255 255 255 255 255 255 255 255 255 255 255 255 255 255 255 255 255 255 255 255 255 255 255 255 255 255 
255 255 255 255 255 255 255 255 255 255 255 255 255 255 255 255 255 255 255 255 255 255 255 255 255 255 255 255 255 255 255 255 255 255 255 255 255 255 255 255 255 255 255 255 255 255 255 255 255 255 255 255 255 255 255 255 255 255 255 255 255 255 255 255 255 255 255 255 255 255 255 255 
255 255 255 255 255 255 255 255 255 255 255 255 255 255 255 255 255 255 255 255 255 255 255 255 255 255 255 255 255 255 255 255 255 255 255 255 255 255 255 255 255 255 255 255 255 255 255 255 255 255 255 255 255 255 255 255 255 255 255 255 255 255 255 255 255 255 255 255 255 255 255 255 
255 255 255 255 255 255 255 255 255 255 255 255 255 255 255 255 255 255 255 255 255 255 255 255 255 255 255 255 255 255 255 255 255 255 255 255 255 255 255 255 255 255 255 255 255 255 255 255 255 255 255 255 255 255 255 255 255 255 255 255 255 255 255 255 255 255 255 255 255 255 255 255 
255 255 255 255 255 255 255 255 255 255 255 255 255 255 255 255 255 255 255 255 255 255 255 255 255 255 255 255 255 255 255 255 255 255 255 255 255 255 255 255 255 255 255 255 255 255 255 255 255 255 255 255 255 255 255 255 255 255 255 255 255 255 255 255 255 255 255 255 255 255 255 255 
255 255 255 255 255 255 255 255 255 255 255 255 255 255 255 255 255 255 255 255 255 255 255 255 255 255 255 255 255 255 255 255 255 255 255 255 255 255 255 255 255 255 255 255 255 255 255 255 255 255 255 255 255 255 255 255 255 255 255 255 255 255 255 255 255 255 255 255 255 255 255 255 
255 255 255 255 255 255 255 255 255 255 255 255 255 255 255 255 255 255 255 255 255 255 255 255 255 255 255 255 255 255 255 255 255 255 255 255 255 255 255 255 255 255 255 255 255 255 255 255 255 255 255 255 255 255 255 255 255 255 255 255 255 255 255 255 255 255 255 255 255 255 255 255 
255 255 255 255 255 255 255 255 255 255 255 255 255 255 255 255 255 255 255 255 255 255 255 255 255 255 255 255 255 255 255 255 255 255 255 255 255 255 255 255 255 255 255 255 255 255 255 255 255 255 255 255 255 255 255 255 255 255 255 255 255 255 255 255 255 255 255 255 255 255 255 255 
255 255 255 255 255 255 255 255 255 255 255 255 255 255 255 255 255 255 255 255 255 255 255 255 255 255 255 255 255 255 255 255 255 255 255 255 255 255 255 255 255 255 255 255 255 255 255 255 255 255 255 255 255 255 255 255 255 255 255 255 255 255 255 255 255 255 255 255 255 255 255 255 
255 255 255 255 255 255 255 255 255 255 255 255 255 255 255 255 255 255 255 255 255 255 255 255 255 255 255 255 255 255 255 255 255 255 255 255 255 255 255 255 255 255 255 255 255 255 255 255 255 255 255 255 255 255 255 255 255 255 255 255 255 255 255 255 255 255 255 255 255 255 255 255 
255 255 255 255 255 255 255 255 255 255 255 255 255 255 255 255 255 255 255 255 255 255 255 255 255 255 255 255 255 255 255 255 255 255 255 255 255 255 255 255 255 255 255 255 255 255 255 255 255 255 255 255 255 255 255 255 255 255 255 255 255 255 255 255 255 255 255 255 255 255 255 255 
255 255 255 255 255 255 255 255 255 255 255 255 255 255 255 255 255 255 255 255 255 255 255 255 255 255 255 255 255 255 255 255 255 255 255 255 255 255 255 255 255 255 255 255 255 255 255 255 255 255 255 255 255 255 255 255 255 255 255 255 255 255 255 255 255 255 255 255 255 255 255 255 
255 255 255 255 255 255 255 255 255 255 255 255 255 255 255 255 255 255 255 255 255 255 255 255 255 255 255 255 255 255 255 255 255 255 255 255 255 255 255 255 255 255 255 255 255 255 255 255 255 255 255 255 255 255 255 255 255 255 255 255 255 255 255 255 255 255 255 255 255 255 255 255 
255 255 255 255 255 255 255 255 255 255 255 255 255 255 255 255 255 255 255 255 255 255 255 255 255 255 255 255 255 255 255 255 255 255 255 255 255 255 255 255 255 255 255 255 255 255 255 255 255 255 255 255 255 255 255 255 255 255 255 255 255 255 255 255 255 255 255 255 255 255 255 255 
255 255 255 255 255 255 255 255 255 255 255 255 255 255 255 255 255 255 255 255 255 255 255 255 255 255 255 255 255 255 255 255 255 255 255 255 255 255 255 255 255 255 255 255 255 255 255 255 255 255 255 255 255 255 255 255 255 255 255 255 255 255 255 255 255 255 255 255 255 255 255 255 
255 255 255 255 255 255 255 255 255 255 255 255 255 255 255 255 255 255 255 255 255 255 255 255 255 255 255 255 255 255 255 255 255 255 255 255 255 255 255 255 255 255 255 255 255 255 255 255 255 255 255 255 255 255 255 255 255 255 255 255 255 255 255 255 255 255 255 255 255 255 255 255 
255 255 255 255 255 255 255 255 255 255 255 255 255 255 255 255 255 255 255 255 255 255 255 255 255 255 255 255 255 255 255 255 255 255 255 255 255 255 255 255 255 255 255 255 255 255 255 255 255 255 255 255 255 255 255 255 255 255 255 255 255 255 255 255 255 255 255 255 255 255 255 255 
255 255 255 255 255 255 255 255 255 255 255 255 255 255 255 255 255 255 255 255 255 255 255 255 255 255 255 255 255 255 255 255 255 255 255 255 255 255 255 255 255 255 255 255 255 255 255 255 255 255 255 255 255 255 255 255 255 255 255 255 255 255 255 255 255 255 255 255 255 255 255 255 
255 255 255 255 255 255 255 255 255 255 255 255 255 255 255 255 255 255 255 255 255 255 255 255 255 255 255 255 255 255 255 255 255 255 255 255 255 255 255 255 255 255 255 255 255 255 255 255 255 255 255 255 255 255 255 255 255 255 255 255 255 255 255 255 255 255 255 255 255 255 255 255 
255 255 255 255 255 255 255 255 255 255 255 255 255 255 255 255 255 255 255 255 255 255 255 255 255 255 255 255 255 255 255 255 255 255 255 255 255 255 255 255 255 255 255 255 255 255 255 255 255 255 255 255 255 255 255 255 255 255 255 255 255 255 255 255 255 255 255 255 255 255 255 255 
255 255 255 255 255 255 255 255 255 255 255 255 255 255 255 255 255 255 255 255 255 255 255 255 255 255 255 255 255 255 255 255 255 255 255 255 255 255 255 255 255 255 255 255 255 255 255 255 255 255 255 255 255 255 255 255 255 255 255 255 255 255 255 255 255 255 255 255 255 255 255 255 
255 255 255 255 255 255 255 255 255 255 255 255 255 255 255 255 255 255 255 255 255 255 255 255 255 255 255 255 255 255 255 255 255 255 255 255 255 255 255 255 255 255 255 255 255 255 255 255 255 255 255 255 255 255 255 255 255 255 255 255 255 255 255 255 255 255 255 255 255 255 255 255 
255 255 255 255 255 255 255 255 255 255 255 255 255 255 255 255 255 255 255 255 255 255 255 255 255 255 255 255 255 255 255 255 255 255 255 255 255 255 255 255 255 255 255 255 255 255 255 255 255 255 255 255 255 255 255 255 255 255 255 255 255 255 255 255 255 255 255 255 255 255 255 255 
255 255 255 255 255 255 255 255 255 255 255 255 255 255 255 255 255 255 255 255 255 255 255 255 255 255 255 255 255 255 255 255 255 255 255 255 255 255 255 255 255 255 255 255 255 255 255 255 255 255 255 255 255 255 255 255 255 255 255 255 255 255 255 255 255 255 255 255 255 255 255 255 
255 255 255 255 255 255 255 255 255 255 255 255 255 255 255 255 255 255 255 255 255 255 255 255 255 255 255 255 255 255 255 255 255 255 255 255 255 255 255 255 255 255 255 255 255 255 255 255 255 255 255 255 255 255 255 255 255 255 255 255 255 255 255 255 255 255 255 255 255 255 255 255 
255 255 255 255 255 255 255 255 255 255 255 255 255 255 255 255 255 255 255 255 255 255 255 255 255 255 255 255 255 255 255 255 255 255 255 255 255 255 255 255 255 255 255 255 255 255 255 255 255 255 255 255 255 255 255 255 255 255 255 255 255 255 255 255 255 255 255 255 255 255 255 255 
255 255 255 255 255 255 255 255 255 255 255 255 255 255 255 255 255 255 255 255 255 255 255 255 255 255 255 255 255 255 255 255 255 255 255 255 255 255 255 255 255 255 255 255 255 255 255 255 255 255 255 255 255 255 255 255 255 255 255 255 255 255 255 255 255 255 255 255 255 255 255 255 
255 255 255 255 255 255 255 255 255 255 255 255 255 255 255 255 255 255 255 255 255 255 255 255 255 255 255 255 255 255 255 255 255 255 255 255 255 255 255 255 255 255 255 255 255 255 255 255 255 255 255 255 255 255 255 255 255 255 255 255 255 255 255 255 255 255 255 255 255 255 255 255 
255 255 255 255 255 255 255 255 255 255 255 255 255 255 255 255 255 255 255 255 255 255 255 255 255 255 247 255 255 255 255 255 255 255 255 255 255 255 255 255 255 255 255 255 255 255 255 255 255 255 255 255 255 255 255 255 255 255 255 255 255 255 255 255 255 255 255 255 255 255 255 255 
255 255 255 255 255 255 255 255 255 255 255 255 255 255 255 255 255 255 255 255 255 255 255 255 203 086 025 239 255 255 255 255 255 255 255 255 255 255 255 145 110 155 175 172 215 255 255 255 255 255 255 255 255 255 255 255 255 255 255 255 255 255 255 255 255 255 255 255 255 255 255 255 
255 255 255 255 255 255 255 255 255 255 255 255 255 255 255 255 255 255 255 255 255 255 239 063 000 000 000 109 255 255 255 255 255 255 255 255 255 255 255 117 000 000 000 017 227 255 255 255 255 255 255 255 255 255 255 255 255 255 255 255 255 255 255 255 255 255 255 255 255 255 255 255 
255 255 255 255 255 255 255 255 255 255 255 255 255 255 255 255 255 255 255 255 255 255 255 097 000 000 000 003 203 255 255 255 255 255 255 255 255 255 255 137 000 000 000 065 255 255 255 255 255 255 255 255 255 255 255 255 255 255 255 255 255 255 255 255 255 255 255 255 255 255 255 255 
255 255 255 255 255 255 255 255 255 255 255 255 255 255 255 255 255 255 255 255 255 255 255 243 030 000 000 000 047 254 255 255 255 255 255 255 255 255 255 156 000 000 000 096 255 255 255 233 149 255 255 255 255 255 255 255 255 255 255 255 255 255 255 255 255 255 255 255 255 255 255 255 
255 255 255 255 255 255 255 255 255 255 255 255 255 255 255 255 255 255 255 255 255 255 255 255 148 000 013 112 222 255 255 255 255 255 255 255 255 255 255 155 000 000 000 126 255 233 115 010 000 152 255 255 255 255 255 255 255 255 255 255 255 255 255 255 255 255 255 255 255 255 255 255 
255 255 255 255 255 255 255 255 255 255 255 255 255 255 255 255 255 255 255 255 255 255 255 255 246 146 241 255 255 255 255 255 255 255 255 255 255 255 255 150 000 000 000 157 255 200 007 000 000 011 220 255 255 255 255 255 255 255 255 255 255 255 255 255 255 255 255 255 255 255 255 255 
255 254 239 221 204 243 255 255 255 255 255 255 255 255 255 151 071 094 117 139 144 147 150 152 155 158 157 155 152 149 146 144 136 113 090 067 185 255 255 145 000 000 000 188 255 255 144 000 000 000 067 255 255 255 255 255 255 255 255 255 255 255 255 255 255 255 255 255 255 255 255 255 
018 002 000 000 000 204 255 255 255 255 255 255 255 255 255 122 000 000 000 000 000 000 000 000 000 000 000 000 000 000 000 000 000 000 000 000 166 255 255 140 000 000 000 208 255 255 252 048 000 000 000 180 255 255 255 255 255 255 255 255 255 255 255 255 255 255 255 255 255 255 255 255 
000 000 000 000 000 204 255 255 255 255 255 255 255 255 255 122 000 000 000 000 000 000 000 000 000 000 000 000 000 000 000 000 000 000 000 000 166 255 255 135 000 000 000 222 255 255 255 197 001 000 000 045 255 255 255 255 255 255 255 255 255 255 255 255 255 255 255 255 255 255 255 255 
000 000 000 000 000 204 255 255 255 255 255 255 255 255 255 127 027 051 076 098 105 109 112 116 120 123 122 119 115 112 108 104 095 071 047 022 169 255 255 129 000 000 000 237 255 255 255 255 079 000 078 213 255 255 255 255 255 255 255 255 255 255 255 255 255 255 255 255 255 255 255 255 
132 116 100 083 067 216 255 255 255 255 255 255 255 255 255 255 255 255 255 255 255 255 255 255 255 255 255 255 255 255 255 255 255 255 255 255 255 255 255 124 000 000 000 251 255 255 255 255 207 196 255 255 255 255 255 255 255 255 255 255 255 255 255 255 255 255 255 255 255 255 255 255 
255 255 255 255 255 255 255 255 255 255 255 255 255 255 255 255 255 255 255 255 255 255 255 255 255 255 255 255 255 255 255 255 255 255 255 248 252 255 255 119 000 000 011 255 255 255 255 255 255 255 255 255 255 242 255 255 255 255 255 255 255 255 255 255 255 255 255 255 255 255 255 255 
255 255 255 255 255 255 255 255 255 255 255 255 255 255 255 255 255 255 090 093 117 135 138 140 142 144 146 145 143 142 141 125 098 082 255 176 009 043 056 030 000 000 006 079 079 079 079 079 076 073 070 058 019 039 255 255 255 255 255 255 255 255 255 255 255 255 255 255 255 255 255 255 
255 255 255 255 255 255 255 255 255 255 255 255 255 255 255 255 255 255 055 000 000 000 000 000 000 000 000 000 000 000 000 000 000 037 255 176 000 000 000 000 000 000 000 000 000 000 000 000 000 000 000 000 000 039 255 255 255 255 255 255 255 255 255 255 255 255 255 255 255 255 255 255 
255 255 255 255 255 255 255 255 255 255 255 255 255 255 255 255 255 255 086 000 000 000 000 000 000 000 000 000 000 000 000 000 000 061 255 176 000 000 000 000 000 000 000 000 000 000 000 000 000 000 000 000 000 039 255 255 255 255 255 255 255 255 255 255 255 255 255 255 255 255 255 255 
255 255 255 255 255 255 255 255 255 255 255 255 255 255 255 255 255 255 096 000 000 067 192 192 192 192 192 192 192 192 085 000 000 067 255 210 129 152 162 058 000 000 042 170 170 170 170 170 168 165 162 152 126 126 255 255 255 255 255 255 255 255 255 255 255 255 255 255 255 255 255 255 
255 255 255 249 234 219 204 189 219 255 255 255 255 255 255 255 255 255 099 000 000 089 255 255 255 255 255 255 255 255 112 000 000 069 255 255 255 255 255 075 000 000 080 255 255 255 255 255 255 255 255 255 255 255 255 255 255 255 255 255 255 255 255 255 255 255 255 255 255 255 255 255 
021 017 008 000 000 000 000 000 132 255 255 255 255 255 255 255 255 255 103 000 000 089 255 255 255 255 255 255 255 255 112 000 000 070 255 255 255 255 255 061 000 000 100 212 073 097 106 110 203 255 255 255 255 255 255 255 255 255 255 255 255 255 255 255 255 255 255 255 255 255 255 255 
000 000 000 000 000 000 000 000 132 255 255 255 255 255 255 255 255 255 099 000 000 089 255 255 255 255 255 255 255 255 112 000 000 068 255 255 255 255 255 047 000 000 121 244 000 000 000 032 222 255 255 255 255 255 255 255 255 255 255 255 255 255 255 255 255 255 255 255 255 255 255 255 
000 000 000 000 000 000 000 000 132 255 255 255 255 255 255 255 255 255 093 000 000 089 255 255 255 255 255 255 255 255 112 000 000 064 255 255 255 255 255 032 000 000 142 255 003 000 000 121 255 255 255 255 255 255 255 255 255 255 255 255 255 255 255 255 255 255 255 255 255 255 255 255 
144 140 136 127 112 096 081 066 159 255 255 255 255 255 255 255 255 255 086 000 000 013 036 036 036 036 036 036 036 036 016 000 000 061 255 255 255 255 248 004 000 000 176 255 006 000 000 127 255 255 255 255 255 255 255 255 255 255 255 255 255 255 255 255 255 255 255 255 255 255 255 255 
255 255 255 255 255 255 255 255 255 255 255 255 255 255 255 255 255 255 061 000 000 000 000 000 000 000 000 000 000 000 000 000 000 044 255 255 255 255 209 000 000 000 217 255 010 000 000 127 255 255 255 255 255 255 255 255 255 255 255 255 255 255 255 255 255 255 255 255 255 255 255 255 
255 255 255 255 255 255 255 255 255 255 255 255 255 255 255 255 255 255 032 002 020 029 035 041 020 000 000 010 042 036 030 021 001 020 255 255 255 255 165 000 000 006 251 255 011 000 000 127 255 255 255 255 255 255 255 255 255 255 255 255 255 255 255 255 255 255 255 255 255 255 255 255 
255 255 255 255 255 255 255 255 255 255 255 255 255 255 255 255 255 255 236 253 255 255 255 255 114 000 000 057 255 255 255 255 251 227 255 255 255 255 122 000 000 042 255 255 011 000 000 127 255 255 255 255 255 255 255 255 255 255 255 255 255 255 255 255 255 255 255 255 255 255 255 255 
255 255 255 255 255 255 255 255 255 255 255 255 255 255 255 255 255 255 255 238 255 255 255 255 114 000 000 057 255 255 255 220 193 255 255 255 255 255 078 000 000 082 255 255 011 000 000 127 255 255 255 255 255 255 255 255 255 255 255 255 255 255 255 255 255 255 255 255 255 255 255 255 
255 255 255 255 255 255 255 255 255 255 255 255 255 255 255 255 255 255 253 030 104 215 255 255 114 000 000 057 255 196 076 002 030 250 255 255 255 255 035 000 000 123 255 255 011 000 000 127 255 255 255 255 255 255 255 255 255 255 255 255 255 255 255 255 255 255 255 255 255 255 255 255 
255 255 255 255 255 255 255 255 255 255 255 255 255 255 255 255 255 255 188 000 000 000 063 255 114 000 000 057 255 170 000 000 000 155 255 255 255 245 002 000 000 163 255 255 011 000 000 127 255 255 255 255 255 255 255 255 255 255 255 255 255 255 255 255 255 255 255 255 255 255 255 255 
135 254 255 255 255 255 255 255 255 255 255 255 255 255 255 255 255 255 077 000 000 007 187 255 114 000 000 057 255 255 054 000 000 034 250 255 255 173 000 000 000 222 255 255 011 000 000 127 255 255 255 255 255 255 255 255 255 255 255 255 255 255 255 255 255 255 255 255 255 255 255 255 
000 076 238 255 255 255 255 255 255 255 255 255 255 255 255 255 255 183 000 000 000 124 255 255 114 000 000 057 255 255 163 000 000 000 145 255 255 078 000 000 050 255 255 255 011 000 000 127 255 255 255 255 255 255 255 255 255 255 255 255 255 255 206 109 077 086 159 247 255 255 255 255 
000 000 032 192 255 255 255 255 255 255 255 255 255 255 255 255 250 039 000 000 026 245 255 255 114 000 000 057 255 255 249 023 000 000 019 240 233 004 000 000 134 255 255 255 011 000 000 127 255 255 255 255 255 255 255 255 255 255 255 255 250 084 000 000 000 000 000 021 201 255 255 255 
000 000 000 000 056 171 252 255 255 255 255 255 255 255 255 255 139 000 000 000 156 255 255 255 114 000 000 057 255 255 255 104 005 083 183 253 143 000 000 000 218 255 255 255 011 000 000 127 255 255 255 255 251 255 255 255 255 255 255 255 083 000 052 174 231 211 114 002 015 210 255 255 
000 000 000 000 000 000 034 145 226 255 255 255 255 255 255 220 013 000 000 045 253 255 255 255 114 000 000 057 255 255 255 222 234 255 255 249 035 000 000 045 255 255 255 255 011 000 000 127 255 255 255 247 065 233 255 255 255 255 255 203 000 057 245 255 255 255 255 161 000 087 255 255 
178 023 000 000 000 000 000 000 000 091 253 255 255 255 239 039 000 000 004 203 255 255 255 255 114 000 000 057 255 255 255 255 255 255 255 141 000 000 000 129 255 255 255 255 011 000 000 127 255 255 255 208 000 017 147 237 255 255 255 106 000 186 255 255 255 255 255 255 048 005 237 255 
255 234 080 000 000 000 000 000 017 239 255 255 255 255 162 036 000 000 128 255 255 255 255 255 113 000 000 057 255 255 255 255 255 255 229 016 000 000 015 231 255 255 255 255 011 000 000 127 255 255 255 165 000 000 000 138 255 255 255 074 000 245 255 255 255 255 255 255 111 000 208 255 
255 255 255 158 013 000 000 000 137 255 255 255 255 255 255 254 181 076 251 255 254 255 255 255 069 000 000 058 255 255 255 255 255 247 054 000 000 000 144 255 255 255 255 255 011 000 000 127 255 255 255 070 000 000 000 203 255 255 255 082 000 226 255 255 255 255 255 255 096 000 216 255 
255 255 255 255 231 112 008 012 246 255 255 255 255 255 255 255 255 255 255 255 142 053 082 061 000 000 000 063 255 255 255 255 255 093 000 000 000 046 252 255 255 255 255 255 011 000 000 095 255 255 202 000 000 000 028 253 255 255 255 156 000 125 255 255 255 255 255 244 015 026 250 255 
255 255 255 255 255 255 230 150 255 255 255 255 255 255 255 255 255 255 255 255 247 016 000 000 000 000 000 112 255 255 255 255 132 000 000 000 001 195 255 255 255 255 255 255 011 000 000 000 058 069 007 000 000 000 124 255 255 255 255 246 020 004 162 255 255 255 243 070 000 131 255 255 
255 255 255 255 255 255 255 255 255 255 255 255 255 255 255 255 255 255 255 255 255 098 000 000 000 000 029 217 255 255 248 097 000 000 000 000 094 255 255 255 255 255 255 255 024 000 000 000 000 000 000 000 000 003 222 255 255 255 255 255 200 015 000 045 104 088 012 000 071 244 255 255 
255 255 255 255 255 255 255 255 255 255 255 255 255 255 255 255 255 255 255 255 255 175 000 000 043 127 230 255 255 255 203 084 003 000 000 045 240 255 255 255 255 255 255 255 116 000 000 000 000 000 000 000 006 173 255 255 255 255 255 255 255 209 084 004 000 000 028 124 250 255 255 255 
255 255 255 255 255 255 255 255 255 255 255 255 255 255 255 255 255 255 255 255 255 233 175 225 255 255 255 255 255 255 255 255 216 080 031 229 255 255 255 255 255 255 255 255 255 210 174 150 144 142 145 179 228 255 255 255 255 255 255 255 255 255 255 233 203 211 253 255 255 255 255 255 
255 255 255 255 255 255 255 255 255 255 255 255 255 255 255 255 255 255 255 255 255 255 255 255 255 255 255 255 255 255 255 255 255 255 235 255 255 255 255 255 255 255 255 255 255 255 255 255 255 255 255 255 255 255 255 255 255 255 255 255 255 255 255 255 255 255 255 255 255 255 255 255 
255 255 255 255 255 255 255 255 255 255 255 255 255 255 255 255 255 255 255 255 255 255 255 255 255 255 255 255 255 255 255 255 255 255 255 255 255 255 255 255 255 255 255 255 255 255 255 255 255 255 255 255 255 255 255 255 255 255 255 255 255 255 255 255 255 255 255 255 255 255 255 255 
255 255 255 255 255 255 255 255 255 255 255 255 255 255 255 255 255 255 255 255 255 255 255 255 255 255 255 255 255 255 255 255 255 255 255 255 255 255 255 255 255 255 255 255 255 255 255 255 255 255 255 255 255 255 255 255 255 255 255 255 255 255 255 255 255 255 255 255 255 255 255 255 
255 255 255 255 255 255 255 255 255 255 255 255 255 255 255 255 255 255 255 255 255 255 255 255 255 255 255 255 255 255 255 255 255 255 255 255 255 255 255 255 255 255 255 255 255 255 255 255 255 255 255 255 255 255 255 255 255 255 255 255 255 255 255 255 255 255 255 255 255 255 255 255 
255 255 255 255 255 255 255 255 255 255 255 255 255 255 255 255 255 255 255 255 255 255 255 255 255 255 255 255 255 255 255 255 255 255 255 255 255 255 255 255 255 255 255 255 255 255 255 255 255 255 255 255 255 255 255 255 255 255 255 255 255 255 255 255 255 255 255 255 255 255 255 255 
255 255 255 255 255 255 255 255 255 255 255 255 255 255 255 255 255 255 255 255 255 255 255 255 255 255 255 255 255 255 255 255 255 255 255 255 255 255 255 255 255 255 255 255 255 255 255 255 255 255 255 255 255 255 255 255 255 255 255 255 255 255 255 255 255 255 255 255 255 255 255 255 
255 255 255 255 255 255 255 255 255 255 255 255 255 255 255 255 255 255 255 255 255 255 255 255 255 255 255 255 255 255 255 255 255 255 255 255 255 255 255 255 255 255 255 255 255 255 255 255 255 255 255 255 255 255 255 255 255 255 255 255 255 255 255 255 255 255 255 255 255 255 255 255 
255 255 255 255 255 255 255 255 255 255 255 255 255 255 255 255 255 255 255 255 255 255 255 255 255 255 255 255 255 255 255 255 255 255 255 255 255 255 255 255 255 255 255 255 255 255 255 255 255 255 255 255 255 255 255 255 255 255 255 255 255 255 255 255 255 255 255 255 255 255 255 255 
255 255 255 255 255 255 255 255 255 255 255 255 255 255 255 255 255 255 255 255 255 255 255 255 255 255 255 255 255 255 255 255 255 255 255 255 255 255 255 255 255 255 255 255 255 255 255 255 255 255 255 255 255 255 255 255 255 255 255 255 255 255 255 255 255 255 255 255 255 255 255 255 
255 255 255 255 255 255 255 255 255 255 255 255 255 255 255 255 255 255 255 255 255 255 255 255 255 255 255 255 255 255 255 255 255 255 255 255 255 255 255 255 255 255 255 255 255 255 255 255 255 255 255 255 255 255 255 255 255 255 255 255 255 255 255 255 255 255 255 255 255 255 255 255 
255 255 255 255 255 255 255 255 255 255 255 255 255 255 255 255 255 255 255 255 255 255 255 255 255 255 255 255 255 255 255 255 255 255 255 255 255 255 255 255 255 255 255 255 255 255 255 255 255 255 255 255 255 255 255 255 255 255 255 255 255 255 255 255 255 255 255 255 255 255 255 255 
255 255 255 255 255 255 255 255 255 255 255 255 255 255 255 255 255 255 255 255 255 255 255 255 255 255 255 255 255 255 255 255 255 255 255 255 255 255 255 255 255 255 255 255 255 255 255 255 255 255 255 255 255 255 255 255 255 255 255 255 255 255 255 255 255 255 255 255 255 255 255 255 
255 255 255 255 255 255 255 255 255 255 255 255 255 255 255 255 255 255 255 255 255 255 255 255 255 255 255 255 255 255 255 255 255 255 255 255 255 255 255 255 255 255 255 255 255 255 255 255 255 255 255 255 255 255 255 255 255 255 255 255 255 255 255 255 255 255 255 255 255 255 255 255 
255 255 255 255 255 255 255 255 255 255 255 255 255 255 255 255 255 255 255 255 255 255 255 255 255 255 255 255 255 255 255 255 255 255 255 255 255 255 255 255 255 255 255 255 255 255 255 255 255 255 255 255 255 255 255 255 255 255 255 255 255 255 255 255 255 255 255 255 255 255 255 255 
255 255 255 255 255 255 255 255 255 255 255 255 255 255 255 255 255 255 255 255 255 255 255 255 255 255 255 255 255 255 255 255 255 255 255 255 255 255 255 255 255 255 255 255 255 255 255 255 255 255 255 255 255 255 255 255 255 255 255 255 255 255 255 255 255 255 255 255 255 255 255 255 
255 255 255 255 255 255 255 255 255 255 255 255 255 255 255 255 255 255 255 255 255 255 255 255 255 255 255 255 255 255 255 255 255 255 255 255 255 255 255 255 255 255 255 255 255 255 255 255 255 255 255 255 255 255 255 255 255 255 255 255 255 255 255 255 255 255 255 255 255 255 255 255 
255 255 255 255 255 255 255 255 255 255 255 255 255 255 255 255 255 255 255 255 255 255 255 255 255 255 255 255 255 255 255 255 255 255 255 255 255 255 255 255 255 255 255 255 255 255 255 255 255 255 255 255 255 255 255 255 255 255 255 255 255 255 255 255 255 255 255 255 255 255 255 255 
255 255 255 255 255 255 255 255 255 255 255 255 255 255 255 255 255 255 255 255 255 255 255 255 255 255 255 255 255 255 255 255 255 255 255 255 255 255 255 255 255 255 255 255 255 255 255 255 255 255 255 255 255 255 255 255 255 255 255 255 255 255 255 255 255 255 255 255 255 255 255 255 
255 255 255 255 255 255 255 255 255 255 255 255 255 255 255 255 255 255 255 255 255 255 255 255 255 255 255 255 255 255 255 255 255 255 255 255 255 255 255 255 255 255 255 255 255 255 255 255 255 255 255 255 255 255 255 255 255 255 255 255 255 255 255 255 255 255 255 255 255 255 255 255 
255 255 255 255 255 255 255 255 255 255 255 255 255 255 255 255 255 255 255 255 255 255 255 255 255 255 255 255 255 255 255 255 255 255 255 255 255 255 255 255 255 255 255 255 255 255 255 255 255 255 255 255 255 255 255 255 255 255 255 255 255 255 255 255 255 255 255 255 255 255 255 255 
255 255 255 255 255 255 255 255 255 255 255 255 255 255 255 255 255 255 255 255 255 255 255 255 255 255 255 255 255 255 255 255 255 255 255 255 255 255 255 255 255 255 255 255 255 255 255 255 255 255 255 255 255 255 255 255 255 255 255 255 255 255 255 255 255 255 255 255 255 255 255 255 
255 255 255 255 255 255 255 255 255 255 255 255 255 255 255 255 255 255 255 255 255 255 255 255 255 255 255 255 255 255 255 255 255 255 255 255 255 255 255 255 255 255 255 255 255 255 255 255 255 255 255 255 255 255 255 255 255 255 255 255 255 255 255 255 255 255 255 255 255 255 255 255 
255 255 255 255 255 255 255 255 255 255 255 255 255 255 255 255 255 255 255 255 255 255 255 255 255 255 255 255 255 255 255 255 255 255 255 255 255 255 255 255 255 255 255 255 255 255 255 255 255 255 255 255 255 255 255 255 255 255 255 255 255 255 255 255 255 255 255 255 255 255 255 255 
255 255 255 255 255 255 255 255 255 255 255 255 255 255 255 255 255 255 255 255 255 255 255 255 255 255 255 255 255 255 255 255 255 255 255 255 255 255 255 255 255 255 255 255 255 255 255 255 255 255 255 255 255 255 255 255 255 255 255 255 255 255 255 255 255 255 255 255 255 255 255 255 
255 255 255 255 255 255 255 255 255 255 255 255 255 255 255 255 255 255 255 255 255 255 255 255 255 255 255 255 255 255 255 255 255 255 255 255 255 255 255 255 255 255 255 255 255 255 255 255 255 255 255 255 255 255 255 255 255 255 255 255 255 255 255 255 255 255 255 255 255 255 255 255 
255 255 255 255 255 255 255 255 255 255 255 255 255 255 255 255 255 255 255 255 255 255 255 255 255 255 255 255 255 255 255 255 255 255 255 255 255 255 255 255 255 255 255 255 255 255 255 255 255 255 255 255 255 255 255 255 255 255 255 255 255 255 255 255 255 255 255 255 255 255 255 255 
255 255 255 255 255 255 255 255 255 255 255 255 255 255 255 255 255 255 255 255 255 255 255 255 255 255 255 255 255 255 255 255 255 255 255 255 255 255 255 255 255 255 255 255 255 255 255 255 255 255 255 255 255 255 255 255 255 255 255 255 255 255 255 255 255 255 255 255 255 255 255 255 
255 255 255 255 255 255 255 255 255 255 255 255 255 255 255 255 255 255 255 255 255 255 255 255 255 255 255 255 255 255 255 255 255 255 255 255 255 255 255 255 255 255 255 255 255 255 255 255 255 255 255 255 255 255 255 255 255 255 255 255 255 255 255 255 255 255 255 255 255 255 255 255 
255 255 100 099 134 142 149 249 255 255 255 255 255 255 255 255 255 255 255 255 255 255 255 255 255 255 255 255 255 255 255 255 255 255 255 139 139 160 165 173 253 255 255 255 255 255 255 255 158 086 140 184 215 246 255 255 255 255 255 255 255 255 255 255 255 255 255 255 255 255 255 255 
255 255 055 000 000 000 056 249 255 255 255 233 208 255 255 255 255 255 255 255 255 255 255 255 255 255 255 255 255 255 255 255 255 255 255 072 000 000 000 032 246 255 255 255 255 255 255 255 123 000 000 000 000 001 196 255 255 255 255 255 255 255 255 255 255 255 255 255 255 255 255 255 
255 255 064 000 000 000 173 255 255 253 148 016 044 252 255 255 255 255 255 255 255 255 255 255 255 255 255 255 255 255 255 255 255 255 255 110 000 000 000 140 255 255 255 255 255 255 255 255 111 000 000 000 000 141 255 255 255 255 255 255 255 255 255 255 255 255 255 255 255 255 255 255 
255 255 072 000 000 000 216 255 249 055 000 000 000 154 255 255 255 255 255 255 255 255 255 255 255 255 255 255 255 255 255 255 255 255 255 124 000 000 000 204 255 255 255 255 255 255 255 255 085 000 000 000 019 250 255 255 255 255 255 255 255 255 255 255 255 255 255 255 255 255 255 255 
255 255 080 000 000 000 230 255 255 136 000 000 000 013 217 255 255 255 255 255 255 255 255 255 255 255 255 255 255 255 255 255 255 255 255 129 000 000 000 228 255 255 255 255 255 255 255 255 051 000 000 000 104 255 255 255 255 255 255 255 255 255 255 255 255 255 255 255 255 255 255 255 
255 255 089 000 000 000 235 255 255 252 047 000 000 000 044 245 255 255 255 255 255 255 255 255 255 255 255 255 255 255 255 255 255 255 255 134 000 000 000 229 255 255 255 255 255 255 255 255 017 000 000 000 182 255 255 255 255 255 255 255 255 255 255 255 255 255 255 255 255 255 255 255 
