255 255 255 255 255 255 255 255 255 255 255 255 255 255 255 255 255 255 255 255 255 255 255 255 255 255 255 255 255 255 255 255 255 255 255 255 255 255 255 255 255 255 255 255 255 255 255 255 255 255 255 255 255 255 255 255 255 255 255 255 255 255 255 255 255 255 255 255 255 255 255 255 
255 255 255 255 255 255 255 255 255 255 255 255 255 255 255 255 255 255 255 255 255 255 255 255 255 255 255 255 255 255 255 255 255 255 255 255 255 255 255 255 255 255 255 255 255 255 255 255 255 255 255 255 255 255 255 255 255 255 255 255 255 255 255 255 255 255 255 255 255 255 255 255 
255 255 255 255 255 255 255 255 255 255 255 255 255 255 255 255 255 255 255 255 255 255 255 255 255 255 255 255 255 255 255 255 255 255 255 255 255 255 255 255 255 255 255 255 255 255 255 255 255 255 255 255 255 255 255 255 255 255 255 255 255 255 255 255 255 255 255 255 255 255 255 255 
255 255 255 255 255 255 255 255 255 255 255 255 255 255 255 255 255 255 255 255 255 255 255 255 255 255 255 255 255 255 255 255 255 255 255 255 255 255 255 255 255 255 255 255 255 255 255 255 255 255 255 255 255 255 255 255 255 255 255 255 255 255 255 255 255 255 255 255 255 255 255 255 
255 255 255 255 255 255 255 255 255 255 255 255 255 255 255 255 255 255 255 255 255 255 255 255 255 255 255 255 255 255 255 255 255 255 255 255 255 255 255 255 255 255 255 255 255 255 255 255 255 255 255 255 255 255 255 255 255 255 255 255 255 255 255 255 255 255 255 255 255 255 255 255 
255 255 255 255 255 255 255 255 255 255 255 255 255 255 255 255 255 255 255 255 255 255 255 255 255 255 255 255 255 255 255 255 255 255 255 255 255 255 255 255 255 255 255 255 255 255 255 255 255 255 255 255 255 255 255 255 255 255 255 255 255 255 255 255 255 255 255 255 255 255 255 255 
255 255 255 255 255 255 255 255 255 255 255 255 255 255 255 255 255 255 255 255 255 255 255 255 255 255 255 255 255 255 255 255 255 255 255 255 255 255 255 255 255 255 255 255 255 255 255 255 255 255 255 255 255 255 255 255 255 255 255 255 255 255 255 255 255 255 255 255 255 255 255 255 
255 255 255 255 255 255 255 255 255 255 255 255 255 255 255 255 255 255 255 255 255 255 255 255 255 255 255 255 255 255 255 255 255 255 255 255 255 255 255 255 255 255 255 255 255 255 255 255 255 255 255 255 255 255 255 255 255 255 255 255 255 255 255 255 255 255 255 255 255 255 255 255 
255 255 255 255 255 255 255 255 255 255 255 255 255 255 255 255 255 255 255 255 255 255 255 255 255 255 255 255 255 255 255 255 255 255 255 255 255 255 255 255 255 255 255 255 255 255 255 255 255 255 255 255 255 255 255 255 255 255 255 255 255 255 255 255 255 255 255 255 255 255 255 255 
255 255 255 255 255 255 255 255 255 255 255 255 255 255 255 255 255 255 255 255 255 255 255 255 255 255 255 255 255 255 255 255 255 255 255 255 255 255 255 255 255 255 255 255 255 255 255 255 255 255 255 255 255 255 255 255 255 255 255 255 255 255 255 255 255 255 255 255 255 255 255 255 
255 255 255 255 255 255 255 255 255 255 255 255 255 255 255 255 255 255 255 255 255 255 255 255 255 255 255 255 255 255 255 255 255 255 255 255 255 255 255 255 255 255 255 255 255 255 255 255 255 255 255 255 255 255 255 255 255 255 255 255 255 255 255 255 255 255 255 255 255 255 255 255 
255 255 255 255 255 255 255 255 255 255 255 255 255 255 255 255 255 255 255 255 255 255 255 255 255 255 255 255 255 255 255 255 255 255 255 255 255 255 255 255 255 255 255 255 255 255 255 255 255 255 255 255 255 255 255 255 255 255 255 255 255 255 255 255 255 255 255 255 255 255 255 255 
255 255 255 255 255 255 255 255 255 255 255 255 255 255 255 255 255 255 255 255 255 255 255 255 255 255 255 255 255 255 255 255 255 255 255 255 255 255 255 255 255 255 255 255 255 255 255 255 255 255 255 255 255 255 255 255 255 255 255 255 255 255 255 255 255 255 255 255 255 255 255 255 
255 255 255 255 255 255 255 255 255 255 255 255 255 255 255 255 255 255 255 255 255 255 255 255 255 255 255 255 255 255 255 255 255 255 255 255 255 255 255 255 255 255 255 255 255 255 255 255 255 255 255 255 255 255 255 255 255 255 255 255 255 255 255 255 255 255 255 255 255 255 255 255 
255 255 255 255 255 255 255 255 255 255 255 255 255 255 255 255 255 255 255 255 255 255 255 255 255 255 255 255 255 255 255 255 255 255 255 255 255 255 255 255 255 255 255 255 255 255 255 255 255 255 255 255 255 255 255 255 255 255 255 255 255 255 255 255 255 255 255 255 255 255 255 255 
255 255 255 255 255 255 255 255 255 255 255 255 255 255 255 255 255 255 255 255 255 255 255 255 255 255 255 255 255 255 255 255 255 255 255 255 255 255 255 255 255 255 255 255 255 255 255 255 255 255 255 255 255 255 255 255 255 255 255 255 255 255 255 255 255 255 255 255 255 255 255 255 
255 255 255 255 255 255 255 255 255 255 255 255 255 255 255 255 255 255 255 255 255 255 255 255 255 255 255 255 255 255 255 255 255 255 255 255 255 255 255 255 255 255 255 255 255 255 255 255 255 255 255 255 255 255 255 255 255 255 255 255 255 255 255 255 255 255 255 255 255 255 255 255 
255 255 255 255 255 255 255 255 255 255 255 255 255 255 255 255 255 255 255 255 255 255 255 255 255 255 255 255 255 255 255 255 255 255 255 255 255 255 255 255 255 255 255 255 255 255 255 255 255 255 255 255 255 255 255 255 255 255 255 255 255 255 255 255 255 255 255 255 255 255 255 255 
255 255 255 255 255 255 255 255 255 255 255 255 255 255 255 255 255 255 255 255 255 255 255 255 255 255 255 255 255 255 255 255 255 255 255 255 255 255 255 255 255 255 255 255 255 255 255 255 255 255 255 255 255 255 255 255 255 255 255 255 255 255 255 255 255 255 255 255 255 255 255 255 
117 204 255 255 255 255 255 255 255 255 255 255 255 255 255 255 255 255 255 255 255 255 255 255 255 250 202 145 089 033 198 255 255 255 255 255 255 255 255 255 255 255 255 255 255 255 255 255 255 255 255 255 255 255 255 255 255 255 255 255 254 255 255 255 255 255 255 255 255 255 255 255 
001 243 255 255 255 255 255 255 255 255 255 255 255 255 255 255 255 255 255 255 255 255 255 255 255 158 000 000 000 000 135 255 255 255 255 255 255 255 255 255 255 255 255 255 255 255 255 255 255 255 255 255 255 255 255 255 255 255 255 255 048 138 246 255 255 255 255 255 255 255 255 255 
033 255 255 255 255 255 255 255 255 255 255 255 255 255 255 255 255 255 255 255 255 255 255 255 255 254 047 000 000 000 071 255 255 255 255 255 255 255 255 255 255 255 255 255 255 255 255 255 255 255 255 255 255 255 255 255 255 255 255 188 000 000 017 101 211 255 255 255 255 255 255 255 
054 255 255 255 255 255 255 255 255 255 255 255 255 255 255 255 255 255 255 255 255 255 255 255 255 255 161 000 000 000 007 241 255 255 255 255 255 255 255 255 255 255 255 255 255 255 255 255 255 255 255 255 255 255 255 255 255 255 255 059 000 000 000 040 215 255 255 255 255 255 255 255 
057 255 255 255 255 255 255 255 255 255 255 255 255 255 255 255 255 255 255 255 255 255 255 255 255 255 250 022 000 000 000 162 255 255 255 255 255 255 255 255 255 255 255 255 255 255 255 255 255 255 255 255 255 255 255 255 255 255 184 000 000 000 022 226 255 146 127 142 156 159 162 164 
060 255 255 255 255 255 255 255 255 243 070 084 098 111 125 139 153 160 161 163 164 166 167 169 170 172 173 058 000 000 000 061 173 170 168 166 163 161 158 156 153 142 128 113 099 085 070 249 255 255 255 255 255 255 255 255 255 243 036 000 000 005 193 255 255 058 000 000 000 000 000 000 
062 255 255 255 255 255 255 255 255 239 000 000 000 000 000 000 000 000 000 000 000 000 000 000 000 000 000 000 000 000 000 000 000 000 000 000 000 000 000 000 000 000 000 000 000 000 000 247 255 255 255 255 255 255 255 255 255 099 000 000 000 148 255 255 255 058 000 000 000 000 000 000 
063 255 255 255 255 255 255 255 255 239 000 000 000 000 000 000 000 000 000 000 000 000 000 000 000 000 000 000 000 000 000 000 000 000 000 000 000 000 000 000 000 000 000 000 000 000 000 247 255 255 255 255 255 255 255 255 173 000 000 000 099 255 255 255 255 164 149 163 176 180 184 187 
063 255 255 255 255 255 255 255 255 239 000 000 000 000 000 000 000 000 000 000 000 000 002 004 000 005 006 006 005 005 005 004 004 003 003 003 002 002 000 000 000 000 000 000 000 000 000 247 255 255 255 255 255 255 255 199 010 000 000 056 248 255 255 255 255 255 255 255 255 255 255 255 
063 255 255 255 255 255 255 255 255 249 159 173 188 202 217 231 237 241 244 248 251 255 255 145 000 052 218 255 255 255 255 255 255 255 255 255 255 255 251 239 227 216 204 192 180 169 157 252 255 255 255 255 255 255 213 018 000 000 023 229 255 224 255 255 255 255 255 255 255 255 255 255 
063 255 255 255 255 255 255 255 255 255 255 255 255 255 255 255 255 255 255 255 255 255 232 015 000 000 003 066 176 255 255 255 255 255 255 255 255 255 255 255 255 255 255 255 255 255 255 255 255 255 255 255 255 216 027 000 000 005 194 255 255 073 096 242 255 255 150 065 080 095 109 112 
063 255 255 255 255 255 255 255 255 255 255 255 255 255 255 255 255 255 255 255 255 255 086 000 000 000 000 089 206 255 255 255 255 255 255 255 255 255 255 255 255 255 255 255 255 255 255 255 255 255 255 255 234 021 000 000 000 145 255 255 225 004 000 031 154 250 135 000 000 000 000 000 
063 255 255 255 255 255 255 255 255 255 255 255 255 255 255 255 255 255 255 255 255 162 000 000 000 000 134 255 255 255 255 255 255 255 255 234 255 255 255 255 255 255 255 255 255 255 255 255 255 255 255 255 255 175 001 000 089 255 255 255 106 000 000 000 062 232 150 000 000 013 022 022 
063 255 255 255 255 255 255 255 255 255 255 255 255 255 255 255 255 255 255 255 223 014 000 000 000 130 255 255 255 255 255 255 255 255 235 017 081 217 255 255 255 255 255 255 255 255 255 255 255 255 255 255 255 255 125 040 243 255 255 231 008 000 000 077 252 255 156 000 000 145 255 255 
063 255 255 255 255 255 255 255 255 255 255 255 255 255 255 255 255 255 255 251 059 000 000 000 121 255 255 255 255 255 255 255 255 255 087 000 000 002 076 184 255 255 255 255 255 255 255 255 255 255 255 255 255 255 245 214 255 255 255 109 000 000 051 245 255 255 159 000 000 145 255 255 
063 255 255 255 255 255 255 255 255 255 255 255 255 255 255 255 255 255 253 089 000 000 000 109 255 255 255 255 255 255 255 255 255 152 000 000 000 000 005 124 255 255 255 255 255 255 255 255 255 255 255 255 255 255 255 255 255 255 208 003 000 013 222 255 255 255 161 000 000 145 255 255 
063 255 255 255 255 255 255 255 255 255 255 255 255 255 255 255 255 255 101 000 000 000 095 254 255 255 255 255 255 255 255 255 210 008 000 000 000 021 201 255 255 255 255 255 255 255 255 255 255 255 255 255 255 255 255 255 255 252 054 000 000 159 255 255 255 255 158 000 000 145 255 255 
063 255 255 255 255 255 255 255 255 255 255 255 255 255 255 255 244 096 000 000 000 076 251 255 255 255 255 255 255 255 255 237 037 000 000 000 020 211 255 255 255 255 255 255 255 255 255 255 255 255 255 255 255 255 255 255 255 133 000 000 046 255 255 255 255 255 156 000 000 131 229 229 
063 255 255 255 255 255 255 255 255 255 255 255 255 255 255 201 036 000 000 000 058 246 255 255 255 255 255 255 250 242 233 064 000 000 000 019 209 255 255 255 255 255 255 255 255 255 255 255 255 255 255 255 255 255 255 255 180 003 000 000 058 255 255 255 255 255 147 000 000 000 000 000 
063 255 255 255 255 255 255 255 255 255 255 255 255 238 094 004 000 000 000 000 045 052 044 036 027 019 011 003 000 000 000 000 000 000 014 204 255 255 255 255 255 255 255 255 255 255 255 255 255 255 255 255 255 255 255 206 011 000 000 000 058 255 255 255 255 255 132 000 000 000 000 000 
063 255 255 255 255 255 255 255 255 255 255 255 255 252 033 000 000 000 000 000 000 000 000 000 000 000 000 000 000 000 000 000 000 010 196 255 255 255 255 255 255 255 255 255 255 255 255 255 255 255 255 255 255 255 227 026 000 000 000 000 058 255 255 255 255 255 175 114 127 140 153 165 
063 255 255 255 255 255 255 255 255 255 255 255 255 255 110 000 000 000 000 000 000 000 000 000 000 000 004 024 007 000 000 000 007 187 255 255 255 255 255 255 255 255 255 255 255 255 255 255 255 255 255 255 255 236 046 000 000 000 000 000 058 255 255 255 255 255 255 255 255 255 255 255 
063 255 255 255 255 255 255 255 255 255 255 255 255 255 177 000 000 000 030 083 116 144 167 190 212 235 254 162 001 000 000 005 178 255 255 255 255 255 255 255 255 255 255 255 255 255 255 255 255 255 255 255 213 034 000 000 004 092 000 000 058 255 255 255 191 190 205 221 227 228 229 230 
063 255 255 255 255 255 255 255 255 255 255 255 255 255 210 103 177 231 255 255 255 255 255 255 255 255 177 004 000 000 007 177 255 255 255 255 255 255 255 255 255 255 255 255 255 255 255 255 255 255 255 255 151 000 000 000 132 146 000 000 058 255 255 255 045 000 000 000 000 000 000 000 
063 255 255 255 255 255 255 255 255 255 255 255 255 255 255 255 255 255 255 255 255 255 255 255 255 189 007 000 000 009 185 255 255 255 255 255 227 253 255 255 255 255 255 255 255 255 255 255 255 255 255 255 255 066 000 065 253 146 000 000 058 255 255 255 045 000 000 000 000 000 000 000 
063 255 255 255 255 255 255 255 255 255 255 255 255 255 255 255 255 255 255 255 255 255 255 255 180 008 000 000 012 192 255 255 255 255 250 134 010 130 255 255 255 255 255 255 255 255 255 255 255 255 255 255 255 211 036 237 255 146 000 000 058 255 255 255 107 089 104 120 126 127 128 129 
063 255 255 255 255 255 255 255 255 255 255 255 255 255 255 255 255 255 255 255 255 255 255 167 005 000 000 016 200 255 255 255 255 201 041 000 000 003 193 255 255 255 255 255 255 255 255 255 255 255 255 255 255 255 232 255 255 146 000 000 058 255 255 255 255 255 255 255 255 255 255 255 
063 255 255 255 255 255 255 255 255 255 255 255 255 255 255 255 255 255 255 255 255 255 154 002 000 000 020 206 255 255 255 255 255 221 018 000 000 000 027 235 255 255 255 255 255 255 255 255 255 255 255 255 255 255 255 255 255 146 000 000 058 255 255 255 255 255 255 255 255 255 255 255 
063 255 255 255 255 255 255 255 255 255 255 255 255 255 255 255 255 255 255 255 255 139 000 000 000 024 213 255 255 255 255 255 255 255 190 004 000 000 000 074 254 255 255 255 255 255 255 255 255 255 255 255 255 255 255 255 255 146 000 000 058 255 255 255 255 214 215 252 255 255 047 074 
063 255 255 255 255 255 255 255 255 255 255 255 255 255 255 255 255 255 255 245 097 000 000 000 029 218 255 255 255 255 255 255 255 255 255 136 000 000 000 000 138 255 255 255 255 255 255 255 255 255 255 255 255 255 255 255 255 146 000 000 058 255 255 255 255 078 000 009 145 255 039 000 
063 255 255 255 255 255 255 255 255 255 255 255 255 255 255 255 255 255 213 042 000 000 000 042 224 255 255 255 255 255 255 255 255 255 255 252 057 000 000 000 005 203 255 255 255 255 255 255 255 255 255 255 255 255 255 255 255 146 000 000 058 255 255 255 253 022 000 000 204 255 044 000 
063 255 255 255 255 255 255 255 255 255 255 255 255 255 255 255 253 154 010 000 000 000 068 240 255 255 255 255 255 255 255 255 255 255 255 255 216 007 000 000 000 038 244 255 255 255 255 255 255 255 255 255 255 255 255 255 255 146 000 000 058 255 255 255 182 000 000 037 255 255 044 000 
064 255 255 255 255 255 255 255 255 255 255 255 255 255 254 169 042 000 000 000 000 100 251 255 255 255 248 224 199 174 150 125 100 076 051 026 004 000 000 000 000 000 099 255 255 255 255 255 255 255 255 255 255 255 255 255 255 146 000 000 058 255 255 255 078 000 000 126 255 255 044 000 
066 255 255 255 255 255 255 255 255 255 255 255 255 149 040 000 000 000 000 000 035 115 091 066 042 017 000 000 000 000 000 000 000 000 000 000 000 000 000 000 000 000 000 172 255 255 255 255 255 255 255 255 255 255 255 255 255 143 000 000 058 255 255 227 003 000 000 214 255 255 044 000 
070 255 255 255 255 255 255 255 255 255 255 255 255 147 000 000 000 000 000 000 000 000 000 000 000 000 000 000 000 000 000 000 000 000 000 000 000 000 017 003 000 000 000 017 227 255 255 255 255 255 255 255 255 255 255 255 255 140 000 000 058 255 255 126 000 000 044 255 255 255 044 000 
109 255 255 255 255 255 255 255 255 255 255 255 255 243 013 000 000 000 000 000 000 000 000 000 000 000 000 000 005 030 057 084 111 138 165 192 219 245 255 108 000 000 000 000 064 254 255 255 255 255 255 255 255 255 255 255 255 137 000 000 058 255 232 017 000 000 118 255 255 255 047 000 
159 255 255 255 255 255 255 255 255 255 255 255 255 255 077 000 000 000 000 011 040 069 097 124 151 178 205 232 254 255 255 255 255 255 255 255 255 255 255 236 016 000 000 035 185 255 255 255 255 255 255 255 255 255 255 255 255 125 000 000 058 255 090 000 000 000 191 255 255 255 098 000 
238 255 255 255 255 255 255 255 255 255 255 255 255 255 138 038 110 163 216 254 255 255 255 255 255 255 255 255 255 255 255 255 255 255 255 255 255 255 255 255 137 006 124 247 255 255 255 255 255 255 255 255 255 255 255 255 255 100 000 000 058 255 237 150 055 014 250 255 255 255 217 056 
255 255 255 255 255 255 255 255 255 255 255 255 255 255 247 255 255 255 255 255 255 255 255 255 255 255 255 255 255 255 255 255 255 255 255 255 255 255 255 255 247 215 255 255 255 255 255 255 255 255 255 255 255 255 255 255 255 074 000 000 058 255 255 255 255 232 255 255 255 255 255 255 
255 255 255 255 255 255 255 255 255 255 255 255 255 255 255 255 255 255 255 255 255 255 255 255 255 255 255 255 255 255 255 255 255 255 255 255 255 255 255 255 255 255 255 255 255 255 255 255 255 255 255 255 255 255 255 255 255 134 101 101 137 255 255 255 255 255 255 255 255 255 255 255 
255 255 255 255 255 255 255 255 255 255 255 255 255 255 255 255 255 255 255 255 255 255 255 255 255 255 255 255 255 255 255 255 255 255 255 255 255 255 255 255 255 255 255 255 255 255 255 255 255 255 255 255 255 255 255 255 255 255 255 255 255 255 255 255 255 255 255 255 255 255 255 255 
255 255 255 255 255 255 255 255 255 255 255 255 255 255 255 255 255 255 255 255 255 255 255 255 255 255 255 255 255 255 255 255 255 255 255 255 255 255 255 255 255 255 255 255 255 255 255 255 255 255 255 255 255 255 255 255 255 255 255 255 255 255 255 255 255 255 255 255 255 255 255 255 
255 255 255 255 255 255 255 255 255 255 255 255 255 255 255 255 255 255 255 255 255 255 255 255 255 255 255 255 255 255 255 255 255 255 255 255 255 255 255 255 255 255 255 255 255 255 255 255 255 255 255 255 255 255 255 255 255 255 255 255 255 255 255 255 255 255 255 255 255 255 255 255 
255 255 255 255 255 255 255 255 255 255 255 255 255 255 255 255 255 255 255 255 255 255 255 255 255 255 255 255 255 255 255 255 255 255 255 255 255 255 255 255 255 255 255 255 255 255 255 255 255 255 255 255 255 255 255 255 255 255 255 255 255 255 255 255 255 255 255 255 255 255 255 255 
255 255 255 255 255 255 255 255 255 255 255 255 255 255 255 255 255 255 255 255 255 255 255 255 255 255 255 255 255 255 255 255 255 255 255 255 255 255 255 255 255 255 255 255 255 255 255 255 255 255 255 255 255 255 255 255 255 255 255 255 255 255 255 255 255 255 255 255 255 255 255 255 
255 255 255 255 255 255 255 255 255 255 255 255 255 255 255 255 255 255 255 255 255 255 255 255 255 255 255 255 255 255 255 255 255 255 255 255 255 255 255 255 255 255 255 255 255 255 255 255 255 255 255 255 255 255 255 255 255 255 255 255 255 255 255 255 255 255 255 255 255 255 255 255 
255 255 255 255 255 255 255 255 255 255 255 255 255 255 255 255 255 255 255 255 255 255 255 255 255 255 255 255 255 255 255 255 255 255 255 255 255 255 255 255 255 255 255 255 255 255 255 255 255 255 255 255 255 255 255 255 255 255 255 255 255 255 255 255 255 255 255 255 255 255 255 255 
255 255 255 255 255 255 255 255 255 255 255 255 255 255 255 255 255 255 255 255 255 255 255 255 255 255 255 255 255 255 255 255 255 255 255 255 255 255 255 255 255 255 255 255 255 255 255 255 255 255 255 255 255 255 255 255 255 255 255 255 255 255 255 255 255 255 255 255 255 255 255 255 
255 255 255 255 255 255 255 255 255 255 255 255 255 255 255 255 255 255 255 255 255 255 255 255 255 255 255 255 255 255 255 255 255 255 255 255 255 255 255 255 255 255 255 255 255 255 255 255 255 255 255 255 255 255 255 255 255 255 255 255 255 255 255 255 255 255 255 255 255 255 255 255 
255 255 255 255 255 255 255 255 255 255 255 255 255 255 255 255 255 255 255 255 255 255 255 255 255 255 255 255 255 255 255 255 255 255 255 255 255 255 255 255 255 255 255 255 255 255 255 255 255 255 255 255 255 255 255 255 255 255 255 255 255 255 255 255 255 255 255 255 255 255 255 255 
255 255 255 255 255 255 255 255 255 255 255 255 255 255 255 255 255 255 255 255 255 255 255 255 255 255 255 255 255 255 255 255 255 255 255 255 255 255 255 255 255 255 255 255 255 255 255 255 255 255 255 255 255 255 255 255 255 255 255 255 255 255 255 255 255 255 255 255 255 255 255 255 
255 255 255 255 255 255 255 255 255 255 255 255 255 255 255 255 255 255 255 255 255 255 255 255 255 255 255 255 255 255 255 255 255 255 255 255 255 255 255 255 255 255 255 255 255 255 255 255 255 255 255 255 255 255 255 255 255 255 255 255 255 255 255 255 255 255 255 255 255 255 255 255 
255 255 255 255 255 255 255 255 255 255 255 255 255 255 255 255 255 255 255 255 255 255 255 255 255 255 255 255 255 255 255 255 255 255 255 255 255 255 255 255 255 255 255 255 255 255 255 255 255 255 255 255 255 255 255 255 255 255 255 255 255 255 255 255 255 255 255 255 255 255 255 255 
255 255 255 255 255 255 255 255 255 255 255 255 255 255 255 255 255 255 255 255 255 255 255 255 255 255 255 255 255 255 255 255 255 255 255 255 255 255 255 255 255 255 255 255 255 255 255 255 255 255 255 255 255 255 255 255 255 255 255 255 255 255 255 255 255 255 255 255 255 255 255 255 
255 255 255 255 255 255 255 255 255 255 255 255 255 255 255 255 255 255 255 255 255 255 255 255 255 255 255 255 255 255 255 255 255 255 255 255 255 255 255 255 255 255 255 255 255 255 255 255 255 255 255 255 255 255 255 255 255 255 255 255 255 255 255 255 255 255 255 255 255 255 255 255 
255 255 255 255 255 255 255 255 255 255 255 255 255 255 255 255 255 255 255 255 255 255 255 255 255 255 255 255 255 255 255 255 255 255 255 255 255 255 255 255 255 255 255 255 255 255 255 255 255 255 255 255 255 255 255 255 255 255 255 255 255 255 255 255 255 255 255 255 255 255 255 255 
255 255 255 255 255 255 255 255 255 255 255 255 255 255 255 255 255 255 255 255 255 255 255 255 255 255 255 255 255 255 255 255 255 255 255 255 255 255 255 255 255 255 255 255 255 255 255 255 255 255 255 255 255 255 255 255 255 255 255 255 255 255 255 255 255 255 255 255 255 255 255 255 
255 255 255 255 255 255 255 255 255 255 255 255 255 255 255 255 255 255 255 255 255 255 255 255 255 255 255 255 255 255 255 255 255 255 255 255 255 255 255 255 255 255 255 255 255 255 255 255 255 255 255 255 255 255 255 255 255 255 255 255 255 255 255 255 255 255 255 255 255 255 255 255 
255 255 255 255 255 255 255 255 255 255 255 255 255 255 255 255 255 255 255 255 255 255 255 255 255 255 255 255 255 255 255 255 255 255 255 255 255 255 255 255 255 255 255 255 255 255 255 255 255 255 255 255 255 255 255 255 255 255 255 255 255 255 255 255 255 255 255 255 255 255 255 255 
255 255 255 255 255 255 255 255 255 255 255 255 255 255 255 255 255 255 255 255 255 255 255 255 255 255 255 255 255 255 255 255 255 255 255 255 255 255 255 255 255 255 255 255 255 255 255 255 255 255 255 255 255 255 255 255 255 255 255 255 255 255 255 255 255 255 255 255 255 255 255 255 
255 255 255 255 255 255 255 255 255 255 255 255 255 255 255 255 255 255 255 255 255 255 255 255 255 255 255 255 255 255 255 255 255 255 255 255 255 255 255 255 255 255 255 255 255 255 255 255 255 255 255 255 255 255 255 255 255 255 255 255 255 255 255 255 255 255 255 255 255 255 255 255 
255 255 255 255 255 255 255 255 255 255 255 255 255 255 255 255 255 255 255 255 255 255 255 255 255 255 255 255 255 255 255 255 255 255 255 255 255 255 255 255 255 255 255 255 255 255 255 255 255 255 255 255 255 255 255 255 255 255 255 255 255 255 255 255 255 255 255 255 255 255 255 255 
255 255 255 255 255 255 255 255 255 255 255 255 255 255 255 255 255 255 255 255 255 255 255 255 255 255 255 255 255 255 255 255 255 255 255 255 255 255 255 255 255 255 255 255 255 255 255 255 255 255 255 255 255 255 255 255 255 255 255 255 255 255 255 255 255 255 255 255 255 255 255 255 
255 255 255 255 255 255 255 255 255 255 255 255 255 255 255 255 255 255 255 255 255 255 255 255 255 255 255 255 255 255 255 255 255 255 255 255 255 255 255 255 255 255 255 255 255 255 255 255 255 255 255 255 255 255 255 255 255 255 255 255 255 255 255 255 255 255 255 255 255 255 255 255 
255 255 255 255 255 255 255 255 255 255 255 255 255 255 255 255 255 255 255 255 255 255 255 255 255 255 255 255 255 255 255 255 255 255 255 255 255 255 255 255 255 255 255 255 255 255 255 255 255 255 255 255 255 255 255 255 255 255 255 255 255 255 255 255 255 255 255 255 255 255 255 255 
255 255 255 255 255 255 255 255 255 255 255 255 255 255 255 255 255 255 255 255 255 255 255 255 255 255 255 255 255 255 255 255 255 255 255 255 255 255 255 255 255 255 255 255 255 255 255 255 255 255 255 255 255 255 255 255 255 255 255 255 255 255 255 255 255 255 255 255 255 255 255 255 
255 255 255 255 255 255 255 255 255 255 255 255 255 255 255 255 255 255 255 255 255 255 255 255 255 255 255 255 255 255 255 255 255 255 255 255 255 255 255 255 255 255 255 255 255 255 255 255 255 255 255 255 255 255 255 255 255 255 255 255 255 255 255 255 255 255 255 255 255 255 255 255 
255 255 255 255 255 255 255 255 255 255 255 255 255 255 255 255 255 255 255 255 255 255 255 255 255 255 255 255 255 255 255 255 255 255 255 255 255 255 255 255 255 255 255 255 255 255 255 255 255 255 255 255 255 255 255 255 255 255 255 255 255 255 255 255 255 255 255 255 255 255 255 255 
255 255 255 255 255 255 255 255 255 255 255 255 255 255 255 255 255 255 255 255 255 255 255 255 255 255 255 255 255 255 255 255 255 255 255 255 255 255 255 255 216 253 255 255 255 255 255 255 255 255 255 255 255 255 255 255 255 255 255 255 255 255 255 255 255 255 255 255 255 255 255 255 
255 255 255 255 255 255 255 255 255 255 255 255 255 255 255 255 255 255 255 255 255 255 255 255 255 255 255 255 255 255 255 255 255 255 255 255 255 255 255 255 019 012 058 081 102 163 255 255 255 255 255 255 255 255 255 255 255 255 255 255 255 255 255 255 255 255 255 255 255 255 255 255 
255 255 255 255 255 255 255 255 255 255 255 255 255 255 255 255 255 255 255 255 255 255 255 255 255 255 255 255 255 255 255 255 255 255 255 255 255 255 255 255 018 000 000 000 012 185 255 255 255 255 255 255 255 255 255 255 255 255 255 255 255 255 255 255 255 255 255 255 255 255 255 255 
255 255 255 255 255 255 255 255 255 255 255 255 255 255 255 255 255 255 255 255 255 255 255 255 255 255 255 255 255 255 255 255 255 255 255 255 255 255 255 253 003 000 000 000 129 255 255 255 255 255 255 255 255 255 255 255 255 255 255 255 255 255 255 255 255 255 255 255 255 255 255 255 
255 255 255 255 255 255 255 255 255 255 255 255 255 255 255 255 255 255 255 255 255 255 255 255 255 255 255 255 255 255 255 255 255 255 255 255 255 255 255 233 000 000 000 000 187 255 255 255 255 255 255 255 255 255 255 255 255 255 255 255 255 255 255 255 255 255 255 255 255 255 255 255 
255 255 255 255 255 255 255 255 255 255 255 255 255 255 255 255 255 255 255 255 255 255 255 255 255 255 255 255 255 255 255 255 255 255 255 255 255 255 255 211 000 000 000 003 242 255 255 255 255 255 255 255 255 255 255 255 255 255 255 255 255 255 255 255 255 255 255 255 255 255 255 255 
255 255 255 255 255 255 255 255 255 255 255 255 255 255 255 255 255 255 255 255 255 255 255 255 255 255 255 255 255 255 255 255 255 255 255 255 255 255 255 188 000 000 000 047 255 255 255 255 255 255 255 255 255 255 110 107 121 136 147 149 150 153 152 150 148 144 129 112 096 234 255 255 
255 255 255 255 255 255 255 255 255 255 255 255 255 255 255 255 255 255 255 255 255 255 255 255 255 255 255 255 255 255 255 255 255 255 255 255 255 255 255 156 000 000 000 105 255 255 255 255 255 255 255 255 255 255 046 000 000 000 000 000 000 000 000 000 000 000 000 000 000 246 255 255 
255 255 255 255 255 255 255 255 255 255 255 255 255 255 255 255 255 255 255 255 255 255 255 255 255 255 255 255 255 255 255 255 255 255 255 255 255 255 255 121 000 000 000 163 255 255 255 255 255 255 255 255 255 255 052 000 000 000 000 000 000 000 000 000 000 000 000 000 000 255 255 255 
255 255 255 255 255 255 255 255 255 255 255 255 255 255 255 255 255 255 255 255 255 255 255 255 255 255 255 255 255 255 255 255 245 162 187 205 210 215 221 078 000 000 000 190 221 218 215 212 209 192 168 220 255 255 052 000 000 010 051 051 051 051 051 051 051 018 000 000 001 255 255 255 
255 255 255 255 255 255 255 255 255 255 255 255 255 255 255 255 255 255 255 255 255 255 255 255 255 255 255 255 255 255 255 255 230 000 000 000 000 000 000 000 000 000 000 000 000 000 000 000 000 000 000 188 255 255 052 000 000 052 255 255 255 255 255 255 255 092 000 000 001 255 255 255 
255 255 255 255 255 255 255 255 255 255 255 255 255 255 255 255 255 255 255 255 255 255 255 255 255 255 255 255 255 255 255 255 230 000 000 000 000 000 000 000 000 000 000 000 000 000 000 000 000 000 000 216 255 255 052 000 000 052 255 255 255 255 255 255 255 092 000 000 001 255 255 255 
255 255 255 255 255 255 255 255 255 255 255 255 255 255 255 255 255 255 255 255 255 255 255 255 255 255 255 255 255 255 255 255 230 000 000 000 000 000 000 000 000 000 000 000 000 000 000 000 000 000 000 244 255 255 052 000 000 052 255 255 255 255 255 255 255 092 000 000 001 255 255 255 
255 255 255 255 255 255 255 255 255 255 255 255 255 255 255 255 255 255 255 255 255 255 255 255 255 255 255 255 255 255 255 255 246 175 205 229 236 241 189 000 000 000 185 246 246 246 246 062 000 000 016 255 255 255 052 000 000 052 255 255 255 255 255 255 255 092 000 000 001 255 255 255 
255 255 255 255 255 255 255 255 255 255 255 255 255 255 255 255 255 255 255 255 255 255 255 255 255 255 255 255 255 255 255 255 255 255 255 255 255 255 157 000 000 002 243 255 255 255 255 042 000 000 044 255 255 255 052 000 000 052 255 255 255 255 255 255 255 092 000 000 001 255 255 255 
255 255 255 255 255 255 255 255 255 255 255 255 255 255 255 255 255 255 255 255 255 255 255 255 255 255 255 255 255 255 255 255 255 255 255 255 255 255 117 000 000 043 255 255 255 255 255 019 000 000 072 255 255 255 052 000 000 052 255 255 255 255 255 255 255 092 000 000 001 255 255 255 
255 255 255 255 255 255 255 255 255 255 255 255 255 255 255 255 255 255 255 255 255 255 255 255 255 255 255 255 255 255 255 255 255 255 255 255 255 255 076 000 000 098 255 255 255 255 251 001 000 000 105 255 255 255 052 000 000 052 255 255 255 255 255 255 255 092 000 000 001 255 255 255 
255 255 255 255 255 255 255 255 255 255 255 255 255 255 255 255 255 255 255 255 255 255 255 255 255 255 255 255 255 255 255 255 255 255 255 255 255 255 023 000 000 152 255 255 255 255 206 000 000 000 156 255 255 255 052 000 000 052 255 255 255 255 255 255 255 092 000 000 001 255 255 255 
255 255 255 255 255 255 255 255 255 255 255 255 255 255 255 255 255 255 255 255 255 255 255 255 255 255 255 255 255 255 255 255 255 255 255 255 255 219 000 000 000 206 255 255 255 255 147 000 000 000 210 255 255 255 052 000 000 052 255 255 255 255 255 255 255 092 000 000 001 255 255 255 
255 255 255 255 255 255 255 255 255 255 255 255 255 255 255 255 255 255 255 255 255 255 255 255 255 255 255 255 255 255 255 255 255 255 255 255 255 159 000 000 009 251 255 255 255 255 088 000 000 010 252 255 255 255 052 000 000 052 255 255 255 255 255 255 255 092 000 000 001 255 255 255 
255 255 255 255 255 255 255 255 255 255 255 255 255 255 255 255 255 255 255 255 255 255 255 255 255 255 255 255 255 255 255 255 255 255 255 255 255 099 000 000 058 255 255 255 255 255 029 000 000 060 255 255 255 255 052 000 000 052 255 255 255 255 255 255 255 092 000 000 001 255 255 255 
255 255 255 255 255 255 255 255 255 255 255 255 255 255 255 255 255 255 255 255 255 255 255 255 255 255 255 255 255 255 255 255 255 255 255 255 255 039 000 000 112 255 255 255 255 226 000 000 000 113 255 255 255 255 052 000 000 052 255 255 255 255 255 255 255 092 000 000 001 255 255 255 
255 255 255 255 255 255 255 255 255 255 255 255 255 255 255 255 255 255 255 255 255 255 255 255 255 255 255 255 255 255 255 255 255 255 255 255 231 000 000 000 166 255 255 255 255 167 000 000 000 167 255 255 255 255 052 000 000 052 255 255 255 255 255 255 255 092 000 000 001 255 255 255 
255 255 255 255 255 255 255 255 255 255 255 255 255 255 255 255 255 255 255 255 255 255 255 255 255 255 255 255 255 255 255 255 255 255 255 255 152 000 000 000 170 255 255 255 255 091 000 000 007 239 255 255 255 255 052 000 000 052 255 255 255 255 255 255 255 092 000 000 001 255 255 255 
255 255 255 255 255 255 255 255 255 255 255 255 255 255 255 255 255 255 255 255 255 255 255 255 255 255 255 255 255 255 255 255 255 255 255 255 072 000 000 000 000 066 197 255 231 006 000 000 084 255 255 255 255 255 052 000 000 052 255 255 255 255 255 255 255 092 000 000 001 255 255 255 
255 255 255 255 255 255 255 255 255 255 255 255 255 255 255 255 255 255 255 255 255 255 255 255 255 255 255 255 255 255 255 255 255 255 255 255 152 041 000 000 000 000 000 084 102 000 000 000 177 255 255 255 255 255 052 000 000 052 255 255 255 255 255 255 255 092 000 000 001 255 255 255 
255 255 255 255 255 255 255 255 255 255 255 255 255 255 255 255 255 255 255 255 255 255 255 255 255 255 255 255 255 255 255 255 255 255 255 255 255 254 164 032 000 000 000 000 000 000 000 033 251 255 255 255 255 255 052 000 000 052 255 255 255 255 255 255 255 092 000 000 001 255 255 255 
255 255 255 255 255 255 255 255 255 255 255 255 255 255 255 255 255 255 255 255 255 255 255 255 255 255 255 255 255 255 255 255 255 255 255 255 255 255 255 249 143 014 000 000 000 000 000 114 255 255 255 255 255 255 052 000 000 052 255 255 255 255 255 255 255 092 000 000 001 255 255 255 
255 255 255 255 255 255 255 255 255 255 255 255 255 255 255 255 255 255 255 255 255 255 255 255 255 255 255 255 255 255 255 255 255 255 255 255 255 255 255 255 255 226 062 000 000 000 000 000 086 232 255 255 255 255 052 000 000 052 255 255 255 255 255 255 255 092 000 000 001 255 255 255 
255 255 255 255 255 255 255 255 255 255 255 255 255 255 255 255 255 255 255 255 255 255 255 255 255 255 255 255 255 255 255 255 255 255 255 255 255 255 255 255 255 248 049 000 000 000 000 000 000 017 155 255 255 255 052 000 000 052 255 255 255 255 255 255 255 092 000 000 001 255 255 255 
255 255 255 255 255 255 201 170 146 121 097 084 253 255 255 255 255 255 255 255 255 255 255 255 255 255 255 255 255 255 255 255 255 255 255 255 255 255 255 255 253 089 000 000 000 010 000 000 000 000 000 070 227 255 052 000 000 052 255 255 255 255 255 255 255 092 000 000 001 255 255 255 
255 255 255 255 255 253 007 000 000 000 000 087 255 255 255 255 255 255 255 255 255 255 255 255 255 255 255 255 255 255 255 255 255 255 255 255 255 255 255 254 098 000 000 000 041 234 104 000 000 000 000 000 016 225 052 000 000 017 082 082 082 082 082 082 082 030 000 000 001 255 255 255 
255 255 255 255 255 220 000 000 000 000 000 172 255 255 255 255 255 255 255 255 255 255 255 255 255 255 255 255 255 255 255 255 255 255 255 255 255 255 248 097 000 000 000 016 218 255 255 164 010 000 000 000 142 255 052 000 000 000 000 000 000 000 000 000 000 000 000 000 001 255 255 255 
255 255 255 255 255 177 000 000 000 000 020 247 255 255 255 255 255 255 255 255 255 255 255 255 255 255 255 255 255 255 255 255 255 255 255 255 255 220 049 000 000 000 013 192 255 255 255 255 206 030 000 102 255 255 051 000 000 000 000 000 000 000 000 000 000 000 000 000 000 253 255 255 
255 255 255 255 255 119 000 000 000 000 119 255 255 255 255 255 255 255 255 255 255 255 255 255 255 255 255 255 255 255 255 255 255 255 255 255 173 015 000 000 000 022 205 255 255 255 255 255 255 234 090 242 255 255 048 000 000 027 133 133 133 133 133 133 133 048 000 000 000 249 255 255 
255 255 255 255 255 062 000 000 000 002 224 255 255 255 255 255 255 255 255 255 255 255 255 255 255 255 255 255 255 255 255 255 255 255 233 102 000 000 000 000 033 219 255 255 255 255 255 255 255 255 255 255 255 255 045 000 000 052 255 255 255 255 255 255 255 092 000 000 000 239 255 255 
255 255 255 255 251 009 000 000 000 078 255 255 255 255 255 255 255 255 255 255 255 255 255 255 255 255 255 255 255 255 255 255 244 129 013 000 000 000 000 046 230 255 255 255 255 255 255 255 255 255 255 255 255 255 023 000 000 052 255 255 255 255 255 255 255 092 000 000 000 217 255 255 
255 255 255 255 203 000 000 000 000 186 255 255 255 255 255 255 255 255 255 255 255 255 255 255 255 255 255 255 255 255 255 255 201 036 000 000 000 000 062 240 255 255 255 255 255 255 255 255 255 255 255 255 255 251 002 000 000 052 255 255 255 255 255 255 255 092 000 000 000 195 255 255 
255 255 255 255 145 000 000 000 041 254 255 255 255 255 255 255 255 255 255 255 255 255 255 255 255 255 255 255 255 255 255 255 255 234 049 000 001 114 248 255 255 255 255 255 255 255 255 255 255 255 255 255 255 232 026 026 026 074 255 255 255 255 255 255 255 217 194 194 194 238 255 255 
255 255 255 255 073 000 000 000 178 255 255 255 255 255 255 255 255 255 255 255 255 255 255 255 255 255 255 255 255 255 255 255 255 255 240 064 190 255 255 255 255 255 255 255 255 255 255 255 255 255 255 255 255 255 255 255 255 255 255 255 255 255 255 255 255 255 255 255 255 255 255 255 
255 255 255 244 010 024 050 107 255 255 255 255 255 255 255 255 255 255 255 255 255 255 255 255 255 255 255 255 255 255 255 255 255 255 255 255 255 255 255 255 255 255 255 255 255 255 255 255 255 255 255 255 255 255 255 255 255 255 255 255 255 255 255 255 255 255 255 255 255 255 255 255 
255 255 255 252 251 255 255 255 255 255 255 255 255 255 255 255 255 255 255 255 255 255 255 255 255 255 255 255 255 255 255 255 255 255 255 255 255 255 255 255 255 255 255 255 255 255 255 255 255 255 255 255 255 255 255 255 255 255 255 255 255 255 255 255 255 255 255 255 255 255 255 255 
255 255 255 255 255 255 255 255 255 255 255 255 255 255 255 255 255 255 255 255 255 255 255 255 255 255 255 255 255 255 255 255 255 255 255 255 255 255 255 255 255 255 255 255 255 255 255 255 255 255 255 255 255 255 255 255 255 255 255 255 255 255 255 255 255 255 255 255 255 255 255 255 
255 255 255 255 255 255 255 255 255 255 255 255 255 255 255 255 255 255 255 255 255 255 255 255 255 255 255 255 255 255 255 255 255 255 255 255 255 255 255 255 255 255 255 255 255 255 255 255 255 255 255 255 255 255 255 255 255 255 255 255 255 255 255 255 255 255 255 255 255 255 255 255 
255 255 255 255 255 255 255 255 255 255 255 255 255 255 255 255 255 255 255 255 255 255 255 255 255 255 255 255 255 255 255 255 255 255 255 255 255 255 255 255 255 255 255 255 255 255 255 255 255 255 255 255 255 255 255 255 255 255 255 255 255 255 255 255 255 255 255 255 255 255 255 255 
255 255 255 255 255 255 255 255 255 255 255 255 255 255 255 255 255 255 255 255 255 255 255 255 255 255 255 255 255 255 255 255 255 255 255 255 255 255 255 255 255 255 255 255 255 255 255 255 255 255 255 255 255 255 255 255 255 255 255 255 255 255 255 255 255 255 255 255 255 255 255 255 
255 255 255 255 255 255 255 255 255 255 255 255 255 255 255 255 255 255 255 255 255 255 255 255 255 255 255 255 255 255 255 255 255 255 255 255 255 255 255 255 255 255 255 255 255 255 255 255 255 255 255 255 255 255 255 255 255 255 255 255 255 255 255 255 255 255 255 255 255 255 255 255 
255 255 255 255 255 255 255 255 255 255 255 255 255 255 255 255 255 255 255 255 255 255 255 255 255 255 255 255 255 255 255 255 255 255 255 255 255 255 255 255 255 255 255 255 255 255 255 255 255 255 255 255 255 255 255 255 255 255 255 255 255 255 255 255 255 255 255 255 255 255 255 255 
255 255 255 255 255 255 255 255 255 255 255 255 255 255 255 255 255 255 255 255 255 255 255 255 255 255 255 255 255 255 255 255 255 255 255 255 255 255 255 255 255 255 255 255 255 255 255 255 255 255 255 255 255 255 255 255 255 255 255 255 255 255 255 255 255 255 255 255 255 255 255 255 
255 255 255 255 255 255 255 255 255 255 255 255 255 255 255 255 255 255 255 255 255 255 255 255 255 255 255 255 255 255 255 255 255 255 255 255 255 255 255 255 255 255 255 255 255 255 255 255 255 255 255 255 255 255 255 255 255 255 255 255 255 255 255 255 255 255 255 255 255 255 255 255 
255 255 255 255 255 255 255 255 255 255 255 255 255 255 255 255 255 255 255 255 255 255 255 255 255 255 255 255 255 255 255 255 255 255 255 255 255 255 255 255 255 255 255 255 255 255 255 255 255 255 255 255 255 255 255 255 255 255 255 255 255 255 255 255 255 255 255 255 255 255 255 255 
255 255 255 255 255 255 255 255 255 255 255 255 255 255 255 255 255 255 255 255 255 255 255 255 255 255 255 255 255 255 255 255 255 255 255 255 255 255 255 255 255 255 255 255 255 255 255 255 255 255 255 255 255 255 255 255 255 255 255 255 255 255 255 255 255 255 255 255 255 255 255 255 
255 255 255 255 255 255 255 255 255 255 255 255 255 255 255 255 255 255 255 255 255 255 255 255 255 255 255 255 255 255 255 255 255 255 255 255 255 255 255 255 255 255 255 255 255 255 255 255 255 255 255 255 255 255 255 255 255 255 255 255 255 255 255 255 255 255 255 255 255 255 255 255 
255 255 255 255 255 255 255 255 255 255 255 255 255 255 255 255 255 255 255 255 255 255 255 255 255 255 255 255 255 255 255 255 255 255 255 255 255 255 255 255 255 255 255 255 255 255 255 255 255 255 255 255 255 255 255 255 255 255 255 255 255 255 255 255 255 255 255 255 255 255 255 255 
255 255 255 255 255 255 255 255 255 255 255 255 255 255 255 255 255 255 255 255 255 255 255 255 255 255 255 255 255 255 255 255 255 255 255 255 255 255 255 255 255 255 255 255 255 255 255 255 255 255 255 255 255 255 255 255 255 255 255 255 255 255 255 255 255 255 255 255 255 255 255 255 
255 255 255 255 255 255 255 255 255 255 255 255 255 255 255 255 255 255 255 255 255 255 255 255 255 255 255 255 255 255 255 255 255 255 255 255 255 255 255 255 255 255 255 255 255 255 255 255 255 255 255 255 255 255 255 255 255 255 255 255 255 255 255 255 255 255 255 255 255 255 255 255 
255 255 255 255 255 255 255 255 255 255 255 255 255 255 255 255 255 255 255 255 255 255 255 255 255 255 255 255 255 255 255 255 255 255 255 255 255 255 255 255 255 255 255 255 255 255 255 255 255 255 255 255 255 255 255 255 255 255 255 255 255 255 255 255 255 255 255 255 255 255 255 255 
255 255 255 255 255 255 255 255 255 255 255 255 255 255 255 255 255 255 255 255 255 255 255 255 255 255 255 255 255 255 255 255 255 255 255 255 255 255 255 255 255 255 255 255 255 255 255 255 255 255 255 255 255 255 255 255 255 255 255 255 255 255 255 255 255 255 255 255 255 255 255 255 
255 255 255 255 255 255 255 255 255 255 255 255 255 255 255 255 255 255 255 255 255 255 255 255 255 255 255 255 255 255 255 255 255 255 255 255 255 255 255 255 255 255 255 255 255 255 255 255 255 255 255 255 255 255 255 255 255 255 255 255 255 255 255 255 255 255 255 255 255 255 255 255 
255 255 255 255 255 255 255 255 255 255 255 255 255 255 255 255 255 255 255 255 255 255 255 255 255 255 255 255 255 255 255 255 255 255 255 255 255 255 255 255 255 255 255 255 255 255 255 255 255 255 255 255 255 255 255 255 255 255 255 255 255 255 255 255 255 255 255 255 255 255 255 255 
255 255 255 255 255 255 255 255 255 255 255 255 255 255 255 255 255 255 255 255 255 255 255 255 255 255 255 255 255 255 255 255 255 255 255 255 255 255 255 255 255 255 255 255 255 255 255 255 255 255 255 255 255 255 255 255 255 255 255 255 255 255 255 255 255 255 255 255 255 255 255 255 
255 255 255 255 255 255 255 255 255 255 255 255 255 255 255 255 255 255 255 255 255 255 255 255 255 255 255 255 255 255 255 255 255 255 255 255 255 255 255 255 255 255 255 255 255 255 255 255 255 255 255 255 255 255 255 255 255 255 255 255 255 255 255 255 255 255 255 255 255 255 255 255 
255 255 255 255 255 255 255 255 255 255 255 255 255 255 255 255 255 255 255 255 255 255 255 255 255 255 255 255 255 255 255 255 255 255 255 255 255 255 255 255 255 255 255 255 255 255 255 255 255 255 255 255 255 255 255 255 255 255 255 255 255 255 255 255 255 255 255 255 255 255 255 255 
255 255 255 255 255 255 255 255 255 255 255 255 255 255 255 255 255 255 255 255 255 255 255 255 255 255 255 255 255 255 255 255 255 255 255 255 255 255 255 255 255 255 255 255 255 255 255 255 255 255 255 255 255 255 255 255 255 255 255 255 255 255 255 255 255 255 255 255 255 255 255 255 
255 255 255 255 255 255 255 255 255 255 255 255 255 255 255 255 255 255 255 255 255 255 255 255 255 255 255 255 255 255 255 255 255 255 255 255 255 255 255 255 255 255 255 255 255 255 255 255 255 255 255 255 255 255 255 255 255 255 255 255 255 255 255 255 255 255 255 255 255 255 255 255 
255 255 255 255 255 255 255 255 255 255 255 255 255 255 255 255 255 255 255 255 255 255 255 255 255 255 255 255 255 255 255 255 255 255 255 255 255 255 255 255 255 255 255 255 255 255 255 255 255 255 255 255 255 255 255 255 255 255 255 255 255 255 255 255 255 255 255 255 255 255 255 255 
255 255 255 255 255 255 255 255 255 255 255 255 255 255 255 255 255 255 255 255 255 255 255 255 255 255 255 255 255 255 255 255 255 255 255 255 255 255 255 255 255 255 255 255 255 255 255 255 255 255 255 255 255 255 255 255 255 255 255 255 255 255 255 255 255 255 255 255 255 255 255 255 
255 255 255 255 255 255 255 255 255 255 255 255 255 255 255 255 255 255 255 255 255 255 255 255 255 255 255 255 255 255 255 255 255 255 255 255 255 255 255 255 255 255 255 255 255 255 255 255 255 255 255 255 255 255 255 255 255 255 255 255 255 255 255 255 255 255 255 255 255 255 255 255 
255 255 255 255 255 255 255 255 255 255 255 255 255 255 255 255 255 255 255 255 255 255 255 255 255 255 255 203 183 255 255 255 255 255 255 255 255 255 255 183 159 249 255 255 255 255 255 255 255 255 255 255 255 255 255 255 255 255 255 255 255 255 255 255 255 255 255 255 255 255 255 255 
255 255 255 255 255 255 255 255 255 255 255 255 255 255 255 255 255 255 255 255 255 255 255 255 247 118 033 000 019 244 255 255 255 255 255 255 255 255 255 092 000 026 101 167 255 255 255 255 255 255 255 255 255 255 255 255 255 255 255 255 255 255 255 255 255 255 255 255 255 255 255 255 
255 255 255 255 255 255 255 255 255 255 255 255 255 255 255 255 255 255 255 255 255 255 255 255 255 101 000 000 000 143 255 255 255 255 255 255 255 255 226 007 000 000 000 077 254 255 255 255 255 255 255 255 255 255 255 255 255 255 255 255 255 255 255 255 255 255 255 255 255 255 255 255 
255 255 255 255 255 255 255 255 255 255 255 255 255 255 255 255 255 255 255 255 255 255 255 255 255 243 022 000 000 023 239 255 255 255 255 255 255 255 102 000 000 000 088 254 255 255 255 255 255 255 255 255 255 255 255 255 255 255 255 255 255 255 255 255 255 255 255 255 255 255 255 255 
159 157 155 147 124 102 188 255 255 255 255 255 255 255 255 255 255 255 255 255 255 255 255 255 255 255 146 000 000 000 102 255 255 255 255 255 255 221 005 000 000 057 248 255 255 255 255 255 255 255 255 255 255 255 255 255 255 255 255 255 255 255 255 255 255 255 255 255 255 255 255 255 
000 000 000 000 000 000 178 255 255 255 255 255 255 255 255 255 255 255 255 255 255 255 255 255 255 255 249 032 000 000 008 221 255 255 255 255 255 087 000 000 028 233 255 255 255 255 255 255 255 255 255 255 255 255 255 255 255 255 255 255 255 255 255 255 255 255 255 255 255 255 255 255 
000 000 000 000 000 000 208 255 255 255 255 255 255 255 240 230 242 253 255 255 255 255 255 255 255 255 255 128 056 151 238 255 255 255 255 255 175 000 000 001 189 255 255 255 255 255 255 255 255 255 255 253 236 217 255 255 255 255 255 255 255 255 255 255 255 255 255 255 255 255 255 255 
000 000 000 000 000 000 229 255 255 255 255 255 255 255 135 000 000 000 009 020 032 044 052 053 054 055 056 054 057 058 059 060 061 062 062 063 017 000 000 011 061 057 053 049 045 042 038 034 030 026 018 002 000 002 255 255 255 255 255 255 255 255 255 255 255 255 255 255 255 255 255 255 
234 234 086 000 000 000 234 255 255 255 255 255 255 255 135 000 000 000 000 000 000 000 000 000 000 000 000 000 000 000 000 000 000 000 000 000 000 000 000 000 000 000 000 000 000 000 000 000 000 000 000 000 000 002 255 255 255 255 255 255 255 255 255 255 255 255 255 255 255 255 255 255 
255 255 093 000 000 000 239 255 255 255 255 255 255 255 135 000 000 000 000 000 000 000 000 000 000 000 000 000 000 000 000 000 000 000 000 000 000 000 000 000 000 000 000 000 000 000 000 000 000 000 000 000 000 002 255 255 255 255 255 255 255 255 255 255 255 255 255 255 255 255 255 255 
255 255 093 000 000 000 243 255 255 255 255 255 255 255 167 076 090 104 118 132 145 148 150 151 152 154 155 157 158 160 161 163 047 000 000 000 154 162 160 158 157 155 154 152 150 149 147 146 144 142 131 111 092 075 255 255 255 255 255 255 255 255 255 255 255 255 255 255 255 255 255 255 
255 255 093 000 000 000 244 255 255 255 255 255 255 255 255 255 255 255 255 255 255 255 255 255 255 255 255 255 255 255 255 255 044 000 000 049 255 255 255 255 255 255 255 255 255 255 255 255 255 255 255 255 255 255 255 255 255 255 255 255 255 255 255 255 255 255 255 255 255 255 255 255 
255 255 093 000 000 000 244 255 255 255 255 255 255 255 255 255 255 255 255 255 255 255 255 255 255 255 255 255 255 255 255 239 006 000 000 136 255 255 255 255 255 255 255 255 255 255 255 255 255 255 255 255 255 255 255 255 255 255 255 255 255 255 255 255 255 255 255 255 255 255 255 255 
255 255 093 000 000 000 244 255 255 255 255 255 255 255 255 255 255 255 255 255 236 198 214 230 247 255 255 255 255 255 255 158 000 000 008 235 255 255 255 255 255 255 255 255 243 226 209 200 255 255 255 255 255 255 255 255 255 255 255 255 255 255 255 255 255 255 255 255 255 255 255 255 
255 255 093 000 000 000 244 255 255 255 255 255 255 255 255 255 255 255 255 255 207 000 000 000 000 001 005 010 015 020 025 012 000 000 005 028 026 024 022 020 018 016 014 004 000 000 000 050 255 255 255 255 255 255 255 255 255 255 255 255 255 255 255 255 255 255 255 255 255 255 255 255 
255 255 093 000 000 000 244 255 255 255 255 255 255 255 255 255 255 255 255 255 245 000 000 000 000 000 000 000 000 000 000 000 000 000 000 000 000 000 000 000 000 000 000 000 000 000 000 083 255 255 255 255 255 255 255 255 255 255 255 255 255 255 255 255 255 255 255 255 255 255 255 255 
255 255 093 000 000 000 244 255 255 255 255 255 255 255 255 255 255 255 255 255 255 002 000 000 003 008 008 008 008 008 008 008 008 008 008 008 008 008 008 008 008 008 008 006 000 000 000 100 255 255 255 255 255 255 255 255 255 255 255 255 255 255 255 255 255 255 255 255 255 255 255 255 
255 255 093 000 000 000 244 255 255 255 255 255 255 255 255 255 255 255 255 255 255 006 000 000 104 255 255 255 255 255 255 255 255 255 255 255 255 255 255 255 255 255 255 192 000 000 000 107 255 255 255 255 255 255 255 255 255 255 255 255 255 255 255 255 255 255 255 255 255 255 255 255 
255 255 093 000 000 000 244 255 255 255 255 255 255 255 255 255 255 255 255 255 255 011 000 000 104 255 255 255 255 255 255 255 255 255 255 255 255 255 255 255 255 255 255 192 000 000 000 112 255 255 255 255 255 255 255 255 255 255 255 255 255 255 255 255 255 255 255 255 255 255 255 255 
255 255 093 000 000 000 244 255 255 255 255 255 255 255 255 255 255 255 255 255 255 011 000 000 104 255 255 255 255 255 255 255 255 255 255 255 255 255 255 255 255 255 255 192 000 000 000 112 255 255 255 255 255 255 255 255 255 255 255 255 255 255 255 255 255 255 255 255 255 255 255 255 
255 255 093 000 000 000 244 255 255 255 255 255 255 255 255 255 255 255 255 255 255 011 000 000 058 141 141 141 141 141 141 141 141 141 141 141 141 141 141 141 141 141 141 107 000 000 000 112 255 255 255 255 255 255 255 255 255 255 255 255 255 255 255 255 255 255 255 255 255 255 255 255 
255 255 093 000 000 000 244 255 255 255 255 255 255 255 255 255 255 255 255 255 255 011 000 000 000 000 000 000 000 000 000 000 000 000 000 000 000 000 000 000 000 000 000 000 000 000 000 112 255 255 255 255 255 255 255 255 255 255 255 255 255 255 255 255 255 255 255 255 255 255 255 255 
255 255 093 000 000 000 244 255 255 255 255 255 255 255 255 255 255 255 255 255 255 011 000 000 000 000 000 000 000 000 000 000 000 000 000 000 000 000 000 000 000 000 000 000 000 000 000 112 255 255 255 255 255 255 255 255 255 255 255 255 255 255 255 255 255 255 255 255 255 255 255 255 
255 255 093 000 000 000 244 255 255 255 255 255 255 255 255 255 255 255 255 255 255 011 000 000 058 142 142 142 142 142 142 142 142 142 142 142 142 142 142 142 142 142 142 107 000 000 000 112 255 255 255 255 255 255 255 255 255 255 255 255 255 255 255 255 255 255 255 255 255 255 255 255 
255 255 093 000 000 000 244 255 255 255 255 255 255 255 255 255 255 255 255 255 255 011 000 000 104 255 255 255 255 255 255 255 255 255 255 255 255 255 255 255 255 255 255 192 000 000 000 112 255 255 255 255 255 255 255 255 255 255 255 255 255 255 255 255 255 255 255 255 255 255 255 255 
