224 001 000 000 215 255 255 255 255 085 000 000 041 255 255 255 255 255 255 129 000 000 000 001 176 255 255 255 255 255 255 255 255 255 255 255 255 255 255 255 255 255 255 255 255 255 255 255 255 255 255 255 255 255 255 255 255 255 255 255 255 255 255 255 255 255 255 199 000 000 000 105 
137 000 000 049 255 255 255 255 255 085 000 000 041 255 255 255 255 255 255 255 088 000 023 185 255 255 255 255 255 255 255 255 255 255 255 255 255 255 255 255 255 255 255 255 255 255 255 255 255 255 255 255 255 255 255 255 255 255 255 255 255 255 255 255 255 255 255 199 000 000 000 105 
049 000 000 138 255 255 255 255 255 085 000 000 041 255 255 255 255 255 255 255 246 112 233 255 255 255 255 255 255 255 255 255 255 255 255 255 255 255 255 255 255 255 255 255 255 255 255 255 255 255 255 255 255 255 255 255 255 255 255 255 255 255 255 255 255 255 255 199 000 000 000 105 
000 000 001 226 255 255 255 255 255 085 000 000 041 255 255 255 255 255 255 255 255 255 255 255 255 255 255 255 255 255 255 255 255 255 255 255 255 255 255 255 255 255 255 255 255 255 255 255 255 255 255 255 255 255 255 255 255 255 255 255 255 255 255 255 255 255 255 199 000 000 000 105 
000 000 061 255 255 255 255 255 255 085 000 000 041 255 255 255 255 255 255 255 255 255 255 255 255 255 255 255 255 255 255 255 255 255 255 255 255 255 255 255 255 255 255 255 255 255 255 255 255 255 255 255 255 255 255 255 255 255 255 255 255 255 255 255 255 255 255 199 000 000 000 105 
000 000 159 255 255 255 255 255 255 085 000 000 041 255 255 255 255 255 255 255 255 255 255 255 255 255 255 255 255 255 255 255 255 255 255 255 255 255 255 255 255 255 255 255 255 255 255 255 255 255 255 255 255 255 255 255 255 255 255 255 255 255 255 255 255 255 255 199 000 000 000 002 
000 034 251 255 255 255 255 255 255 085 000 000 041 255 255 255 255 255 255 255 255 255 255 255 255 255 255 255 255 255 255 255 255 255 255 255 255 255 255 255 255 255 255 255 255 255 255 255 255 255 255 255 255 255 255 255 255 255 255 255 255 255 255 255 255 255 255 199 000 000 000 000 
000 158 255 255 255 255 255 255 255 085 000 000 041 255 255 255 255 255 255 255 255 255 255 255 255 255 255 255 255 255 255 255 255 255 255 255 255 255 255 255 255 255 255 255 255 255 255 255 255 255 255 255 255 255 255 255 255 255 255 255 255 255 255 255 255 255 255 199 000 000 000 000 
035 251 255 255 255 255 255 255 255 084 000 000 040 255 255 255 255 255 255 255 255 255 255 255 255 255 255 255 255 255 255 255 255 255 255 255 255 255 255 255 255 255 255 255 255 255 255 255 255 255 255 255 255 255 255 255 255 255 255 255 255 255 255 255 255 255 255 199 000 000 000 105 
164 255 255 255 255 255 255 255 255 081 000 000 036 255 255 255 255 255 255 255 255 255 255 255 255 255 255 255 255 255 255 255 255 255 255 255 255 255 255 255 255 255 255 255 255 255 255 255 255 255 255 255 255 255 255 255 255 255 255 255 255 255 255 255 255 255 255 199 000 000 000 105 
255 255 255 255 255 255 255 255 255 078 000 000 031 255 255 255 255 255 255 255 255 255 255 255 255 255 255 255 255 255 255 240 146 053 029 042 123 226 255 255 255 255 255 255 255 255 255 255 255 255 255 255 255 255 255 255 255 255 255 255 255 255 255 255 255 255 255 199 000 000 000 105 
255 255 255 255 255 255 255 255 255 075 000 000 027 255 255 255 255 255 255 255 255 255 255 255 255 255 255 255 255 255 221 030 000 003 023 008 000 009 188 255 255 255 255 255 255 255 255 255 255 255 255 255 255 255 255 255 255 255 255 255 255 255 255 255 255 255 255 199 000 000 000 105 
111 250 255 255 255 255 255 255 255 063 000 000 010 255 255 255 255 255 255 255 255 255 255 255 255 255 255 255 255 245 030 000 113 230 255 243 147 006 009 209 255 255 255 255 255 255 255 255 255 255 255 255 255 255 255 255 255 255 255 255 255 255 255 255 255 255 255 199 000 000 000 105 
000 054 199 255 255 255 255 255 255 040 000 000 000 237 255 255 255 255 255 255 255 255 255 255 255 255 255 255 255 154 000 113 255 255 255 255 255 168 000 096 255 255 255 255 255 255 255 255 255 255 255 255 255 255 255 255 255 255 255 255 255 255 255 255 255 255 255 199 000 000 000 105 
000 000 000 073 176 247 255 255 255 039 022 022 022 214 255 255 255 255 255 255 255 255 255 255 255 255 255 255 255 064 003 231 255 255 255 255 255 255 039 008 251 255 255 255 255 255 255 255 255 255 255 255 255 255 255 255 255 255 255 255 255 255 255 255 255 255 255 199 000 000 000 000 
000 000 000 000 000 011 080 127 170 213 250 255 255 255 255 255 255 255 255 255 255 255 255 255 255 255 255 255 255 043 020 255 255 255 255 255 255 255 082 000 237 255 255 255 255 255 255 255 255 255 255 255 255 255 255 255 255 255 255 255 255 255 255 255 255 255 255 194 000 000 000 000 
117 005 000 000 000 000 000 000 000 000 005 028 034 040 045 051 057 063 069 073 062 051 039 027 125 255 255 255 255 060 004 236 255 255 255 255 255 255 053 001 248 255 255 255 255 255 255 255 255 255 255 255 255 255 255 255 255 255 255 255 255 255 255 255 255 255 255 190 000 000 000 000 
255 212 078 002 000 000 000 000 000 000 000 000 000 000 000 000 000 000 000 000 000 000 000 003 234 255 255 255 255 146 000 127 255 255 255 255 255 205 000 071 255 255 255 255 255 255 255 255 255 255 255 255 255 255 255 255 255 255 255 255 255 255 255 255 255 255 255 185 000 000 000 081 
255 255 255 223 120 042 000 000 000 000 000 000 000 000 000 000 000 000 000 000 000 000 000 065 255 255 255 255 255 242 022 001 137 247 255 255 193 024 000 183 255 255 255 255 255 255 255 255 255 255 255 255 255 255 255 255 255 255 255 255 255 255 255 255 255 255 255 176 000 000 000 105 
255 255 255 255 255 255 233 169 104 045 016 000 000 000 000 000 000 000 000 000 000 000 000 137 255 255 255 255 255 255 212 021 000 018 057 034 000 001 141 255 255 255 255 255 255 255 255 255 255 255 255 255 255 255 255 255 255 255 255 255 255 255 255 255 255 255 255 151 000 000 000 105 
255 255 255 255 255 255 255 255 255 255 255 249 227 205 183 160 138 116 106 106 105 104 103 209 255 255 255 255 255 255 255 227 119 022 000 008 084 187 255 255 255 255 255 255 255 255 255 255 255 255 255 255 255 255 255 255 255 255 255 255 255 255 255 255 255 255 255 126 000 000 000 105 
255 255 255 255 255 255 255 255 255 255 255 255 255 255 255 255 255 255 255 255 255 255 255 255 255 255 255 255 255 255 255 255 255 255 251 255 255 255 255 255 255 255 255 255 255 255 255 255 255 255 255 255 255 255 255 255 255 255 255 255 255 255 255 255 255 255 255 165 100 100 100 165 
255 255 255 255 255 255 255 255 255 255 255 255 255 255 255 255 255 255 255 255 255 255 255 255 255 255 255 255 255 255 255 255 255 255 255 255 255 255 255 255 255 255 255 255 255 255 255 255 255 255 255 255 255 255 255 255 255 255 255 255 255 255 255 255 255 255 255 255 255 255 255 255 
255 255 255 255 255 255 255 255 255 255 255 255 255 255 255 255 255 255 255 255 255 255 255 255 255 255 255 255 255 255 255 255 255 255 255 255 255 255 255 255 255 255 255 255 255 255 255 255 255 255 255 255 255 255 255 255 255 255 255 255 255 255 255 255 255 255 255 255 255 255 255 255 
255 255 255 255 255 255 255 255 255 255 255 255 255 255 255 255 255 255 255 255 255 255 255 255 255 255 255 255 255 255 255 255 255 255 255 255 255 255 255 255 255 255 255 255 255 255 255 255 255 255 255 255 255 255 255 255 255 255 255 255 255 255 255 255 255 255 255 255 255 255 255 255 
255 255 255 255 255 255 255 255 255 255 255 255 255 255 255 255 255 255 255 255 255 255 255 255 255 255 255 255 255 255 255 255 255 255 255 255 255 255 255 255 255 255 255 255 255 255 255 255 255 255 255 255 255 255 255 255 255 255 255 255 255 255 255 255 255 255 255 255 255 255 255 255 
255 255 255 255 255 255 255 255 255 255 255 255 255 255 255 255 255 255 255 255 255 255 255 255 255 255 255 255 255 255 255 255 255 255 255 255 255 255 255 255 255 255 255 255 255 255 255 255 255 255 255 255 255 255 255 255 255 255 255 255 255 255 255 255 255 255 255 255 255 255 255 255 
255 255 255 255 255 255 255 255 255 255 255 255 255 255 255 255 255 255 255 255 255 255 255 255 255 255 255 255 255 255 255 255 255 255 255 255 255 255 255 255 255 255 255 255 255 255 255 255 255 255 255 255 255 255 255 255 255 255 255 255 255 255 255 255 255 255 255 255 255 255 255 255 
255 255 255 255 255 255 255 255 255 255 255 255 255 255 255 255 255 255 255 255 255 255 255 255 255 255 255 255 255 255 255 255 255 255 255 255 255 255 255 255 255 255 255 255 255 255 255 255 255 255 255 255 255 255 255 255 255 255 255 255 255 255 255 255 255 255 255 255 255 255 255 255 
255 255 255 255 255 255 255 255 255 255 255 255 255 255 255 255 255 255 255 255 255 255 255 255 255 255 255 255 255 255 255 255 255 255 255 255 255 255 255 255 255 255 255 255 255 255 255 255 255 255 255 255 255 255 255 255 255 255 255 255 255 255 255 255 255 255 255 255 255 255 255 255 
255 255 255 255 255 255 255 255 255 255 255 255 255 255 255 255 255 255 255 255 255 255 255 255 255 255 255 255 255 255 255 255 255 255 255 255 255 255 255 255 255 255 255 255 255 255 255 255 255 255 255 255 255 255 255 255 255 255 255 255 255 255 255 255 255 255 255 255 255 255 255 255 
255 255 255 255 255 255 255 255 255 255 255 255 255 255 255 255 255 255 255 255 255 255 255 255 255 255 255 255 255 255 255 255 255 255 255 255 255 255 255 255 255 255 255 255 255 255 255 255 255 255 255 255 255 255 255 255 255 255 255 255 255 255 255 255 255 255 255 255 255 255 255 255 
255 255 255 255 255 255 255 255 255 255 255 255 255 255 255 255 255 255 255 255 255 255 255 255 255 255 255 255 255 255 255 255 255 255 255 255 255 255 255 255 255 255 255 255 255 255 255 255 255 255 255 255 255 255 255 255 255 255 255 255 255 255 255 255 255 255 255 255 255 255 255 255 
255 255 255 255 255 255 255 255 255 255 255 255 255 255 255 255 255 255 255 255 255 255 255 255 255 255 255 255 255 255 255 255 255 255 255 255 255 255 255 255 255 255 255 255 255 255 255 255 255 255 255 255 255 255 255 255 255 255 255 255 255 255 255 255 255 255 255 255 255 255 255 255 
255 255 255 255 255 255 255 255 255 255 255 255 255 255 255 255 255 255 255 255 255 255 255 255 255 255 255 255 255 255 255 255 255 255 255 255 255 255 255 255 255 255 255 255 255 255 255 255 255 255 255 255 255 255 255 255 255 255 255 255 255 255 255 255 255 255 255 255 255 255 255 255 
255 255 255 255 255 255 255 255 255 255 255 255 255 255 255 255 255 255 255 255 255 255 255 255 255 255 255 255 255 255 255 255 255 255 255 255 255 255 255 255 255 255 255 255 255 255 255 255 255 255 255 255 255 255 255 255 255 255 255 255 255 255 255 255 255 255 255 255 255 255 255 255 
255 255 255 255 255 255 255 255 255 255 255 255 255 255 255 255 255 255 255 255 255 255 255 255 255 255 255 255 255 255 255 255 255 255 255 255 255 255 255 255 255 255 255 255 255 255 255 255 255 255 255 255 255 255 255 255 255 255 255 255 255 255 255 255 255 255 255 255 255 255 255 255 
255 255 255 255 255 255 255 255 255 255 255 255 255 255 255 255 255 255 255 255 255 255 255 255 255 255 255 255 255 255 255 255 255 255 255 255 255 255 255 255 255 255 255 255 255 255 255 255 255 255 255 255 255 255 255 255 255 255 255 255 255 255 255 255 255 255 255 255 255 255 255 255 
255 255 255 255 255 255 255 255 255 255 255 255 255 255 255 255 255 255 255 255 255 255 255 255 255 255 255 255 255 255 255 255 255 255 255 255 255 255 255 255 255 255 255 255 255 255 255 255 255 255 255 255 255 255 255 255 255 255 255 255 255 255 255 255 255 255 255 255 255 255 255 255 
255 255 255 255 255 255 255 255 255 255 255 255 255 255 255 255 255 255 255 255 255 255 255 255 255 255 255 255 255 255 255 255 255 255 255 255 255 255 255 255 255 255 255 255 255 255 255 255 255 255 255 255 255 255 255 255 255 255 255 255 255 255 255 255 255 255 255 255 255 255 255 255 
255 255 255 255 255 255 255 255 255 255 255 255 255 255 255 255 255 255 255 255 255 255 255 255 255 255 255 255 255 255 255 255 255 255 255 255 255 255 255 255 255 255 255 255 255 255 255 255 255 255 255 255 255 255 255 255 255 255 255 255 255 255 255 255 255 255 255 255 255 255 255 255 
255 255 255 255 255 255 255 255 255 255 255 255 255 255 255 255 255 255 255 255 255 255 255 255 255 255 255 255 255 255 255 255 255 255 255 255 255 255 255 255 255 255 255 255 255 255 255 255 255 255 255 255 255 255 255 255 255 255 255 255 255 255 255 255 255 255 255 255 255 255 255 255 
255 255 255 255 255 255 255 255 255 255 255 255 255 255 255 255 255 255 255 255 255 255 255 255 255 255 255 255 255 255 255 255 255 255 255 255 255 255 255 255 255 255 255 255 255 255 255 255 255 255 255 255 255 255 255 255 255 255 255 255 255 255 255 255 255 255 255 255 255 255 255 255 
255 255 255 255 255 255 255 255 255 255 255 255 255 255 255 255 255 255 255 255 255 255 255 255 255 255 255 255 255 255 255 255 255 255 255 255 255 255 255 255 255 255 255 255 255 255 255 255 255 255 255 255 255 255 255 255 255 255 255 255 255 255 255 255 255 255 255 255 255 255 255 255 
255 255 255 255 255 255 255 255 255 255 255 255 255 255 255 255 255 255 255 255 255 255 255 255 255 255 255 255 255 255 255 255 255 255 255 255 255 255 255 255 255 255 255 255 255 255 255 255 255 255 255 255 255 255 255 255 255 255 255 255 255 255 255 255 255 255 255 255 255 255 255 255 
255 255 255 255 255 255 255 255 255 255 255 255 255 255 255 255 255 255 255 255 255 255 255 255 255 255 255 255 255 255 255 255 255 255 255 255 255 255 255 255 255 255 255 255 255 255 255 255 255 255 255 255 255 255 255 255 255 255 255 255 255 255 255 255 255 255 255 255 255 255 255 255 
255 255 255 255 255 255 255 255 255 255 255 255 255 255 255 255 255 255 255 255 255 255 255 255 255 255 255 255 255 255 255 255 255 255 255 255 255 255 255 255 255 255 255 255 255 255 255 255 255 255 255 255 255 255 255 255 255 255 255 255 255 255 255 255 255 255 255 255 255 255 255 255 
255 255 255 255 255 255 255 255 255 255 255 255 255 255 255 255 255 255 255 255 255 255 255 255 255 255 255 255 255 255 255 255 255 255 255 255 255 255 255 255 255 255 255 255 255 255 255 255 255 255 255 255 255 255 255 255 255 255 255 255 255 255 255 255 255 255 255 255 255 255 255 255 
255 255 255 255 255 255 255 255 255 255 255 255 255 255 255 255 255 255 255 255 255 255 255 255 255 255 255 255 255 255 255 255 255 255 255 255 255 255 255 255 255 255 255 255 255 255 255 255 255 255 255 255 255 255 255 255 255 255 255 255 255 255 255 255 255 255 255 255 255 255 255 255 
255 255 255 255 255 255 255 255 255 255 255 255 255 255 255 255 255 255 255 255 255 255 255 255 255 255 255 255 255 255 255 255 255 255 255 255 255 255 255 255 255 255 255 255 255 255 255 255 255 255 255 255 255 255 255 255 255 255 255 255 255 255 255 255 255 255 255 255 255 255 255 255 
243 255 255 255 255 255 255 255 255 255 255 255 255 255 255 255 255 255 255 255 255 255 255 255 255 255 255 255 255 255 255 255 255 255 255 255 255 255 255 255 255 255 255 255 255 255 255 255 255 255 255 255 255 255 255 255 255 255 248 168 192 255 255 255 255 255 255 255 255 255 255 255 
114 255 255 255 255 255 255 255 255 255 255 255 255 255 255 255 255 255 255 255 255 255 255 255 255 255 255 255 255 255 255 255 255 255 255 255 255 255 255 255 255 255 255 255 255 255 255 255 255 255 255 255 255 255 249 201 142 083 018 000 024 236 255 255 255 255 255 255 255 255 255 255 
004 209 255 255 255 249 215 235 253 255 255 255 255 255 255 255 255 255 255 240 220 238 255 255 255 255 255 255 255 255 250 170 254 255 255 255 255 255 255 255 255 255 255 255 255 255 255 241 217 194 171 133 088 043 004 000 000 000 000 000 000 061 243 255 255 255 255 255 255 255 255 255 
000 056 253 255 255 224 000 000 003 018 021 023 024 026 024 023 022 020 006 000 000 183 255 255 255 255 255 255 255 255 126 000 057 206 255 255 255 255 254 143 130 124 104 080 056 032 009 000 000 000 000 000 000 000 000 000 000 000 000 000 000 000 057 243 255 255 255 255 255 255 255 255 
000 000 144 255 255 224 000 000 000 000 000 000 000 000 000 000 000 000 000 000 000 210 255 255 255 255 255 255 255 204 004 000 000 002 105 240 255 255 255 112 000 000 000 000 000 000 000 000 000 000 000 000 000 000 000 000 009 043 080 112 142 146 132 232 255 255 255 255 255 255 255 255 
000 000 011 223 255 224 000 000 000 000 000 000 000 000 000 000 000 000 000 000 000 214 255 255 255 255 255 255 255 199 036 000 000 000 000 025 172 255 255 204 000 000 000 000 000 000 000 007 029 012 000 000 115 166 196 227 254 255 255 255 255 255 255 255 255 255 255 255 255 255 255 255 
000 000 031 191 255 234 092 114 133 139 143 145 145 145 145 145 145 107 000 000 000 216 255 255 255 255 255 255 255 255 246 117 003 000 000 000 000 107 255 251 131 147 163 180 197 218 241 255 255 070 000 000 213 255 255 255 230 125 229 255 255 255 255 255 255 255 255 255 255 255 255 255 
030 137 248 255 255 255 255 255 255 255 255 255 255 255 255 255 255 187 000 000 000 217 255 255 255 255 255 255 255 255 255 255 202 031 000 000 004 199 255 255 255 255 255 190 126 255 255 255 255 070 000 000 213 255 255 255 171 000 003 056 141 255 255 255 255 255 255 255 255 255 255 255 
250 255 255 255 255 255 255 255 255 255 255 255 255 255 255 255 255 187 000 000 000 217 255 255 255 255 255 255 255 255 255 255 255 236 069 000 137 255 255 255 255 201 041 000 001 222 255 255 255 070 000 000 213 255 255 255 084 000 000 014 194 255 255 255 255 255 255 255 255 255 255 255 
255 255 255 255 255 255 255 255 255 255 255 255 255 255 255 255 255 187 000 000 000 217 255 255 255 255 255 255 255 255 255 255 255 255 253 159 254 255 255 255 255 245 035 000 000 114 255 255 255 070 000 000 213 255 255 242 008 000 001 175 255 255 255 255 255 255 255 255 255 255 255 255 
254 207 233 254 255 255 255 255 255 255 255 255 247 221 226 255 255 187 000 000 000 217 255 255 255 255 255 255 255 255 255 255 255 255 255 255 255 255 255 255 255 255 182 000 000 018 246 255 255 070 000 000 213 255 255 155 000 000 115 255 255 255 255 255 255 255 255 255 255 255 255 255 
250 000 000 004 008 011 014 017 015 012 010 007 000 000 116 255 255 187 000 000 000 217 255 255 255 255 255 255 255 255 255 255 255 255 255 255 255 255 255 255 255 255 255 082 130 234 255 255 255 070 000 000 213 255 253 038 000 040 247 255 255 255 255 255 255 255 255 255 255 255 255 255 
250 000 000 000 000 000 000 000 000 000 000 000 000 000 116 255 255 187 000 000 000 217 255 255 255 255 255 255 255 255 255 255 255 255 255 255 255 164 007 021 034 048 061 066 069 073 076 080 083 023 000 000 072 086 071 000 000 047 079 073 067 061 051 033 014 116 255 255 255 255 255 255 
250 000 000 005 007 009 000 000 000 008 006 003 000 000 116 255 255 187 000 000 000 217 255 255 255 255 255 255 255 217 252 255 255 255 255 255 255 163 000 000 000 000 000 000 000 000 000 000 000 000 000 000 000 000 000 000 000 000 000 000 000 000 000 000 000 114 255 255 255 255 255 255 
254 215 244 255 255 255 002 000 000 214 255 255 250 226 229 255 255 187 000 000 000 217 255 255 255 255 255 255 233 016 036 156 250 255 255 255 255 180 057 073 090 104 111 116 122 128 025 000 036 036 000 000 110 100 000 042 130 127 124 121 119 113 097 079 061 141 255 255 255 255 255 255 
255 255 255 255 255 255 002 000 000 214 255 255 255 255 255 255 255 187 000 000 000 217 255 255 255 255 255 255 091 000 000 000 029 153 251 255 255 255 255 255 255 255 255 255 255 155 000 000 156 064 000 000 208 238 007 002 187 255 255 255 255 255 255 255 255 255 255 255 255 255 255 255 
255 255 255 255 255 255 002 000 000 214 255 255 255 255 255 255 255 187 000 000 000 217 255 255 255 255 255 244 065 000 000 000 000 000 039 171 255 255 255 255 255 255 255 255 164 003 000 029 247 059 000 000 203 255 105 000 010 180 255 255 255 255 255 255 255 255 255 255 255 255 255 255 
255 255 255 255 255 255 002 000 000 214 255 255 255 255 255 255 255 187 000 000 000 217 255 255 255 255 255 255 255 192 041 000 000 000 000 025 241 255 255 255 255 255 255 163 003 000 010 205 255 054 000 000 197 255 226 012 000 004 157 255 255 255 255 255 255 255 255 255 255 255 255 255 
255 255 255 255 255 255 002 000 000 214 255 255 255 255 255 255 255 187 000 000 000 217 255 255 255 255 255 255 255 255 249 129 007 000 000 171 255 255 255 255 255 249 110 000 000 001 170 255 255 044 000 000 188 255 255 179 003 000 000 060 194 255 255 255 255 255 255 255 255 255 255 255 
255 143 048 074 084 092 001 000 000 079 086 079 058 066 255 255 255 187 000 000 000 217 255 255 255 255 255 255 255 255 255 255 216 044 076 255 255 255 255 255 219 050 000 000 000 126 255 255 255 032 000 000 176 255 255 255 151 003 000 000 000 065 143 212 255 255 255 255 255 255 255 255 
255 129 000 000 000 000 000 000 000 000 000 000 000 039 255 255 255 187 000 000 000 217 255 255 255 255 255 255 255 255 255 255 255 243 231 255 255 255 255 163 013 000 000 000 113 254 255 255 255 021 000 000 165 255 255 255 255 189 022 000 000 000 000 000 027 078 123 253 255 255 255 255 
255 129 000 000 000 000 000 000 000 000 000 000 000 039 255 255 255 187 000 000 000 217 255 255 255 255 255 255 255 255 255 255 255 255 255 255 255 200 059 000 000 000 010 166 255 255 255 255 255 234 232 232 247 255 255 255 255 255 229 079 000 000 000 000 000 000 161 255 255 255 255 255 
255 192 146 169 177 183 002 000 000 154 178 172 154 150 255 255 255 187 000 000 000 217 255 255 255 255 255 255 255 255 255 255 255 255 255 255 127 000 000 000 000 000 042 080 080 080 080 080 080 080 080 080 080 080 080 080 080 080 080 080 049 058 000 000 000 055 254 255 255 255 255 255 
255 255 255 255 255 255 002 000 000 214 255 255 255 255 255 255 255 187 000 000 000 217 255 255 255 255 255 255 255 255 255 255 253 255 255 255 246 063 000 000 100 019 000 000 000 000 000 000 000 000 000 000 000 000 000 000 000 000 000 000 044 255 191 085 006 186 255 255 255 255 255 255 
255 255 255 255 255 255 002 000 000 214 255 255 255 255 255 255 255 187 000 000 000 217 255 255 255 255 255 255 255 255 255 255 121 144 254 255 255 243 060 178 255 024 000 000 043 048 048 048 048 017 000 000 038 048 048 048 048 041 000 000 044 255 255 255 235 254 255 255 255 255 255 255 
255 255 255 255 255 255 002 000 000 214 255 255 255 255 255 255 255 187 000 000 000 217 255 255 255 255 255 255 255 255 255 255 065 000 032 140 255 255 255 255 255 024 000 000 226 255 255 255 255 092 000 000 202 255 255 255 255 217 000 000 044 255 255 255 255 255 255 255 255 255 255 255 
255 255 255 255 255 255 002 000 000 214 255 255 255 255 255 255 255 187 000 000 000 217 255 255 255 255 255 255 255 255 255 253 017 000 000 080 255 255 255 255 255 024 000 000 226 255 255 255 255 092 000 000 202 255 255 255 255 217 000 000 044 255 255 255 255 255 255 255 255 255 255 255 
255 255 255 255 255 255 002 000 000 214 255 255 255 255 255 255 255 187 000 000 000 217 255 255 255 255 255 255 255 255 255 192 000 000 000 157 255 255 255 255 255 024 000 000 226 255 255 255 255 092 000 000 202 255 255 255 255 217 000 000 044 255 255 255 255 255 255 255 255 255 255 255 
068 029 052 061 068 074 000 000 000 063 069 062 053 031 058 255 255 187 000 000 000 217 255 255 255 255 255 255 255 255 255 109 000 000 002 233 255 255 255 255 255 024 000 000 130 146 146 146 146 053 000 000 116 146 146 146 146 125 000 000 044 255 255 255 255 255 255 255 255 255 255 255 
060 000 000 000 000 000 000 000 000 000 000 000 000 000 049 255 255 187 000 000 000 217 255 255 255 255 255 255 255 255 254 027 000 000 056 255 255 255 255 255 255 024 000 000 000 000 000 000 000 000 000 000 000 000 000 000 000 000 000 000 044 255 255 255 255 255 255 255 255 255 255 255 
060 000 000 000 000 000 000 000 000 000 000 000 000 000 049 255 255 187 000 000 000 217 255 255 255 255 255 255 255 255 198 000 000 000 133 255 255 255 255 255 255 024 000 000 044 049 049 049 049 018 000 000 039 049 049 049 049 042 000 000 044 255 255 255 255 255 255 255 255 255 255 255 
172 165 188 200 202 203 204 204 204 203 202 200 188 166 168 255 255 187 000 000 000 217 255 255 255 255 255 255 255 255 114 000 000 000 198 255 255 255 255 255 255 024 000 000 226 255 255 255 255 092 000 000 202 255 255 255 255 217 000 000 044 255 255 255 255 255 255 255 255 255 255 255 
255 255 255 255 255 255 255 255 255 255 255 255 255 255 255 255 255 187 000 000 000 217 255 255 255 255 255 255 255 255 032 000 000 010 250 255 255 255 255 255 255 024 000 000 226 255 255 255 255 092 000 000 202 255 255 255 255 217 000 000 044 255 255 255 255 255 255 255 255 255 255 255 
255 255 255 255 255 255 255 255 255 255 255 255 255 255 255 255 255 187 000 000 000 217 255 255 255 255 255 255 255 203 000 000 000 067 255 255 255 255 255 255 255 024 000 000 226 255 255 255 255 092 000 000 202 255 255 255 255 217 000 000 044 255 255 255 255 255 255 255 255 255 255 255 
255 255 255 255 255 255 255 255 255 255 255 255 255 255 255 255 255 160 000 000 000 218 255 255 255 255 255 255 255 113 000 000 000 129 255 255 255 255 255 255 255 023 000 000 188 212 212 212 212 077 000 000 168 212 212 212 212 181 000 000 041 255 255 255 255 255 255 255 255 255 255 255 
255 255 255 255 255 255 255 255 255 255 255 255 240 242 245 232 184 039 000 000 000 219 255 255 255 255 255 255 237 012 000 000 000 192 255 255 255 255 255 255 255 019 000 000 000 000 000 000 000 000 000 000 000 000 000 000 000 000 000 000 038 255 255 255 255 255 255 255 255 255 255 255 
255 255 255 255 255 255 255 255 255 255 255 255 192 001 000 000 000 000 000 000 000 233 255 255 255 255 255 255 127 000 000 000 007 247 255 255 255 255 255 255 255 015 000 000 000 000 000 000 000 000 000 000 000 000 000 000 000 000 000 000 034 255 255 255 255 255 255 255 255 255 255 255 
255 255 255 255 255 255 255 255 255 255 255 255 255 084 000 000 000 000 000 000 029 255 255 255 255 255 255 255 176 077 005 000 060 255 255 255 255 255 255 255 255 010 000 000 183 206 206 206 206 206 206 206 206 206 206 206 206 176 000 000 016 255 255 255 255 255 255 255 255 255 255 255 
255 255 255 255 255 255 255 255 255 255 255 255 255 197 000 000 000 000 000 021 186 255 255 255 255 255 255 255 255 255 217 073 123 255 255 255 255 255 255 255 244 000 000 000 226 255 255 255 255 255 255 255 255 255 255 255 255 217 000 000 000 247 255 255 255 255 255 255 255 255 255 255 
255 255 255 255 255 255 255 255 255 255 255 255 255 255 034 035 074 128 185 242 255 255 255 255 255 255 255 255 255 255 255 255 245 255 255 255 255 255 255 255 228 045 045 045 232 255 255 255 255 255 255 255 255 255 255 255 255 253 236 236 236 254 255 255 255 255 255 255 255 255 255 255 
255 255 255 255 255 255 255 255 255 255 255 255 255 255 254 255 255 255 255 255 255 255 255 255 255 255 255 255 255 255 255 255 255 255 255 255 255 255 255 255 255 255 255 255 255 255 255 255 255 255 255 255 255 255 255 255 255 255 255 255 255 255 255 255 255 255 255 255 255 255 255 255 
255 255 255 255 255 255 255 255 255 255 255 255 255 255 255 255 255 255 255 255 255 255 255 255 255 255 255 255 255 255 255 255 255 255 255 255 255 255 255 255 255 255 255 255 255 255 255 255 255 255 255 255 255 255 255 255 255 255 255 255 255 255 255 255 255 255 255 255 255 255 255 255 
255 255 255 255 255 255 255 255 255 255 255 255 255 255 255 255 255 255 255 255 255 255 255 255 255 255 255 255 255 255 255 255 255 255 255 255 255 255 255 255 255 255 255 255 255 255 255 255 255 255 255 255 255 255 255 255 255 255 255 255 255 255 255 255 255 255 255 255 255 255 255 255 
255 255 255 255 255 255 255 255 255 255 255 255 255 255 255 255 255 255 255 255 255 255 255 255 255 255 255 255 255 255 255 255 255 255 255 255 255 255 255 255 255 255 255 255 255 255 255 255 255 255 255 255 255 255 255 255 255 255 255 255 255 255 255 255 255 255 255 255 255 255 255 255 
255 255 255 255 255 255 255 255 255 255 255 255 255 255 255 255 255 255 255 255 255 255 255 255 255 255 255 255 255 255 255 255 255 255 255 255 255 255 255 255 255 255 255 255 255 255 255 255 255 255 255 255 255 255 255 255 255 255 255 255 255 255 255 255 255 255 255 255 255 255 255 255 
255 255 255 255 255 255 255 255 255 255 255 255 255 255 255 255 255 255 255 255 255 255 255 255 255 255 255 255 255 255 255 255 255 255 255 255 255 255 255 255 255 255 255 255 255 255 255 255 255 255 255 255 255 255 255 255 255 255 255 255 255 255 255 255 255 255 255 255 255 255 255 255 
255 255 255 255 255 255 255 255 255 255 255 255 255 255 255 255 255 255 255 255 255 255 255 255 255 255 255 255 255 255 255 255 255 255 255 255 255 255 255 255 255 255 255 255 255 255 255 255 255 255 255 255 255 255 255 255 255 255 255 255 255 255 255 255 255 255 255 255 255 255 255 255 
255 255 255 255 255 255 255 255 255 255 255 255 255 255 255 255 255 255 255 255 255 255 255 255 255 255 255 255 255 255 255 255 255 255 255 255 255 255 255 255 255 255 255 255 255 255 255 255 255 255 255 255 255 255 255 255 255 255 255 255 255 255 255 255 255 255 255 255 255 255 255 255 
255 255 255 255 255 255 255 255 255 255 255 255 255 255 255 255 255 255 255 255 255 255 255 255 255 255 255 255 255 255 255 255 255 255 255 255 255 255 255 255 255 255 255 255 255 255 255 255 255 255 255 255 255 255 255 255 255 255 255 255 255 255 255 255 255 255 255 255 255 255 255 255 
255 255 255 255 255 255 255 255 255 255 255 255 255 255 255 255 255 255 255 255 255 255 255 255 255 255 255 255 255 255 255 255 255 255 255 255 255 255 255 255 255 255 255 255 255 255 255 255 255 255 255 255 255 255 255 255 255 255 255 255 255 255 255 255 255 255 255 255 255 255 255 255 
255 255 255 255 255 255 255 255 255 255 255 255 255 255 255 255 255 255 255 255 255 255 255 255 255 255 255 255 255 255 255 255 255 255 255 255 255 255 255 255 255 255 255 255 255 255 255 255 255 255 255 255 255 255 255 255 255 255 255 255 255 255 255 255 255 255 255 255 255 255 255 255 
255 255 255 255 255 255 255 255 255 255 255 255 255 255 255 255 255 255 255 255 255 255 255 255 255 255 255 255 255 255 255 255 255 255 255 255 255 255 255 255 255 255 255 255 255 255 255 255 255 255 255 255 255 255 255 255 255 255 255 255 255 255 255 255 255 255 255 255 255 255 255 255 
255 255 255 255 255 255 255 255 255 255 255 255 255 255 255 255 255 255 255 255 255 255 255 255 255 255 255 255 255 255 255 255 255 255 255 255 255 255 255 255 255 255 255 255 255 255 255 255 255 255 255 255 255 255 255 255 255 255 255 255 255 255 255 255 255 255 255 255 255 255 255 255 
255 255 255 255 255 255 255 255 255 255 255 255 255 255 255 255 255 255 255 255 255 255 255 255 255 255 255 255 255 255 255 255 255 255 255 255 255 255 255 255 255 255 255 255 255 255 255 255 255 255 255 255 255 255 255 255 255 255 255 255 255 255 255 255 255 255 255 255 255 255 255 255 
255 255 255 255 255 255 255 255 255 255 255 255 255 255 255 255 255 255 255 255 255 255 255 255 255 255 255 255 255 255 255 255 255 255 255 255 255 255 255 255 255 255 255 255 255 255 255 255 255 255 255 255 255 255 255 255 255 255 255 255 255 255 255 255 255 255 255 255 255 255 255 255 
255 255 255 255 255 255 255 255 255 255 255 255 255 255 255 255 255 255 255 255 255 255 255 255 255 255 255 255 255 255 255 255 255 255 255 255 255 255 255 255 255 255 255 255 255 255 255 255 255 255 255 255 255 255 255 255 255 255 255 255 255 255 255 255 255 255 255 255 255 255 255 255 
255 255 255 255 255 255 255 255 255 255 255 255 255 255 255 255 255 255 255 255 255 255 255 255 255 255 255 255 255 255 255 255 255 255 255 255 255 255 255 255 255 255 255 255 255 255 255 255 255 255 255 255 255 255 255 255 255 255 255 255 255 255 255 255 255 255 255 255 255 255 255 255 
255 255 255 255 255 255 255 255 255 255 255 255 255 255 255 255 255 255 255 255 255 255 255 255 255 255 255 255 255 255 255 255 255 255 255 255 255 255 255 255 255 255 255 255 255 255 255 255 255 255 255 255 255 255 255 255 255 255 255 255 255 255 255 255 255 255 255 255 255 255 255 255 
255 255 255 255 255 255 255 255 255 255 255 255 255 255 255 255 255 255 255 255 255 255 255 255 255 255 255 255 255 255 255 255 255 255 255 255 255 255 255 255 255 255 255 255 255 255 255 255 255 255 255 255 255 255 255 255 255 255 255 255 255 255 255 255 255 255 255 255 255 255 255 255 
255 255 255 255 255 255 255 255 255 255 255 255 255 255 255 255 255 255 255 255 255 255 255 255 255 255 255 255 255 255 255 255 255 255 255 255 255 255 255 255 255 255 255 255 255 255 255 255 255 255 255 255 255 255 255 255 255 255 255 255 255 255 255 255 255 255 255 255 255 255 255 255 
255 255 255 255 255 255 255 255 255 255 255 255 255 255 255 255 255 255 255 255 255 255 255 255 255 255 255 255 255 255 255 255 255 255 255 255 255 255 255 255 255 255 255 255 255 255 255 255 255 255 255 255 255 255 255 255 255 255 255 255 255 255 255 255 255 255 255 255 255 255 255 255 
255 255 255 255 255 255 255 255 255 255 255 255 255 255 255 255 255 255 255 255 255 255 255 255 255 255 255 255 255 255 255 255 255 255 255 255 255 255 255 255 255 255 255 255 255 255 255 255 255 255 255 255 255 255 255 255 255 255 255 255 255 255 255 255 255 255 255 255 255 255 255 255 
255 255 255 255 255 255 255 255 255 255 255 255 255 255 255 255 255 255 255 255 255 255 255 255 255 255 255 255 255 255 255 255 255 255 255 255 255 255 255 255 255 255 255 255 255 255 255 255 255 255 255 255 255 255 255 255 255 255 255 255 255 255 255 255 255 255 255 255 255 255 255 255 
255 255 255 255 255 255 255 255 255 255 255 255 255 255 255 255 255 255 255 255 255 255 255 255 255 255 255 255 255 255 255 255 255 255 255 255 255 255 255 255 255 255 255 255 255 255 255 255 255 255 255 255 255 255 255 255 255 255 255 255 255 255 255 255 255 255 255 255 255 255 255 255 
255 255 255 255 255 255 255 255 255 255 255 255 255 255 255 255 255 255 255 255 255 255 255 255 255 255 255 255 255 255 255 255 255 255 255 255 255 255 255 255 255 255 255 255 255 255 255 255 255 255 255 255 255 255 255 255 255 255 255 255 255 255 255 255 255 255 255 255 255 255 255 255 
255 255 255 255 255 255 255 255 255 255 255 255 255 255 255 255 255 255 255 255 255 255 255 255 255 255 255 255 255 255 255 255 255 255 255 255 255 255 255 255 255 255 255 255 255 255 255 255 255 255 255 255 255 255 255 255 255 255 255 255 255 255 255 255 255 255 255 255 255 255 255 255 
255 255 255 255 255 255 255 255 255 255 255 255 255 255 255 255 255 255 255 255 255 255 255 255 255 255 255 255 255 255 255 255 255 255 255 255 255 255 255 255 255 255 255 255 255 255 255 255 255 255 255 255 255 255 255 255 255 255 255 255 255 255 255 255 255 255 255 255 255 255 255 255 
255 255 255 255 255 255 255 255 255 255 255 255 255 255 255 255 255 255 255 255 255 255 255 255 255 255 255 255 255 255 255 255 255 255 255 255 255 255 255 255 255 255 255 255 255 255 255 255 255 255 255 255 255 255 255 255 255 255 255 255 255 255 255 255 255 255 255 255 255 255 255 255 
255 255 255 255 255 255 255 255 255 255 255 255 255 255 255 255 255 255 255 255 255 255 255 255 255 255 255 255 255 255 255 255 255 255 255 255 255 255 255 255 255 255 255 255 255 255 255 255 255 255 255 255 255 255 255 255 255 255 255 255 255 255 255 255 255 238 242 255 255 255 255 255 
255 255 255 255 255 255 255 255 255 255 255 255 255 255 255 255 255 255 255 255 255 255 255 255 255 255 255 255 255 255 255 255 255 255 255 255 255 255 255 255 255 255 255 255 255 255 255 255 255 255 255 255 255 255 255 255 255 255 255 255 255 255 255 255 255 158 000 015 015 066 255 255 
255 255 255 255 255 255 255 255 255 255 255 255 255 255 255 255 255 255 255 255 255 255 255 255 255 255 255 255 255 255 255 255 255 255 255 255 255 255 255 255 255 255 255 255 255 255 255 255 255 255 255 255 255 255 255 255 255 255 255 255 255 255 255 255 255 190 000 000 002 234 255 255 
255 255 255 255 255 255 255 255 255 255 255 255 255 255 255 255 255 255 255 255 255 255 255 255 255 255 255 255 255 255 255 255 255 255 255 255 255 255 255 255 255 255 255 255 255 255 255 255 255 255 255 255 255 255 255 255 255 255 255 255 255 255 255 255 255 192 000 000 009 255 255 255 
185 180 175 170 165 160 153 134 112 113 255 255 255 255 255 255 255 255 255 255 255 255 255 255 255 255 255 255 255 255 255 255 255 255 255 255 255 255 255 255 255 255 255 255 255 255 255 255 255 255 255 255 255 255 255 255 255 255 255 255 255 255 255 255 255 193 000 000 009 255 255 255 
000 000 000 000 000 000 000 000 000 054 255 255 255 255 255 255 255 255 255 255 255 255 255 255 255 255 255 255 255 255 255 255 255 255 255 255 255 255 255 255 255 255 255 255 255 255 255 255 255 255 255 255 255 255 255 255 255 255 255 255 255 255 255 255 255 194 000 000 009 255 255 255 
000 000 000 000 000 000 000 000 000 080 255 255 255 255 255 233 248 255 255 255 255 255 255 255 255 255 255 255 255 255 255 255 255 255 255 255 255 255 255 255 255 255 255 255 255 255 255 255 255 255 255 255 255 255 255 255 255 255 255 255 255 075 091 118 128 106 000 000 005 142 142 142 
000 000 000 000 000 000 000 000 000 107 255 255 255 255 255 083 048 219 255 255 255 255 255 255 255 255 255 255 255 255 255 255 255 255 255 255 255 255 255 255 255 255 255 255 255 255 255 255 255 255 255 255 255 255 255 255 255 255 255 255 255 021 000 000 000 000 000 000 000 000 000 000 
165 165 165 165 165 101 000 000 000 131 255 255 255 255 194 000 000 013 169 255 255 255 255 255 255 255 255 255 255 255 255 255 255 255 255 255 255 255 255 255 255 255 255 255 255 255 255 255 255 255 255 255 255 255 255 255 255 255 255 255 255 021 000 000 000 000 000 000 000 000 000 000 
255 255 255 255 255 152 000 000 000 147 255 255 255 254 052 000 000 000 000 136 255 255 255 255 255 255 255 255 255 255 255 255 255 255 255 255 255 255 255 255 255 255 255 255 255 255 255 255 255 255 255 255 255 255 255 255 255 255 255 255 255 143 160 183 195 157 000 000 008 208 208 208 
255 255 255 255 255 149 000 000 000 162 255 255 255 162 000 000 000 000 087 242 255 255 255 255 255 255 255 255 255 255 255 255 255 255 255 255 255 255 255 255 255 255 255 255 255 255 255 255 255 255 255 255 255 255 255 255 255 255 255 255 255 255 255 255 255 196 000 000 009 255 255 255 
255 255 255 255 255 145 000 000 000 176 255 255 233 020 000 000 000 110 255 255 255 255 255 255 255 255 255 255 255 255 255 255 255 255 255 255 255 255 255 255 255 255 255 255 255 255 255 255 255 255 255 255 255 255 255 255 255 255 255 255 255 255 255 255 255 196 000 000 009 255 255 255 
255 255 255 255 255 141 000 000 000 187 255 255 082 000 000 000 108 255 255 255 255 255 255 255 255 255 255 255 255 255 255 255 255 255 255 255 255 255 255 255 255 255 255 255 255 255 255 255 255 255 255 255 255 255 255 255 255 255 255 252 248 255 255 255 255 196 000 000 009 255 255 255 
255 255 255 255 255 138 000 000 000 197 255 166 000 000 000 106 255 255 255 255 255 255 255 255 255 255 255 255 255 255 255 255 255 255 255 255 255 255 255 255 255 255 255 255 255 255 255 255 255 255 255 255 255 255 255 255 255 255 255 220 001 023 048 056 064 055 000 000 002 075 075 075 
255 255 255 255 255 138 000 000 000 207 231 018 000 000 100 254 255 255 255 255 255 255 255 255 255 255 255 255 255 255 255 255 255 255 255 255 255 255 255 255 255 255 255 255 255 255 255 255 255 255 255 255 255 255 255 255 255 255 255 220 000 000 000 000 000 000 000 000 000 000 000 000 
255 255 255 255 255 149 000 000 000 215 078 000 000 065 251 255 255 255 255 255 255 255 255 255 255 255 255 255 255 255 255 255 255 255 255 255 255 255 255 255 255 255 255 255 255 255 255 255 255 255 255 255 255 255 255 255 255 255 255 220 000 000 000 000 000 001 005 009 012 016 019 019 
255 255 255 255 255 162 000 000 000 117 000 000 033 236 255 255 255 255 255 255 255 255 255 255 255 255 255 255 255 255 255 255 255 255 255 255 255 255 255 255 255 255 255 255 255 255 255 255 255 255 255 255 255 255 255 255 255 255 255 243 182 212 240 250 254 255 255 255 255 255 255 255 
255 255 255 255 255 174 000 000 000 000 000 012 211 255 255 255 255 255 255 255 255 255 255 255 255 255 255 255 255 255 255 255 255 255 255 255 255 255 255 255 255 255 255 255 255 255 255 255 255 255 255 255 255 255 255 255 255 255 255 255 255 255 255 255 255 255 255 255 255 255 255 255 
255 255 255 255 255 186 000 000 000 000 000 042 215 255 255 255 255 255 255 255 255 255 255 255 255 255 255 255 255 255 255 255 255 255 255 255 255 255 255 255 255 255 255 255 255 255 255 255 255 255 255 255 255 255 255 255 255 255 255 255 255 255 255 115 119 129 138 139 139 139 139 139 
255 255 255 255 255 198 000 000 000 000 000 000 007 130 250 255 255 255 255 255 255 255 255 255 255 255 255 255 255 255 255 255 255 255 255 255 255 255 255 255 255 255 255 255 255 255 255 255 255 255 255 255 255 255 255 255 255 255 255 255 255 255 255 024 000 000 000 000 000 000 000 000 
255 255 255 255 255 210 000 000 000 104 009 000 000 000 045 201 255 255 255 255 255 255 255 255 255 255 255 255 255 255 255 255 255 255 255 255 255 255 255 255 255 255 255 255 255 255 255 255 255 255 255 255 255 255 255 255 255 255 255 255 255 255 255 032 000 000 000 000 000 000 000 000 
255 255 255 255 255 223 000 000 000 156 198 019 000 000 000 002 118 249 255 255 255 255 255 255 255 255 255 255 255 255 255 255 255 255 255 255 255 255 255 255 255 255 255 255 255 255 255 255 255 255 255 255 255 255 255 255 255 255 255 255 255 255 255 035 000 000 149 211 211 211 211 211 
255 255 255 255 255 235 000 000 000 116 255 217 034 000 000 000 000 047 211 255 255 255 255 255 255 255 255 255 255 255 255 255 255 255 255 255 255 255 255 255 255 255 255 255 255 255 255 255 255 255 255 255 255 255 255 255 255 255 255 255 255 255 255 036 000 000 180 255 255 255 255 255 
255 255 255 255 255 249 002 000 000 071 255 255 232 052 000 000 000 000 007 141 254 255 255 255 255 255 255 255 255 255 255 255 255 255 255 255 255 255 255 255 255 255 255 255 255 255 255 255 255 255 255 255 255 255 255 255 255 255 255 255 255 255 255 036 000 000 180 255 255 255 255 255 
255 255 255 255 255 255 040 000 000 025 255 255 255 243 064 000 000 000 000 000 184 255 255 255 255 255 255 255 255 255 255 255 255 255 255 255 255 255 255 255 255 255 255 255 255 255 255 255 255 255 255 255 255 255 255 255 255 255 255 255 255 255 255 036 000 000 026 037 037 037 037 037 
255 255 255 255 255 255 090 000 000 000 235 255 255 255 246 070 000 000 000 104 255 255 255 255 255 255 255 255 255 255 255 255 255 255 255 255 255 255 255 255 255 255 255 255 255 255 255 255 255 255 255 255 255 255 255 255 255 255 255 255 255 255 255 036 000 000 000 000 000 000 000 000 
255 255 255 255 255 255 141 000 000 000 177 255 255 255 255 248 077 000 053 248 255 255 255 255 255 255 255 255 255 255 255 255 255 255 255 255 255 255 255 255 255 255 255 255 255 255 255 255 255 255 255 255 255 255 255 255 255 255 255 255 255 255 255 036 000 000 048 068 068 068 068 068 
255 255 255 255 255 255 204 000 000 000 097 255 255 255 255 255 250 101 224 255 255 255 255 255 255 255 255 255 255 255 255 255 255 255 255 255 255 255 255 255 255 255 255 255 255 255 255 255 255 255 255 255 255 255 255 255 255 255 255 255 255 255 255 036 000 000 180 255 255 255 255 255 
255 255 255 255 255 255 254 021 000 000 021 253 255 255 255 255 255 255 255 255 255 255 255 255 255 255 255 255 255 255 255 255 213 163 164 214 255 255 255 255 255 255 255 255 255 255 255 255 255 255 255 255 255 255 255 255 255 255 255 255 255 255 255 036 000 000 180 255 255 255 255 255 
255 255 255 255 255 255 255 100 000 000 000 194 255 255 255 255 255 255 255 255 255 255 255 255 255 255 255 255 255 255 209 062 000 000 000 000 064 211 255 255 255 255 255 255 255 255 255 255 255 255 255 255 255 255 255 255 255 255 255 255 255 255 255 036 000 000 135 191 191 191 191 191 
255 255 255 255 255 255 255 213 001 000 000 096 255 255 255 255 255 255 255 255 252 255 255 255 255 255 255 255 255 208 019 000 063 141 141 061 000 020 210 255 255 255 255 255 255 255 255 255 255 255 255 255 255 255 255 255 255 255 255 255 255 255 255 036 000 000 000 000 000 000 000 000 
255 255 255 255 255 255 255 255 075 000 000 001 202 255 255 255 255 255 255 255 115 201 255 255 255 255 255 255 255 051 001 156 255 255 255 255 153 001 052 255 255 255 255 255 255 255 255 255 255 255 255 255 255 255 255 255 255 255 255 255 255 255 255 036 000 000 000 000 000 000 000 000 
255 255 255 255 255 255 255 255 193 000 000 000 051 246 255 255 255 255 255 252 026 006 127 249 255 255 255 255 202 000 083 255 255 255 255 255 255 082 000 201 255 255 255 255 255 255 255 255 255 255 255 255 255 255 255 255 255 255 255 255 255 255 255 036 000 000 120 170 170 170 170 170 
255 255 255 255 255 255 255 255 255 061 000 000 000 070 245 255 255 255 255 150 000 000 000 030 198 255 255 255 146 000 168 255 255 255 255 255 255 170 000 144 255 255 255 255 255 255 255 255 255 255 255 255 255 255 255 255 255 255 255 255 255 255 255 032 000 000 180 255 255 255 255 255 
255 255 255 255 255 255 255 255 255 226 022 000 000 000 055 221 255 255 239 020 000 000 000 023 246 255 255 255 145 000 172 255 255 255 255 255 255 178 000 141 255 255 255 255 255 255 255 255 255 255 255 255 255 255 255 255 255 255 255 255 255 255 255 026 000 000 180 255 255 255 255 255 
255 255 255 255 255 255 255 255 255 255 194 005 000 000 000 006 105 139 041 000 000 000 000 141 255 255 255 255 192 000 094 255 255 255 255 255 255 109 000 177 255 255 255 255 255 255 255 255 255 255 255 255 255 255 255 255 255 255 255 255 255 255 255 020 000 000 180 255 255 255 255 230 
255 255 255 255 255 255 255 255 255 255 255 149 000 000 000 000 000 000 000 000 000 000 052 252 255 255 255 255 255 043 005 180 255 255 255 255 200 012 029 252 255 255 255 255 255 255 255 255 255 255 255 255 255 255 255 255 255 255 255 255 255 255 254 003 000 000 180 255 255 255 255 245 
255 255 255 255 255 255 255 255 255 255 255 255 179 026 000 000 000 000 000 000 000 006 212 255 255 255 255 255 255 193 010 006 099 181 184 111 012 002 164 255 255 255 255 255 255 255 255 255 255 255 255 255 255 255 255 255 255 255 255 255 255 255 236 000 000 000 180 255 255 255 255 255 
255 255 255 255 255 255 255 255 255 255 255 255 255 240 098 000 000 000 000 000 005 157 255 255 255 255 255 255 255 255 191 032 000 000 000 000 017 172 255 255 255 255 255 255 255 255 255 255 255 255 255 255 255 255 255 255 255 255 255 255 255 255 215 000 000 000 180 255 255 255 255 255 
255 255 255 255 255 255 255 255 255 255 255 255 255 255 255 209 126 055 033 066 199 255 255 255 255 255 255 255 255 255 255 253 178 124 122 172 248 255 255 255 255 255 255 255 255 255 255 255 255 255 255 255 255 255 255 255 255 255 255 255 255 255 250 226 226 226 247 255 255 255 255 255 
255 255 255 255 255 255 255 255 255 255 255 255 255 255 255 255 255 255 255 255 255 255 255 255 255 255 255 255 255 255 255 255 255 255 255 255 255 255 255 255 255 255 255 255 255 255 255 255 255 255 255 255 255 255 255 255 255 255 255 255 255 255 255 255 255 255 255 255 255 255 255 255 
255 255 255 255 255 255 255 255 255 255 255 255 255 255 255 255 255 255 255 255 255 255 255 255 255 255 255 255 255 255 255 255 255 255 255 255 255 255 255 255 255 255 255 255 255 255 255 255 255 255 255 255 255 255 255 255 255 255 255 255 255 255 255 255 255 255 255 255 255 255 255 255 
255 255 255 255 255 255 255 255 255 255 255 255 255 255 255 255 255 255 255 255 255 255 255 255 255 255 255 255 255 255 255 255 255 255 255 255 255 255 255 255 255 255 255 255 255 255 255 255 255 255 255 255 255 255 255 255 255 255 255 255 255 255 255 255 255 255 255 255 255 255 255 255 
255 255 255 255 255 255 255 255 255 255 255 255 255 255 255 255 255 255 255 255 255 255 255 255 255 255 255 255 255 255 255 255 255 255 255 255 255 255 255 255 255 255 255 255 255 255 255 255 255 255 255 255 255 255 255 255 255 255 255 255 255 255 255 255 255 255 255 255 255 255 255 255 
255 255 255 255 255 255 255 255 255 255 255 255 255 255 255 255 255 255 255 255 255 255 255 255 255 255 255 255 255 255 255 255 255 255 255 255 255 255 255 255 255 255 255 255 255 255 255 255 255 255 255 255 255 255 255 255 255 255 255 255 255 255 255 255 255 255 255 255 255 255 255 255 
255 255 255 255 255 255 255 255 255 255 255 255 255 255 255 255 255 255 255 255 255 255 255 255 255 255 255 255 255 255 255 255 255 255 255 255 255 255 255 255 255 255 255 255 255 255 255 255 255 255 255 255 255 255 255 255 255 255 255 255 255 255 255 255 255 255 255 255 255 255 255 255 
255 255 255 255 255 255 255 255 255 255 255 255 255 255 255 255 255 255 255 255 255 255 255 255 255 255 255 255 255 255 255 255 255 255 255 255 255 255 255 255 255 255 255 255 255 255 255 255 255 255 255 255 255 255 255 255 255 255 255 255 255 255 255 255 255 255 255 255 255 255 255 255 
255 255 255 255 255 255 255 255 255 255 255 255 255 255 255 255 255 255 255 255 255 255 255 255 255 255 255 255 255 255 255 255 255 255 255 255 255 255 255 255 255 255 255 255 255 255 255 255 255 255 255 255 255 255 255 255 255 255 255 255 255 255 255 255 255 255 255 255 255 255 255 255 
255 255 255 255 255 255 255 255 255 255 255 255 255 255 255 255 255 255 255 255 255 255 255 255 255 255 255 255 255 255 255 255 255 255 255 255 255 255 255 255 255 255 255 255 255 255 255 255 255 255 255 255 255 255 255 255 255 255 255 255 255 255 255 255 255 255 255 255 255 255 255 255 
255 255 255 255 255 255 255 255 255 255 255 255 255 255 255 255 255 255 255 255 255 255 255 255 255 255 255 255 255 255 255 255 255 255 255 255 255 255 255 255 255 255 255 255 255 255 255 255 255 255 255 255 255 255 255 255 255 255 255 255 255 255 255 255 255 255 255 255 255 255 255 255 
255 255 255 255 255 255 255 255 255 255 255 255 255 255 255 255 255 255 255 255 255 255 255 255 255 255 255 255 255 255 255 255 255 255 255 255 255 255 255 255 255 255 255 255 255 255 255 255 255 255 255 255 255 255 255 255 255 255 255 255 255 255 255 255 255 255 255 255 255 255 255 255 
255 255 255 255 255 255 255 255 255 255 255 255 255 255 255 255 255 255 255 255 255 255 255 255 255 255 255 255 255 255 255 255 255 255 255 255 255 255 255 255 255 255 255 255 255 255 255 255 255 255 255 255 255 255 255 255 255 255 255 255 255 255 255 255 255 255 255 255 255 255 255 255 
255 255 255 255 255 255 255 255 255 255 255 255 255 255 255 255 255 255 255 255 255 255 255 255 255 255 255 255 255 255 255 255 255 255 255 255 255 255 255 255 255 255 255 255 255 255 255 255 255 255 255 255 255 255 255 255 255 255 255 255 255 255 255 255 255 255 255 255 255 255 255 255 
255 255 255 255 255 255 255 255 255 255 255 255 255 255 255 255 255 255 255 255 255 255 255 255 255 255 255 255 255 255 255 255 255 255 255 255 255 255 255 255 255 255 255 255 255 255 255 255 255 255 255 255 255 255 255 255 255 255 255 255 255 255 255 255 255 255 255 255 255 255 255 255 
255 255 255 255 255 255 255 255 255 255 255 255 255 255 255 255 255 255 255 255 255 255 255 255 255 255 255 255 255 255 255 255 255 255 255 255 255 255 255 255 255 255 255 255 255 255 255 255 255 255 255 255 255 255 255 255 255 255 255 255 255 255 255 255 255 255 255 255 255 255 255 255 
255 255 255 255 255 255 255 255 255 255 255 255 255 255 255 255 255 255 255 255 255 255 255 255 255 255 255 255 255 255 255 255 255 255 255 255 255 255 255 255 255 255 255 255 255 255 255 255 255 255 255 255 255 255 255 255 255 255 255 255 255 255 255 255 255 255 255 255 255 255 255 255 
255 255 255 255 255 255 255 255 255 255 255 255 255 255 255 255 255 255 255 255 255 255 255 255 255 255 255 255 255 255 255 255 255 255 255 255 255 255 255 255 255 255 255 255 255 255 255 255 255 255 255 255 255 255 255 255 255 255 255 255 255 255 255 255 255 255 255 255 255 255 255 255 
255 255 255 255 255 255 255 255 255 255 255 255 255 255 255 255 255 255 255 255 255 255 255 255 255 255 255 255 255 255 255 255 255 255 255 255 255 255 255 255 255 255 255 255 255 255 255 255 255 255 255 255 255 255 255 255 255 255 255 255 255 255 255 255 255 255 255 255 255 255 255 255 
255 255 255 255 255 255 255 255 255 255 255 255 255 255 255 255 255 255 255 255 255 255 255 255 255 255 255 255 255 255 255 255 255 255 255 255 255 255 255 255 255 255 255 255 255 255 255 255 255 255 255 255 255 255 255 255 255 255 255 255 255 255 255 255 255 255 255 255 255 255 255 255 
255 255 255 255 255 255 255 255 255 255 255 255 255 255 255 255 255 255 255 255 255 255 255 255 255 255 255 255 255 255 255 255 255 255 255 255 255 255 255 255 255 255 255 255 255 255 255 255 255 255 255 255 255 255 255 255 255 255 255 255 255 255 255 255 255 255 255 255 255 255 255 255 
255 255 255 255 255 255 255 255 255 255 255 255 255 255 255 255 255 255 255 255 255 255 255 255 255 255 255 255 255 255 255 255 255 255 255 255 255 255 255 255 255 255 255 255 255 255 255 255 255 255 255 255 255 255 255 255 255 255 255 255 255 255 255 255 255 255 255 255 255 255 255 255 
255 255 255 255 255 255 255 255 255 255 255 255 255 255 255 255 255 255 255 255 255 255 255 255 255 255 255 255 255 255 255 255 255 255 255 255 255 255 255 255 255 255 255 255 255 255 255 255 255 255 255 255 255 255 255 255 255 255 255 255 255 255 255 255 255 255 255 255 255 255 255 255 
