255 255 255 255 255 255 255 255 255 255 255 255 255 255 255 255 255 255 255 255 255 255 255 255 255 255 255 255 255 255 255 255 255 255 255 255 255 255 255 255 255 255 255 255 255 255 255 255 255 255 255 255 255 255 255 255 255 255 255 255 255 255 255 255 255 255 255 255 255 255 255 255 
255 255 255 255 255 255 255 255 255 255 255 255 255 255 255 255 255 255 255 255 255 255 255 255 255 255 255 255 255 255 255 255 255 255 255 255 255 255 255 255 255 255 255 255 255 255 255 255 255 255 255 255 255 255 255 255 255 255 255 255 255 255 255 255 255 255 255 255 255 255 255 255 
255 255 255 255 255 255 255 255 255 255 255 255 255 255 255 255 255 255 255 255 255 255 255 255 255 255 255 255 255 255 255 255 255 255 255 255 255 255 255 255 255 255 255 255 255 255 255 255 255 255 255 255 255 255 255 255 255 255 255 255 255 255 255 255 255 255 255 255 255 255 255 255 
255 255 255 255 255 255 255 255 255 255 255 255 255 255 255 255 255 255 255 255 255 255 255 255 255 255 255 255 255 255 255 255 255 255 255 255 255 255 255 255 255 255 255 255 255 255 255 255 255 255 255 255 255 255 255 255 255 255 255 255 255 255 255 255 255 255 255 255 255 255 255 255 
255 255 255 255 255 255 255 255 255 255 255 255 255 255 255 255 255 255 255 255 255 255 255 255 255 255 255 255 255 255 255 255 255 255 255 255 255 255 255 255 255 255 255 255 255 255 255 255 255 255 255 255 255 255 255 255 255 255 255 255 255 255 255 255 255 255 255 255 255 255 255 255 
255 255 255 255 255 255 255 255 255 255 255 255 255 255 255 255 255 255 255 255 255 255 255 255 255 255 255 255 255 255 255 255 255 255 255 255 255 255 255 255 255 255 255 255 255 255 255 255 255 255 255 255 255 255 255 255 255 255 255 255 255 255 255 255 255 255 255 255 255 255 255 255 
255 255 255 255 255 255 255 255 255 255 255 255 255 255 255 255 255 255 255 255 255 255 255 255 255 255 255 255 255 255 255 255 255 255 255 255 255 255 255 255 255 255 255 255 255 255 255 255 255 255 255 255 255 255 255 255 255 255 255 255 255 255 255 255 255 255 255 255 255 255 255 255 
255 255 255 255 255 255 255 255 255 255 255 255 255 255 255 255 255 255 255 255 255 255 255 255 255 255 255 255 255 255 255 255 255 255 255 255 255 255 255 255 255 255 255 255 255 255 255 255 255 255 255 255 255 255 255 255 255 255 255 255 255 255 255 255 255 255 255 255 255 255 255 255 
255 255 255 255 255 255 255 255 255 255 255 255 255 255 255 255 255 255 255 255 255 255 255 255 255 255 255 255 255 255 255 255 255 255 255 255 255 255 255 255 255 255 255 255 255 255 255 255 255 255 255 255 255 255 255 255 255 255 255 255 255 255 255 255 255 255 255 255 255 255 255 255 
255 255 255 255 255 255 255 255 255 255 255 255 255 255 255 255 255 255 255 255 255 255 255 255 255 255 255 255 255 255 255 255 255 255 255 255 255 255 255 255 255 255 255 255 255 255 255 255 255 255 255 255 255 255 255 255 255 255 255 255 255 255 255 255 255 255 255 255 255 255 255 255 
255 255 255 255 255 255 255 255 255 255 255 255 255 255 255 255 255 255 255 255 255 255 255 255 255 255 255 255 255 255 255 255 255 255 255 255 255 255 255 255 255 255 255 255 255 255 255 255 255 255 255 255 255 255 255 255 255 255 255 255 255 255 255 255 255 255 255 255 255 255 255 255 
255 255 255 255 255 255 255 255 255 255 255 255 255 255 255 255 255 255 255 255 255 255 255 255 255 255 255 255 255 255 255 255 255 255 255 255 255 255 255 255 255 255 255 255 255 255 255 255 255 255 255 255 255 255 255 255 255 255 255 255 255 255 255 255 255 255 255 255 255 255 255 255 
255 255 255 255 255 255 255 255 255 255 255 255 255 255 255 255 255 255 255 255 255 255 255 255 255 255 255 255 255 255 255 255 255 255 255 255 255 255 255 255 255 255 255 255 255 255 255 255 255 255 255 255 255 255 255 255 255 255 255 255 255 255 255 255 255 255 255 255 255 255 255 255 
255 255 255 255 255 255 255 255 255 255 255 255 255 255 255 255 255 255 255 255 255 255 255 255 255 255 255 255 255 255 255 255 255 255 255 255 255 255 255 255 255 255 255 255 255 255 255 255 255 255 255 255 255 255 255 255 255 255 255 255 255 255 255 255 255 255 255 255 255 255 255 255 
255 255 255 255 255 255 255 255 255 255 255 255 255 255 255 255 255 255 255 255 255 255 255 255 255 255 255 255 255 255 255 255 255 255 255 255 255 255 255 255 255 255 255 255 255 255 255 255 255 255 255 255 255 255 255 255 255 255 255 255 255 255 255 255 255 255 255 255 255 255 255 255 
255 255 255 255 255 255 255 255 255 255 255 255 255 255 255 255 255 255 255 255 255 255 255 255 255 255 255 255 255 255 255 255 255 255 255 255 255 255 255 255 255 255 255 255 255 255 255 255 255 255 255 255 255 255 255 255 255 255 255 255 255 255 255 255 255 255 255 255 255 255 255 255 
255 255 255 255 255 255 255 255 255 255 255 255 255 255 255 255 255 255 255 255 255 255 255 255 255 255 255 255 255 255 255 255 255 255 255 255 255 255 255 255 255 255 255 255 255 255 255 255 255 255 255 255 255 255 255 255 255 255 255 255 255 255 255 255 255 255 255 255 255 255 255 255 
255 255 255 255 255 255 255 255 255 255 255 255 255 255 255 255 255 255 255 255 255 255 255 255 255 255 255 255 255 255 255 255 255 255 255 255 255 255 255 255 255 255 255 255 255 255 255 255 255 255 255 255 255 255 255 255 255 255 255 255 255 255 255 255 255 255 255 255 255 255 255 255 
255 255 255 255 255 255 255 255 255 255 255 255 255 255 255 255 255 255 255 255 255 255 255 255 255 255 255 255 255 255 255 255 255 255 255 255 255 255 255 255 255 255 255 255 255 255 255 255 255 255 255 255 255 255 255 255 255 255 255 255 255 255 255 255 255 255 255 255 255 255 255 255 
255 187 213 255 255 255 255 255 255 255 255 255 255 255 255 255 255 255 255 255 255 255 255 255 255 255 255 255 255 255 255 255 255 255 255 255 255 255 255 255 255 255 255 255 255 255 253 188 095 181 255 255 255 255 255 255 255 255 255 255 255 255 255 255 255 255 255 255 161 077 110 133 
255 035 000 045 109 167 238 255 255 255 255 255 255 255 255 255 255 255 255 255 255 255 255 255 255 255 253 251 255 255 255 255 255 255 255 255 255 255 255 255 255 255 255 255 255 134 027 000 000 075 255 255 255 255 255 255 255 255 255 255 255 255 255 255 255 255 255 255 172 000 000 000 
204 000 000 000 000 004 187 255 255 255 255 255 255 255 255 255 255 255 255 255 255 255 255 232 161 089 020 131 255 255 255 255 255 255 255 255 255 255 255 255 255 255 255 255 255 154 000 000 000 003 228 255 255 255 255 255 255 255 255 255 255 255 255 255 255 255 255 255 213 000 000 000 
117 000 000 000 000 175 255 255 255 255 255 255 255 255 255 255 255 255 238 191 144 096 046 001 000 000 000 016 238 255 255 255 255 255 255 255 255 255 255 255 255 255 255 255 255 248 018 000 000 000 119 255 255 255 255 255 255 255 255 255 255 255 255 255 255 255 255 255 236 000 000 000 
028 000 000 000 094 255 255 255 255 255 255 255 232 193 154 115 076 029 000 000 000 000 000 000 000 000 000 000 100 255 255 255 255 255 255 255 255 255 255 255 255 255 255 255 255 255 107 000 000 000 010 232 255 255 255 255 255 255 255 255 255 255 255 255 255 255 255 255 246 000 000 000 
000 000 000 016 233 255 241 107 090 073 052 015 000 000 000 000 000 000 000 000 000 000 000 000 000 000 000 000 001 196 255 255 255 255 255 255 255 255 255 255 255 255 255 255 255 255 202 000 000 000 000 135 255 255 255 255 255 255 255 255 215 225 235 236 233 255 255 255 255 002 000 000 
000 000 000 149 255 255 255 054 000 000 000 000 000 000 000 000 000 000 000 000 000 022 066 112 156 195 212 223 209 223 255 255 255 255 255 255 255 255 255 255 255 255 255 255 255 255 252 010 052 133 215 255 255 255 255 255 255 255 255 255 106 000 000 000 145 255 255 255 255 012 000 000 
000 000 039 252 255 255 255 143 000 000 000 000 000 000 000 026 027 000 000 000 188 255 255 255 255 255 255 255 255 255 255 255 255 255 255 255 251 144 164 184 203 219 223 228 232 236 241 224 242 238 233 229 225 220 211 190 171 151 213 255 135 000 000 000 193 255 255 255 255 018 000 000 
000 000 168 255 255 255 255 205 044 067 090 124 164 203 242 255 125 000 000 000 201 255 255 255 255 255 255 255 255 255 255 255 255 255 255 255 246 000 000 000 000 000 000 000 000 000 000 000 000 000 000 000 000 000 000 000 000 000 163 255 157 000 000 000 206 255 255 255 255 018 000 000 
000 047 254 255 255 255 255 255 255 255 255 255 255 255 255 255 125 000 000 000 201 255 255 255 255 255 255 255 255 255 255 255 255 255 255 255 246 000 000 000 000 000 000 000 000 000 000 000 000 000 000 000 000 000 000 000 000 000 163 255 164 000 000 000 208 255 255 255 255 018 000 000 
000 119 255 255 255 255 255 255 255 255 255 255 255 255 255 255 125 000 000 000 201 255 255 255 255 255 255 255 255 255 255 255 255 255 255 255 246 000 000 000 000 000 000 000 000 000 000 000 000 000 000 000 000 000 000 000 000 000 163 255 171 000 000 000 210 255 255 255 255 018 000 000 
000 119 255 255 255 255 255 255 255 255 255 255 255 255 255 255 125 000 000 000 201 255 255 255 255 255 255 255 255 255 255 255 255 255 255 255 251 148 169 189 210 223 227 232 236 237 237 237 237 237 198 000 000 000 080 203 189 168 218 255 172 000 000 000 210 255 255 255 255 018 000 000 
000 119 255 255 255 255 255 255 255 255 255 255 255 255 255 255 125 000 000 000 201 255 255 255 255 255 255 255 255 255 255 255 255 255 255 255 255 255 255 255 255 255 255 255 255 255 255 255 255 255 191 000 000 000 129 255 255 255 255 255 172 000 000 000 210 255 255 255 255 018 000 000 
000 119 255 255 255 255 255 255 255 255 255 255 255 255 255 255 125 000 000 000 201 255 255 255 255 255 255 255 255 255 255 255 255 255 255 255 255 255 255 255 255 255 255 255 255 255 255 255 255 255 168 000 000 000 164 255 255 255 255 255 172 000 000 000 210 255 255 255 255 018 000 000 
000 119 255 255 255 255 255 255 255 255 255 255 255 255 255 255 125 000 000 000 201 255 255 255 255 255 255 255 255 255 255 255 255 255 255 255 255 255 255 255 255 248 145 250 255 255 255 255 255 255 133 000 000 000 205 255 255 255 255 255 172 000 000 000 210 255 255 255 255 018 000 000 
000 119 255 255 255 255 255 255 255 255 255 255 255 255 255 255 125 000 000 000 201 255 255 255 255 255 255 255 255 255 255 255 255 255 255 255 255 255 255 255 213 045 000 091 254 255 255 255 255 255 079 000 000 015 252 255 255 255 255 255 172 000 000 000 210 255 255 255 255 018 000 000 
000 119 255 255 255 255 255 255 255 255 255 255 255 255 255 255 125 000 000 000 201 255 255 255 255 255 255 255 255 255 255 255 255 255 255 255 255 255 255 227 012 000 000 000 113 255 255 255 255 255 025 000 000 077 255 255 255 255 255 255 172 000 000 000 210 255 255 255 255 018 000 000 
000 119 255 255 217 225 238 252 255 255 255 255 255 255 255 255 125 000 000 000 201 255 255 255 255 255 255 255 252 240 227 214 248 255 255 255 255 255 255 255 171 005 000 000 000 139 255 255 255 227 000 000 000 141 255 255 255 255 255 255 172 000 000 000 210 255 255 255 255 018 000 000 
000 119 255 255 028 000 000 000 009 019 022 025 028 031 034 037 019 000 000 000 030 034 030 027 023 019 015 009 000 000 000 000 216 255 255 255 255 255 255 255 255 174 002 000 000 001 174 255 255 174 000 000 000 206 255 255 255 255 255 255 172 000 000 000 210 255 255 255 255 018 000 000 
000 119 255 255 028 000 000 000 000 000 000 000 000 000 000 000 000 000 000 000 000 000 000 000 000 000 000 000 000 000 000 000 216 255 255 255 255 255 255 255 255 255 150 000 000 000 010 204 255 102 000 000 017 253 255 255 255 255 255 255 172 000 000 000 210 255 255 255 255 018 000 000 
000 119 255 255 028 000 000 000 000 000 000 000 000 000 000 000 000 000 000 000 000 000 000 000 000 000 000 000 000 000 000 000 216 255 255 255 255 255 255 255 255 255 255 123 000 000 000 026 220 016 000 000 079 255 255 255 255 255 255 255 172 000 000 000 210 255 255 255 255 018 000 000 
000 119 255 255 052 040 054 069 083 093 097 101 104 108 112 116 058 000 000 000 093 114 110 107 103 099 095 088 074 059 044 030 220 255 255 255 255 255 255 255 255 255 255 255 098 000 000 000 019 000 000 000 152 255 255 255 255 255 255 255 172 000 000 000 210 255 255 255 255 018 000 000 
000 119 255 255 255 255 255 255 255 255 255 255 255 255 255 255 125 000 000 000 201 255 255 255 255 255 255 255 255 255 255 255 255 255 255 255 255 255 255 255 255 255 255 255 251 071 000 000 000 000 000 010 241 255 255 255 255 255 255 255 172 000 000 000 210 255 255 255 255 018 000 000 
000 119 255 255 255 255 255 255 255 255 255 255 255 255 255 255 125 000 000 000 201 255 255 255 255 255 255 255 255 255 255 255 255 255 255 255 255 255 255 255 255 255 255 255 255 238 035 000 000 000 000 095 255 255 255 255 255 255 255 255 171 000 000 000 210 255 255 255 255 018 000 000 
000 119 255 255 255 255 255 255 255 255 255 255 255 255 255 255 125 000 000 000 201 255 255 255 255 255 255 255 255 255 255 255 255 255 255 255 255 255 255 255 255 255 255 255 255 255 211 008 000 000 000 143 255 255 255 255 255 255 255 255 165 000 000 000 206 255 255 255 255 018 000 000 
000 119 255 255 255 255 255 255 255 255 255 255 255 255 255 255 125 000 000 000 201 255 255 255 255 255 255 255 255 255 255 255 255 255 255 255 255 255 255 255 255 255 255 255 255 255 200 001 000 000 000 011 209 255 255 255 255 255 255 255 158 000 000 000 202 255 255 255 255 018 000 000 
000 119 255 255 255 255 255 255 255 255 255 255 255 255 255 255 125 000 000 000 201 255 255 255 255 255 255 255 255 255 255 255 255 255 255 255 255 255 255 255 255 255 255 255 255 251 053 000 000 000 000 000 033 237 255 255 255 255 255 255 140 000 000 000 192 255 255 255 255 018 000 000 
000 119 255 255 255 255 255 255 255 255 255 255 255 255 255 255 125 000 000 000 201 255 255 255 255 255 255 255 255 255 255 255 255 255 255 255 255 255 255 255 255 255 255 255 255 117 000 000 000 002 000 000 000 069 252 255 255 255 255 255 110 000 000 000 179 255 255 255 255 018 000 000 
000 119 255 255 255 255 255 255 255 255 255 255 255 255 255 255 125 000 000 000 201 255 255 255 255 255 255 255 255 255 255 255 255 255 255 255 255 255 255 255 255 255 255 255 180 001 000 000 013 190 012 000 000 000 115 255 255 255 255 255 182 141 141 141 217 255 255 255 255 018 000 000 
000 119 255 255 255 255 255 255 255 255 255 255 255 255 255 255 125 000 000 000 201 255 255 255 255 255 255 255 255 255 255 255 255 255 255 255 255 255 255 255 255 255 255 216 019 000 000 000 149 255 157 000 000 000 000 170 255 255 255 255 255 255 255 255 255 255 255 255 255 018 000 000 
000 119 255 255 255 255 255 255 255 255 255 255 255 255 255 255 125 000 000 000 201 255 255 255 255 255 255 255 255 255 255 255 255 255 255 255 255 255 255 255 255 255 216 024 000 000 000 064 254 255 255 082 000 000 000 014 218 255 255 255 255 255 255 255 255 255 255 255 255 018 000 000 
000 119 255 255 255 255 255 255 255 255 255 255 255 255 255 255 125 000 000 000 201 255 255 255 255 255 255 255 255 255 255 255 255 255 255 255 255 255 255 255 255 216 024 000 000 000 036 235 255 255 255 236 025 000 000 000 047 247 255 255 255 255 255 255 255 255 255 255 255 018 000 000 
000 119 255 255 255 255 255 255 255 255 255 255 255 255 255 255 125 000 000 000 201 255 255 255 255 255 255 255 255 255 255 255 255 255 255 255 255 255 255 255 180 020 000 000 000 020 219 255 255 255 255 255 172 000 000 000 000 100 255 255 255 255 255 255 255 255 255 255 255 017 000 000 
000 119 255 255 255 255 255 255 255 255 255 255 255 255 255 255 125 000 000 000 201 255 255 255 255 255 255 255 255 255 255 255 255 255 255 255 255 255 249 113 001 000 000 000 008 198 255 255 255 255 255 255 255 076 000 000 000 087 247 255 255 255 255 255 255 255 255 255 241 001 000 000 
000 119 255 255 255 255 096 087 101 115 128 133 138 142 147 151 076 000 000 000 122 150 145 141 136 131 124 109 094 080 189 255 255 255 255 255 255 195 050 000 000 000 000 002 172 255 255 255 255 255 255 255 255 224 010 042 189 255 255 255 255 255 255 255 255 255 255 255 166 000 000 000 
000 119 255 255 255 255 031 000 000 000 000 000 000 000 000 000 000 000 000 000 000 000 000 000 000 000 000 000 000 000 163 255 255 255 255 255 239 078 000 000 000 000 000 141 255 255 255 255 255 255 255 255 255 255 202 251 255 255 255 255 255 255 255 180 100 108 099 077 001 000 000 000 
000 119 255 255 255 255 031 000 000 000 000 000 000 000 000 000 000 000 000 000 000 000 000 000 000 000 000 000 000 000 163 255 255 255 255 255 255 255 136 001 000 003 141 255 255 255 255 255 255 255 255 255 255 255 255 255 255 255 255 255 255 255 255 251 049 000 000 000 000 000 000 000 
000 119 255 255 255 255 031 000 000 000 000 000 002 004 006 009 011 013 014 012 010 008 005 003 001 000 000 000 000 000 163 255 255 255 255 255 255 255 255 158 016 185 255 255 255 255 255 255 255 255 255 255 255 255 255 255 255 255 255 255 255 255 255 255 174 000 000 000 000 000 000 048 
000 119 255 255 255 255 188 195 213 230 248 255 255 255 255 255 255 255 255 255 255 255 255 255 255 254 239 221 204 186 226 255 255 255 255 255 255 255 255 255 234 255 255 255 255 255 255 255 255 255 255 255 255 255 255 255 255 255 255 255 255 255 255 255 254 042 000 000 000 008 083 237 
067 156 255 255 255 255 255 255 255 255 255 255 255 255 255 255 255 255 255 255 255 255 255 255 255 255 255 255 255 255 255 255 255 255 255 255 255 255 255 255 255 255 255 255 255 255 255 255 255 255 255 255 255 255 255 255 255 255 255 255 255 255 255 255 255 124 037 091 164 242 255 255 
255 255 255 255 255 255 255 255 255 255 255 255 255 255 255 255 255 255 255 255 255 255 255 255 255 255 255 255 255 255 255 255 255 255 255 255 255 255 255 255 255 255 255 255 255 255 255 255 255 255 255 255 255 255 255 255 255 255 255 255 255 255 255 255 255 255 255 255 255 255 255 255 
255 255 255 255 255 255 255 255 255 255 255 255 255 255 255 255 255 255 255 255 255 255 255 255 255 255 255 255 255 255 255 255 255 255 255 255 255 255 255 255 255 255 255 255 255 255 255 255 255 255 255 255 255 255 255 255 255 255 255 255 255 255 255 255 255 255 255 255 255 255 255 255 
255 255 255 255 255 255 255 255 255 255 255 255 255 255 255 255 255 255 255 255 255 255 255 255 255 255 255 255 255 255 255 255 255 255 255 255 255 255 255 255 255 255 255 255 255 255 255 255 255 255 255 255 255 255 255 255 255 255 255 255 255 255 255 255 255 255 255 255 255 255 255 255 
255 255 255 255 255 255 255 255 255 255 255 255 255 255 255 255 255 255 255 255 255 255 255 255 255 255 255 255 255 255 255 255 255 255 255 255 255 255 255 255 255 255 255 255 255 255 255 255 255 255 255 255 255 255 255 255 255 255 255 255 255 255 255 255 255 255 255 255 255 255 255 255 
255 255 255 255 255 255 255 255 255 255 255 255 255 255 255 255 255 255 255 255 255 255 255 255 255 255 255 255 255 255 255 255 255 255 255 255 255 255 255 255 255 255 255 255 255 255 255 255 255 255 255 255 255 255 255 255 255 255 255 255 255 255 255 255 255 255 255 255 255 255 255 255 
255 255 255 255 255 255 255 255 255 255 255 255 255 255 255 255 255 255 255 255 255 255 255 255 255 255 255 255 255 255 255 255 255 255 255 255 255 255 255 255 255 255 255 255 255 255 255 255 255 255 255 255 255 255 255 255 255 255 255 255 255 255 255 255 255 255 255 255 255 255 255 255 
255 255 255 255 255 255 255 255 255 255 255 255 255 255 255 255 255 255 255 255 255 255 255 255 255 255 255 255 255 255 255 255 255 255 255 255 255 255 255 255 255 255 255 255 255 255 255 255 255 255 255 255 255 255 255 255 255 255 255 255 255 255 255 255 255 255 255 255 255 255 255 255 
255 255 255 255 255 255 255 255 255 255 255 255 255 255 255 255 255 255 255 255 255 255 255 255 255 255 255 255 255 255 255 255 255 255 255 255 255 255 255 255 255 255 255 255 255 255 255 255 255 255 255 255 255 255 255 255 255 255 255 255 255 255 255 255 255 255 255 255 255 255 255 255 
255 255 255 255 255 255 255 255 255 255 255 255 255 255 255 255 255 255 255 255 255 255 255 255 255 255 255 255 255 255 255 255 255 255 255 255 255 255 255 255 255 255 255 255 255 255 255 255 255 255 255 255 255 255 255 255 255 255 255 255 255 255 255 255 255 255 255 255 255 255 255 255 
255 255 255 255 255 255 255 255 255 255 255 255 255 255 255 255 255 255 255 255 255 255 255 255 255 255 255 255 255 255 255 255 255 255 255 255 255 255 255 255 255 255 255 255 255 255 255 255 255 255 255 255 255 255 255 255 255 255 255 255 255 255 255 255 255 255 255 255 255 255 255 255 
255 255 255 255 255 255 255 255 255 255 255 255 255 255 255 255 255 255 255 255 255 255 255 255 255 255 255 255 255 255 255 255 255 255 255 255 255 255 255 255 255 255 255 255 255 255 255 255 255 255 255 255 255 255 255 255 255 255 255 255 255 255 255 255 255 255 255 255 255 255 255 255 
255 255 255 255 255 255 255 255 255 255 255 255 255 255 255 255 255 255 255 255 255 255 255 255 255 255 255 255 255 255 255 255 255 255 255 255 255 255 255 255 255 255 255 255 255 255 255 255 255 255 255 255 255 255 255 255 255 255 255 255 255 255 255 255 255 255 255 255 255 255 255 255 
255 255 255 255 255 255 255 255 255 255 255 255 255 255 255 255 255 255 255 255 255 255 255 255 255 255 255 255 255 255 255 255 255 255 255 255 255 255 255 255 255 255 255 255 255 255 255 255 255 255 255 255 255 255 255 255 255 255 255 255 255 255 255 255 255 255 255 255 255 255 255 255 
255 255 255 255 255 255 255 255 255 255 255 255 255 255 255 255 255 255 255 255 255 255 255 255 255 255 255 255 255 255 255 255 255 255 255 255 255 255 255 255 255 255 255 255 255 255 255 255 255 255 255 255 255 255 255 255 255 255 255 255 255 255 255 255 255 255 255 255 255 255 255 255 
255 255 255 255 255 255 255 255 255 255 255 255 255 255 255 255 255 255 255 255 255 255 255 255 255 255 255 255 255 255 255 255 255 255 255 255 255 255 255 255 255 255 255 255 255 255 255 255 255 255 255 255 255 255 255 255 255 255 255 255 255 255 255 255 255 255 255 255 255 255 255 255 
255 255 255 255 255 255 255 255 255 255 255 255 255 255 255 255 255 255 255 255 255 255 255 255 255 255 255 255 255 255 255 255 255 255 255 255 255 255 255 255 255 255 255 255 255 255 255 255 255 255 255 255 255 255 255 255 255 255 255 255 255 255 255 255 255 255 255 255 255 255 255 255 
255 255 255 255 255 255 255 255 255 255 255 255 255 255 255 255 255 255 255 255 255 255 255 255 255 255 255 255 255 255 255 255 255 255 255 255 255 255 255 255 255 255 255 255 255 255 255 255 255 255 255 255 255 255 255 255 255 255 255 255 255 255 255 255 255 255 255 255 255 255 255 255 
255 255 255 255 255 255 255 255 255 255 255 255 255 255 255 255 255 255 255 255 255 255 255 255 255 255 255 255 255 255 255 255 255 255 255 255 255 255 255 255 255 255 255 255 255 255 255 255 255 255 255 255 255 255 255 255 255 255 255 255 255 255 255 255 255 255 255 255 255 255 255 255 
255 255 255 255 255 255 255 255 255 255 255 255 255 255 255 255 255 255 255 255 255 255 255 255 255 255 255 255 255 255 255 255 255 255 255 255 255 255 255 255 255 255 255 255 255 255 255 255 255 255 255 255 255 255 255 255 255 255 255 255 255 255 255 255 255 255 255 255 255 255 255 255 
255 255 255 255 255 255 255 255 255 255 255 255 255 255 255 255 255 255 255 255 255 255 255 255 255 255 255 255 255 255 255 255 255 255 255 255 255 255 255 255 255 255 255 255 255 255 255 255 255 255 255 255 255 255 255 255 255 255 255 255 255 255 255 255 255 255 255 255 255 255 255 255 
255 255 255 255 255 255 255 255 255 255 255 255 255 255 255 255 255 255 255 255 255 255 255 255 255 255 255 255 255 255 255 255 255 255 255 255 255 255 255 255 255 255 255 255 255 255 255 255 255 255 255 255 255 255 255 255 255 255 255 255 255 255 255 255 255 255 255 255 255 255 255 255 
255 255 255 255 255 255 255 255 255 255 255 255 255 255 255 255 255 255 255 255 255 255 255 255 255 255 255 255 255 255 255 255 255 255 255 255 255 255 255 255 255 255 255 255 255 255 255 255 255 255 255 255 255 255 255 255 255 255 255 255 255 255 255 255 255 255 255 255 255 255 255 255 
255 255 255 255 255 255 255 255 255 255 255 255 255 255 255 255 255 255 255 255 255 255 255 255 255 255 255 255 255 255 255 255 255 255 255 255 255 255 255 255 255 255 255 255 255 255 255 255 255 255 255 255 255 255 255 255 255 255 255 255 255 255 255 255 255 255 255 255 255 255 255 255 
255 255 255 255 255 255 255 255 255 255 255 255 255 255 255 255 255 255 255 255 255 255 255 255 255 255 255 255 255 255 255 255 255 255 255 255 255 255 255 255 255 255 255 255 255 255 255 255 255 255 255 255 255 255 255 255 255 255 255 255 255 255 255 255 255 255 255 255 255 255 255 255 
255 255 255 255 255 255 255 255 255 255 255 255 255 255 255 255 255 255 255 255 255 255 255 255 255 255 255 255 255 255 255 255 255 255 255 255 255 255 255 255 255 255 255 255 255 255 255 255 255 255 255 255 255 255 255 255 255 255 255 255 255 255 255 255 255 255 255 255 255 255 255 255 
255 255 255 255 255 255 255 255 255 255 255 255 255 255 255 255 255 255 255 255 255 255 255 255 255 255 255 255 255 255 255 255 255 255 255 255 255 255 255 255 255 255 255 255 255 255 255 255 255 255 255 255 255 255 255 255 255 255 255 255 255 255 255 255 255 255 255 255 255 255 255 255 
255 255 255 255 255 255 255 255 255 255 255 255 255 255 255 255 255 255 255 255 255 255 255 255 255 255 255 255 255 255 255 255 255 255 255 255 255 255 255 255 255 255 255 255 255 255 255 255 255 255 255 255 255 255 255 255 255 255 255 255 255 255 255 255 255 255 255 255 255 255 255 255 
255 255 255 255 255 255 255 255 255 255 255 255 255 255 255 255 255 255 255 255 255 255 255 255 255 255 255 255 255 255 255 255 255 255 255 255 255 255 255 255 255 255 255 255 255 255 255 255 255 255 255 255 255 255 255 255 255 255 255 255 255 255 255 255 255 255 255 255 255 255 255 255 
255 255 255 255 255 255 255 255 255 255 255 255 255 255 255 255 255 255 255 255 255 255 255 255 255 255 255 255 255 255 255 255 255 255 255 255 255 255 255 255 194 255 255 255 255 255 255 255 255 255 255 255 255 255 255 255 255 255 255 255 255 255 255 255 255 255 255 255 255 255 255 255 
255 255 255 255 255 255 255 255 255 255 255 255 255 255 255 255 255 255 255 255 255 255 255 255 255 255 255 255 255 255 255 255 255 255 255 255 255 255 255 214 003 114 248 255 255 255 255 255 255 255 255 255 255 255 255 255 255 255 255 255 255 255 255 255 255 255 255 255 255 255 255 255 
255 255 255 255 255 209 183 208 234 249 252 255 255 255 255 255 255 255 255 255 255 251 227 201 175 239 255 255 255 255 255 255 255 255 255 255 255 255 254 062 000 000 046 177 253 255 255 184 161 184 202 204 205 207 208 210 212 213 211 209 208 206 205 203 200 178 153 229 255 255 255 255 
255 255 255 255 255 145 000 000 000 000 000 000 003 006 010 012 010 007 005 002 000 000 000 000 000 229 255 255 255 255 255 255 255 255 255 255 255 255 149 000 000 000 000 063 238 255 255 117 000 000 000 000 000 000 000 000 000 000 000 000 000 000 000 000 000 000 000 207 255 255 255 255 
255 255 255 255 255 174 000 000 000 000 000 000 000 000 000 000 000 000 000 000 000 000 000 000 002 253 255 255 255 255 255 255 255 255 255 255 255 219 013 000 000 000 090 254 255 255 255 132 000 000 000 000 000 000 000 000 000 000 000 000 000 000 000 000 000 000 000 214 255 255 255 255 
255 255 255 255 255 189 000 000 000 000 000 000 000 000 000 000 000 000 000 000 000 000 000 000 008 255 255 255 255 255 255 255 255 255 255 255 238 038 000 000 000 069 250 255 255 255 255 139 000 000 021 103 103 103 103 103 103 103 103 103 103 103 103 072 000 000 000 216 255 255 255 255 
255 255 255 255 255 194 000 000 000 173 213 213 213 213 213 213 213 213 213 213 213 093 000 000 012 255 255 255 255 255 255 255 255 255 255 250 064 000 000 000 053 243 255 255 255 255 255 140 000 000 053 255 255 255 255 255 255 255 255 255 255 255 255 177 000 000 000 216 255 255 255 255 
255 255 255 255 255 198 000 000 000 207 255 255 255 255 255 255 255 255 255 255 255 111 000 000 015 255 255 255 255 255 255 255 255 255 255 096 000 000 000 038 234 255 255 255 255 255 255 140 000 000 053 255 255 255 255 255 255 255 255 255 255 255 255 177 000 000 000 216 255 255 255 255 
255 255 251 240 255 198 000 000 000 207 255 255 255 255 255 255 255 255 255 255 255 111 000 000 015 255 255 255 255 255 255 255 255 255 124 000 000 000 025 223 255 255 255 255 255 255 255 140 000 000 040 190 190 190 190 190 190 190 190 190 190 190 190 132 000 000 000 216 255 255 255 255 
042 024 002 093 255 198 000 000 000 207 255 255 255 255 255 255 255 255 255 255 255 111 000 000 015 255 255 255 255 255 255 255 248 092 000 000 000 016 210 255 255 229 255 255 255 255 255 140 000 000 000 000 000 000 000 000 000 000 000 000 000 000 000 000 000 000 000 216 255 255 255 255 
000 000 000 093 255 198 000 000 000 207 255 255 255 255 255 255 255 255 255 255 255 111 000 000 015 255 255 255 255 255 255 255 146 001 000 000 008 194 255 255 251 026 105 245 255 255 255 140 000 000 000 000 000 000 000 000 000 000 000 000 000 000 000 000 000 000 000 216 255 255 255 255 
000 000 000 093 255 198 000 000 000 207 255 255 255 255 255 255 255 255 255 255 255 111 000 000 015 255 255 255 255 255 255 255 255 173 010 000 166 255 255 255 152 000 000 021 129 237 255 140 000 000 045 216 216 216 216 216 216 216 216 216 216 216 216 150 000 000 000 216 255 255 255 255 
157 146 126 163 255 198 000 000 000 178 219 219 219 219 219 219 219 219 219 219 219 096 000 000 015 255 255 255 255 255 255 255 255 255 195 131 255 255 255 243 023 000 000 000 030 185 255 140 000 000 053 255 255 255 255 255 255 255 255 255 255 255 255 177 000 000 000 216 255 255 255 255 
255 255 255 255 255 198 000 000 000 000 000 000 000 000 000 000 000 000 000 000 000 000 000 000 015 255 255 255 255 255 255 255 255 255 255 255 255 255 255 127 000 000 000 023 223 255 255 140 000 000 053 255 255 255 255 255 255 255 255 255 255 255 255 177 000 000 000 216 255 255 255 255 
255 255 255 255 255 198 000 000 000 000 000 000 000 000 000 000 000 000 000 000 000 000 000 000 015 255 255 255 255 255 255 255 255 255 255 255 255 255 216 008 000 000 009 201 255 255 255 140 000 000 021 099 099 099 099 099 099 099 099 099 099 099 099 069 000 000 000 216 255 255 255 255 
255 255 255 255 255 198 000 000 000 034 042 042 042 042 042 042 042 042 042 042 042 018 000 000 015 255 255 255 255 255 255 255 255 255 255 255 255 253 058 000 000 000 155 255 255 255 255 140 000 000 000 000 000 000 000 000 000 000 000 000 000 000 000 000 000 000 000 213 255 255 255 255 
255 255 255 255 255 198 000 000 000 207 255 255 255 255 255 255 255 255 255 255 255 111 000 000 015 255 255 255 255 255 255 255 255 255 255 255 255 131 000 000 000 085 255 255 255 255 255 129 008 029 046 049 051 054 056 058 061 062 061 059 058 056 055 053 049 028 005 197 255 255 255 255 
081 244 255 255 255 198 000 000 000 207 255 255 255 255 255 255 255 255 255 255 255 111 000 000 015 255 255 255 255 255 255 255 255 255 255 255 193 004 000 000 007 239 255 255 255 255 255 251 255 255 255 255 255 255 255 255 255 255 255 255 255 255 255 255 255 255 254 252 255 255 255 255 
000 099 255 255 255 198 000 000 000 207 255 255 255 255 255 255 255 255 255 255 255 111 000 000 015 255 255 255 255 255 255 255 255 255 255 198 013 000 000 000 013 255 255 255 255 255 255 255 255 255 255 255 255 255 255 255 255 255 255 255 255 255 255 255 255 255 255 255 255 255 255 255 
000 000 173 255 255 198 000 000 000 207 255 255 255 255 255 255 255 255 255 255 255 111 000 000 015 255 255 255 255 255 255 255 255 255 200 014 000 000 000 000 013 255 255 255 255 105 076 096 113 117 120 123 126 129 129 129 129 129 129 129 129 129 126 122 118 114 109 100 079 079 255 255 
000 000 022 237 255 198 000 000 000 207 255 255 255 255 255 255 255 255 255 255 255 111 000 000 015 255 255 255 255 255 255 255 255 202 015 000 000 000 000 000 013 255 255 255 255 059 000 000 000 000 000 000 000 000 000 000 000 000 000 000 000 000 000 000 000 000 000 000 000 023 255 255 
000 000 000 096 255 198 000 000 000 207 255 255 255 255 255 255 255 255 255 255 255 111 000 000 015 255 255 255 255 255 255 255 168 015 000 000 000 027 000 000 013 255 255 255 255 059 000 000 000 000 000 000 000 000 000 000 000 000 000 000 000 000 000 000 000 000 000 000 000 023 255 255 
077 000 000 034 244 198 000 000 000 128 157 157 157 157 157 157 157 157 157 157 157 069 000 000 015 255 255 255 255 255 254 094 000 000 000 000 071 164 000 000 013 255 255 255 255 183 176 194 205 206 207 208 209 209 209 209 209 209 209 209 209 106 000 000 000 178 194 190 178 164 255 255 
212 002 077 239 255 198 000 000 000 000 000 000 000 000 000 000 000 000 000 000 000 000 000 000 015 255 255 255 255 255 255 177 007 000 000 061 245 170 000 000 013 255 255 255 255 255 255 255 255 255 255 255 255 255 255 255 255 255 255 255 255 129 000 000 000 231 255 255 255 255 255 255 
255 187 254 255 255 198 000 000 000 000 000 000 000 000 000 000 000 000 000 000 000 000 000 000 015 255 255 255 255 255 255 255 175 001 063 243 255 170 000 000 013 255 255 255 255 255 255 255 255 255 255 255 255 255 255 255 255 255 255 255 255 129 000 000 000 231 255 255 255 255 255 255 
255 255 255 255 255 198 000 000 000 066 081 081 081 081 081 081 081 081 081 081 081 035 000 000 015 255 255 255 255 255 255 255 255 161 245 255 255 170 000 000 013 255 255 015 017 033 045 048 052 055 058 061 061 061 061 061 061 061 061 061 061 031 000 000 000 053 053 047 042 029 008 210 
255 255 255 255 255 198 000 000 000 207 255 255 255 255 255 255 255 255 255 255 255 111 000 000 015 255 255 255 255 255 255 255 255 255 255 255 255 170 000 000 013 255 255 011 000 000 000 000 000 000 000 000 000 000 000 000 000 000 000 000 000 000 000 000 000 000 000 000 000 000 000 210 
255 255 255 255 255 198 000 000 000 207 255 255 255 255 255 255 255 255 255 255 255 111 000 000 015 255 255 255 255 255 255 255 255 255 255 255 255 170 000 000 013 255 255 011 000 000 000 000 000 000 000 000 000 000 000 000 000 000 000 000 000 000 000 000 000 000 000 000 000 000 000 210 
255 255 255 255 255 198 000 000 000 207 255 255 255 255 255 255 255 255 255 255 255 111 000 000 015 255 255 255 255 255 255 255 255 255 255 255 255 170 000 000 013 255 255 210 225 243 252 252 253 254 255 255 255 255 255 255 255 255 255 255 255 129 000 000 000 229 248 242 236 223 202 244 
255 255 255 255 255 198 000 000 000 207 255 255 255 255 255 255 255 255 255 255 255 111 000 000 015 255 255 255 255 255 255 255 255 255 255 255 255 170 000 000 013 255 255 255 255 255 255 255 239 172 103 034 175 255 255 255 255 255 255 255 255 129 000 000 000 231 255 255 255 255 255 255 
255 255 255 255 255 198 000 000 000 207 255 255 255 255 255 255 255 255 255 255 255 111 000 000 015 255 255 255 255 255 255 255 255 255 255 255 255 170 000 000 013 255 255 255 255 255 255 255 167 000 000 000 095 255 255 255 255 255 255 255 255 129 000 000 000 231 255 255 255 255 255 255 
255 255 255 255 255 198 000 000 000 207 255 255 255 255 255 255 255 255 255 255 255 111 000 000 015 255 255 255 255 255 255 255 255 255 255 255 255 170 000 000 013 255 255 255 255 255 255 255 251 022 000 000 019 252 255 255 255 255 255 255 255 129 000 000 000 231 255 255 255 255 255 255 
255 255 255 255 255 198 000 000 000 177 218 218 218 218 218 218 218 218 218 218 218 095 000 000 015 255 255 255 255 255 255 255 255 255 255 255 255 170 000 000 013 255 255 255 255 255 255 255 255 102 000 000 000 181 255 255 255 255 255 255 255 129 000 000 000 231 255 255 255 255 255 255 
255 255 255 255 255 196 000 000 000 000 000 000 000 000 000 000 000 000 000 000 000 000 000 000 014 255 255 255 255 255 255 255 255 255 255 255 255 166 000 000 013 255 255 255 255 255 255 255 255 185 000 000 000 066 255 255 255 255 255 255 255 128 000 000 000 231 255 255 255 255 255 255 
255 255 255 255 255 193 000 000 000 000 000 000 000 000 000 000 000 000 000 000 000 000 000 000 011 255 255 255 255 255 255 255 255 255 255 255 255 162 000 000 013 255 255 255 255 255 255 255 255 251 017 000 000 000 205 255 255 255 255 255 255 112 000 000 000 233 255 255 255 255 255 255 
255 255 255 255 255 190 000 000 000 034 042 042 042 042 042 042 042 042 042 042 042 018 000 000 008 255 255 255 255 255 255 255 255 255 255 255 255 157 000 000 013 255 255 255 255 255 255 255 255 255 070 002 056 133 225 255 255 255 255 255 251 045 000 000 000 238 255 255 255 255 255 255 
255 255 255 255 255 186 000 000 000 207 255 255 255 255 255 255 255 255 255 255 255 111 000 000 002 255 255 255 255 255 255 255 255 255 255 255 255 148 000 000 013 255 255 255 255 255 255 255 255 255 206 233 255 255 255 255 194 141 139 124 047 000 000 000 022 255 255 255 255 255 255 255 
255 255 255 255 255 169 000 000 000 207 255 255 255 255 255 255 255 255 255 255 255 111 000 000 000 241 255 255 255 255 255 255 255 255 255 255 255 124 000 000 013 255 255 255 255 255 255 255 255 255 255 255 255 255 255 255 234 010 000 000 000 000 000 000 081 255 255 255 255 255 255 255 
255 255 255 255 255 148 000 000 000 207 255 255 255 255 255 255 255 255 255 255 255 111 000 000 000 224 255 255 255 255 255 255 255 255 255 255 255 100 000 000 013 255 255 255 255 255 255 255 255 255 255 255 255 255 255 255 255 087 000 000 000 000 000 024 208 255 255 255 255 255 255 255 
255 255 255 255 255 136 013 013 013 210 255 255 255 255 255 255 255 255 255 255 255 163 091 091 091 226 255 255 255 255 255 255 255 255 255 255 255 112 047 047 059 255 255 255 255 255 255 255 255 255 255 255 255 255 255 255 255 172 000 000 000 023 096 221 255 255 255 255 255 255 255 255 
255 255 255 255 255 255 255 255 255 255 255 255 255 255 255 255 255 255 255 255 255 255 255 255 255 255 255 255 255 255 255 255 255 255 255 255 255 255 255 255 255 255 255 255 255 255 255 255 255 255 255 255 255 255 255 255 255 221 107 147 202 254 255 255 255 255 255 255 255 255 255 255 
255 255 255 255 255 255 255 255 255 255 255 255 255 255 255 255 255 255 255 255 255 255 255 255 255 255 255 255 255 255 255 255 255 255 255 255 255 255 255 255 255 255 255 255 255 255 255 255 255 255 255 255 255 255 255 255 255 255 255 255 255 255 255 255 255 255 255 255 255 255 255 255 
255 255 255 255 255 255 255 255 255 255 255 255 255 255 255 255 255 255 255 255 255 255 255 255 255 255 255 255 255 255 255 255 255 255 255 255 255 255 255 255 255 255 255 255 255 255 255 255 255 255 255 255 255 255 255 255 255 255 255 255 255 255 255 255 255 255 255 255 255 255 255 255 
255 255 255 255 255 255 255 255 255 255 255 255 255 255 255 255 255 255 255 255 255 255 255 255 255 255 255 255 255 255 255 255 255 255 255 255 255 255 255 255 255 255 255 255 255 255 255 255 255 255 255 255 255 255 255 255 255 255 255 255 255 255 255 255 255 255 255 255 255 255 255 255 
255 255 255 255 255 255 255 255 255 255 255 255 255 255 255 255 255 255 255 255 255 255 255 255 255 255 255 255 255 255 255 255 255 255 255 255 255 255 255 255 255 255 255 255 255 255 255 255 255 255 255 255 255 255 255 255 255 255 255 255 255 255 255 255 255 255 255 255 255 255 255 255 
255 255 255 255 255 255 255 255 255 255 255 255 255 255 255 255 255 255 255 255 255 255 255 255 255 255 255 255 255 255 255 255 255 255 255 255 255 255 255 255 255 255 255 255 255 255 255 255 255 255 255 255 255 255 255 255 255 255 255 255 255 255 255 255 255 255 255 255 255 255 255 255 
255 255 255 255 255 255 255 255 255 255 255 255 255 255 255 255 255 255 255 255 255 255 255 255 255 255 255 255 255 255 255 255 255 255 255 255 255 255 255 255 255 255 255 255 255 255 255 255 255 255 255 255 255 255 255 255 255 255 255 255 255 255 255 255 255 255 255 255 255 255 255 255 
255 255 255 255 255 255 255 255 255 255 255 255 255 255 255 255 255 255 255 255 255 255 255 255 255 255 255 255 255 255 255 255 255 255 255 255 255 255 255 255 255 255 255 255 255 255 255 255 255 255 255 255 255 255 255 255 255 255 255 255 255 255 255 255 255 255 255 255 255 255 255 255 
255 255 255 255 255 255 255 255 255 255 255 255 255 255 255 255 255 255 255 255 255 255 255 255 255 255 255 255 255 255 255 255 255 255 255 255 255 255 255 255 255 255 255 255 255 255 255 255 255 255 255 255 255 255 255 255 255 255 255 255 255 255 255 255 255 255 255 255 255 255 255 255 
255 255 255 255 255 255 255 255 255 255 255 255 255 255 255 255 255 255 255 255 255 255 255 255 255 255 255 255 255 255 255 255 255 255 255 255 255 255 255 255 255 255 255 255 255 255 255 255 255 255 255 255 255 255 255 255 255 255 255 255 255 255 255 255 255 255 255 255 255 255 255 255 
255 255 255 255 255 255 255 255 255 255 255 255 255 255 255 255 255 255 255 255 255 255 255 255 255 255 255 255 255 255 255 255 255 255 255 255 255 255 255 255 255 255 255 255 255 255 255 255 255 255 255 255 255 255 255 255 255 255 255 255 255 255 255 255 255 255 255 255 255 255 255 255 
255 255 255 255 255 255 255 255 255 255 255 255 255 255 255 255 255 255 255 255 255 255 255 255 255 255 255 255 255 255 255 255 255 255 255 255 255 255 255 255 255 255 255 255 255 255 255 255 255 255 255 255 255 255 255 255 255 255 255 255 255 255 255 255 255 255 255 255 255 255 255 255 
255 255 255 255 255 255 255 255 255 255 255 255 255 255 255 255 255 255 255 255 255 255 255 255 255 255 255 255 255 255 255 255 255 255 255 255 255 255 255 255 255 255 255 255 255 255 255 255 255 255 255 255 255 255 255 255 255 255 255 255 255 255 255 255 255 255 255 255 255 255 255 255 
255 255 255 255 255 255 255 255 255 255 255 255 255 255 255 255 255 255 255 255 255 255 255 255 255 255 255 255 255 255 255 255 255 255 255 255 255 255 255 255 255 255 255 255 255 255 255 255 255 255 255 255 255 255 255 255 255 255 255 255 255 255 255 255 255 255 255 255 255 255 255 255 
255 255 255 255 255 255 255 255 255 255 255 255 255 255 255 255 255 255 255 255 255 255 255 255 255 255 255 255 255 255 255 255 255 255 255 255 255 255 255 255 255 255 255 255 255 255 255 255 255 255 255 255 255 255 255 255 255 255 255 255 255 255 255 255 255 255 255 255 255 255 255 255 
255 255 255 255 255 255 255 255 255 255 255 255 255 255 255 255 255 255 255 255 255 255 255 255 255 255 255 255 255 255 255 255 255 255 255 255 255 255 255 255 255 255 255 255 255 255 255 255 255 255 255 255 255 255 255 255 255 255 255 255 255 255 255 255 255 255 255 255 255 255 255 255 
255 255 255 255 255 255 255 255 255 255 255 255 255 255 255 255 255 255 255 255 255 255 255 255 255 255 255 255 255 255 255 255 255 255 255 255 255 255 255 255 255 255 255 255 255 255 255 255 255 255 255 255 255 255 255 255 255 255 255 255 255 255 255 255 255 255 255 255 255 255 255 255 
255 255 255 255 255 255 255 255 255 255 255 255 255 255 255 255 255 255 255 255 255 255 255 255 255 255 255 255 255 255 255 255 255 255 255 255 255 255 255 255 255 255 255 255 255 255 255 255 255 255 255 255 255 255 255 255 255 255 255 255 255 255 255 255 255 255 255 255 255 255 255 255 
255 255 255 255 255 255 255 255 255 255 255 255 255 255 255 255 255 255 255 255 255 255 255 255 255 255 255 255 255 255 255 255 255 255 255 255 255 255 255 255 255 255 255 255 255 255 255 255 255 255 255 255 255 255 255 255 255 255 255 255 255 255 255 255 255 255 255 255 255 255 255 255 
255 255 255 255 255 255 255 255 255 255 255 255 255 255 255 255 255 255 255 255 255 255 255 255 255 255 255 255 255 255 255 255 255 255 255 255 255 255 255 255 255 255 255 255 255 255 255 255 255 255 255 255 255 255 255 255 255 255 255 255 255 255 255 255 255 255 255 255 255 255 255 255 
255 255 255 255 255 255 255 255 255 255 255 255 255 255 255 255 255 255 255 255 255 255 255 255 255 255 255 255 255 255 255 255 255 255 255 255 255 255 255 255 255 255 255 255 255 255 255 255 255 255 255 255 255 255 255 255 255 255 255 255 255 255 255 255 255 255 255 255 255 255 255 255 
255 255 255 255 255 255 255 255 255 255 255 255 255 255 255 255 255 255 255 255 255 255 255 255 255 255 255 255 255 255 255 255 255 255 255 255 255 255 255 255 255 255 255 255 255 255 255 255 255 255 255 255 255 255 255 255 255 255 255 255 255 255 255 255 255 255 255 255 255 255 255 255 
255 255 255 255 255 255 255 255 255 255 255 255 255 255 255 255 255 255 255 255 255 255 255 255 255 255 255 255 255 255 255 255 255 255 255 255 255 255 255 255 255 255 255 255 255 255 255 255 255 255 255 255 255 255 255 255 255 255 255 255 255 255 255 255 255 255 255 255 255 255 255 255 
255 255 255 255 255 255 255 255 255 255 255 255 255 255 255 255 255 255 255 255 255 255 255 255 255 255 255 255 255 255 255 255 255 255 255 255 255 255 255 255 255 255 255 255 255 255 255 255 255 255 255 255 255 255 255 255 255 255 255 255 255 255 255 255 255 255 255 255 255 255 255 255 
255 255 255 255 255 255 255 255 255 255 255 255 255 255 255 255 255 255 255 255 255 255 255 255 255 255 255 255 255 255 255 255 255 255 255 255 255 255 255 255 255 255 255 255 255 255 255 255 255 255 255 255 255 255 255 255 255 255 255 255 255 255 255 255 255 255 255 255 255 255 255 255 
255 255 255 255 255 255 255 255 255 255 255 255 255 255 255 255 255 255 255 255 255 255 255 255 255 255 255 255 255 255 255 255 255 255 255 255 255 255 255 255 255 255 255 255 255 255 255 255 255 255 255 255 255 255 255 255 255 255 255 255 255 255 255 255 255 255 255 255 255 255 255 255 
255 255 255 255 255 255 255 255 255 255 255 255 255 255 255 255 255 255 255 255 255 255 255 255 255 255 255 255 255 255 255 255 255 255 255 255 255 255 255 255 255 255 255 255 255 255 255 255 255 255 255 255 255 255 255 255 255 255 255 255 255 255 255 255 255 255 255 255 255 255 255 255 
255 255 255 255 255 255 255 255 255 255 255 255 255 255 255 255 255 255 247 187 246 255 255 255 255 255 255 255 255 255 255 255 255 255 255 255 255 255 255 255 255 255 255 255 255 255 255 255 255 255 255 255 255 255 255 255 255 255 255 255 255 255 255 255 255 255 255 255 255 255 255 255 
255 255 255 255 255 255 255 255 255 255 255 255 255 255 255 222 137 068 008 000 176 255 255 255 255 255 255 255 255 255 255 255 255 255 255 255 255 255 255 255 255 255 255 255 255 255 255 255 255 255 255 255 255 255 255 255 255 255 255 255 255 255 255 255 255 255 255 255 255 255 255 255 
255 255 255 255 255 255 255 255 255 255 255 255 255 255 255 203 000 000 000 000 097 255 255 255 255 255 255 255 255 255 255 255 255 255 255 255 255 255 255 255 255 255 255 255 255 255 255 255 255 255 255 255 255 255 255 255 255 255 255 255 255 255 255 255 255 255 255 255 255 255 255 255 
255 255 255 255 255 255 255 255 255 255 255 255 255 255 255 255 081 000 000 000 027 255 255 255 255 255 255 255 255 255 255 255 255 255 255 255 255 255 255 255 255 255 255 255 255 255 255 255 255 255 255 255 255 255 255 255 255 255 255 255 255 255 255 255 255 255 255 255 255 255 255 255 
255 255 255 255 255 255 255 255 255 255 255 255 255 255 255 255 186 000 000 000 000 216 255 255 255 255 255 255 255 255 255 255 255 255 255 255 255 255 255 255 255 255 255 255 255 255 255 255 255 255 255 255 255 255 255 255 255 255 255 255 255 255 255 255 255 255 255 255 255 255 255 255 
255 255 255 255 255 255 255 255 255 255 255 255 255 255 255 255 252 024 000 000 014 176 255 255 255 255 255 255 255 255 255 255 255 255 255 255 255 255 255 255 255 255 255 255 255 163 107 131 154 160 162 164 166 168 169 171 173 175 177 179 180 182 179 177 175 173 171 169 167 165 163 161 
255 206 129 144 159 173 187 190 191 193 194 196 197 198 200 201 202 122 118 169 203 203 201 200 198 197 196 194 193 192 190 186 168 148 128 238 255 255 255 255 255 255 255 255 255 138 000 000 000 000 000 000 000 000 000 000 000 000 000 000 000 000 000 000 000 000 000 000 000 000 000 000 
255 173 000 000 000 000 000 000 000 000 000 000 000 000 000 000 000 000 000 000 000 000 000 000 000 000 000 000 000 000 000 000 000 000 000 222 255 255 255 255 255 255 255 255 255 167 000 000 000 000 000 000 000 000 000 000 000 000 000 000 000 000 000 000 000 000 000 000 000 000 000 000 
255 188 000 000 000 000 000 000 000 000 000 000 000 000 000 000 000 000 000 000 000 000 000 000 000 000 000 000 000 000 000 000 000 000 000 222 255 255 255 255 255 255 255 255 255 185 000 000 000 000 000 000 000 000 000 000 000 000 000 000 000 000 000 000 000 000 000 000 000 000 000 000 
255 203 000 000 000 000 000 000 000 000 000 000 000 000 000 000 000 000 000 000 000 000 000 000 000 000 000 000 000 000 000 000 000 000 000 222 255 255 255 255 255 255 255 255 255 190 000 000 000 143 234 234 234 234 234 234 234 234 234 234 234 234 234 234 234 234 234 234 234 234 234 234 
255 218 000 000 000 087 243 243 243 243 243 243 243 243 243 243 243 243 243 243 243 243 243 243 243 242 239 237 234 232 229 225 207 187 167 243 255 255 255 255 255 255 255 255 255 196 000 000 000 155 255 255 255 255 255 255 255 255 255 255 255 255 255 255 255 255 255 255 255 255 255 255 
255 232 000 000 000 093 255 255 255 255 255 255 255 255 255 255 255 255 255 255 255 255 255 255 255 255 255 255 255 255 255 255 255 255 255 255 255 255 255 255 255 255 255 255 255 203 000 000 000 155 255 255 255 255 255 255 255 255 255 255 255 255 255 255 255 255 255 255 255 255 255 255 
255 247 000 000 000 094 255 255 255 255 255 255 255 255 255 255 255 255 255 255 255 255 255 255 255 255 255 255 255 255 255 255 255 255 255 255 255 255 255 255 255 255 255 255 255 205 000 000 000 155 255 255 255 255 255 255 255 255 255 255 255 255 255 255 255 255 255 255 255 255 255 255 
255 255 006 000 000 095 255 255 255 255 255 255 255 255 255 255 255 255 255 255 254 255 255 255 255 255 255 255 255 255 255 255 255 255 255 255 255 255 255 255 255 255 255 255 255 205 000 000 000 155 255 255 255 255 199 226 251 255 255 255 255 255 255 255 255 254 244 222 200 239 255 255 
255 255 010 000 000 096 255 255 255 255 255 255 255 255 255 255 240 170 104 039 129 255 255 255 255 255 255 255 255 193 228 255 255 255 255 255 255 255 255 255 255 255 255 255 255 205 000 000 000 155 255 255 255 255 016 000 002 013 014 015 016 017 013 008 003 000 000 000 000 205 255 255 
255 255 011 000 000 097 255 255 255 255 255 255 255 255 255 255 205 000 000 000 058 255 255 255 255 255 255 255 255 073 004 089 186 250 255 255 255 255 255 255 255 255 255 255 255 205 000 000 000 155 255 255 255 255 042 000 000 000 000 000 000 000 000 000 000 000 000 000 000 222 255 255 
255 255 013 000 000 099 255 255 255 255 255 255 255 255 255 255 255 045 000 000 004 240 255 255 255 255 255 255 255 024 000 000 000 014 169 255 255 255 255 255 255 255 255 255 255 205 000 000 000 155 255 255 255 255 052 000 000 000 000 000 000 000 000 000 000 000 000 000 000 229 255 255 
255 255 014 000 000 107 255 255 255 255 255 249 255 255 255 255 255 140 000 000 000 174 255 255 255 255 255 255 222 000 000 000 000 069 249 255 255 255 255 255 255 255 255 255 255 205 000 000 000 155 255 255 255 255 059 000 000 108 209 209 209 209 209 209 209 209 002 000 000 235 255 255 
255 255 016 000 000 116 255 255 219 130 042 101 255 255 255 255 255 225 000 000 000 104 255 255 255 255 255 255 149 000 000 000 007 221 255 255 255 255 255 255 255 255 255 255 255 205 000 000 000 155 255 255 255 255 062 000 000 131 255 255 255 255 255 255 255 255 002 000 000 236 255 255 
255 255 017 000 000 124 255 242 013 000 000 009 236 255 255 255 255 255 028 000 000 033 255 255 255 255 255 255 077 000 000 000 111 255 255 255 255 255 255 255 255 255 255 255 255 205 000 000 000 155 255 255 255 255 062 000 000 131 255 255 255 255 255 255 255 255 002 000 000 236 255 255 
255 255 019 000 000 133 255 255 118 000 000 000 132 255 255 255 255 255 087 000 000 000 223 255 255 255 255 249 012 000 000 001 218 255 255 255 255 255 255 255 255 255 255 255 255 205 000 000 000 155 255 255 255 255 062 000 000 131 255 255 255 255 255 255 255 255 002 000 000 236 255 255 
255 255 020 000 000 142 255 255 233 009 000 000 026 250 255 255 255 255 146 000 000 000 169 255 255 255 255 189 000 000 000 070 255 255 255 255 255 255 255 255 255 255 255 255 255 205 000 000 000 155 255 255 255 255 062 000 000 131 255 255 255 255 255 255 255 255 002 000 000 236 255 255 
255 255 021 000 000 151 255 255 255 102 000 000 000 164 255 255 255 255 204 000 000 000 117 255 255 255 255 118 000 000 000 177 255 255 255 255 255 255 255 255 255 255 255 255 255 205 000 000 000 155 255 255 255 255 062 000 000 131 255 255 255 255 255 255 255 255 002 000 000 236 255 255 
255 255 023 000 000 160 255 255 255 199 000 000 000 052 255 255 255 255 251 011 000 000 065 255 255 255 255 035 000 000 031 253 255 255 255 255 255 255 255 255 255 255 255 255 255 205 000 000 000 155 255 255 255 255 062 000 000 131 255 255 255 255 255 255 255 255 002 000 000 236 255 255 
255 255 013 000 000 169 255 255 255 255 040 000 000 000 207 255 255 255 255 057 000 000 015 254 255 255 197 000 000 000 134 255 255 255 255 255 255 255 255 255 255 255 255 255 255 205 000 000 000 155 255 255 255 255 059 000 000 131 255 255 255 255 255 255 255 255 002 000 000 234 255 255 
255 237 000 000 000 178 255 255 255 255 137 000 000 000 111 255 255 255 255 076 000 000 000 217 255 255 103 000 000 007 234 255 255 255 255 255 255 255 255 255 255 255 255 255 255 205 000 000 000 155 255 255 255 255 055 000 000 024 047 047 047 047 047 047 047 047 000 000 000 229 255 255 
