000 000 000 000 000 007 021 025 027 028 030 031 033 035 036 038 040 005 000 000 009 039 037 035 032 030 028 026 023 021 019 012 001 000 000 000 000 030 255 255 255 255 255 255 255 255 255 255 255 255 255 255 255 255 255 255 255 255 255 255 255 255 255 255 255 255 255 255 255 255 255 255 
000 000 000 000 000 000 000 000 000 000 000 000 000 000 000 000 000 000 000 000 000 000 000 000 000 000 000 000 000 000 000 000 000 000 000 000 000 030 255 255 255 255 255 255 255 255 255 255 255 255 255 255 255 255 255 255 255 255 255 255 255 255 255 255 255 255 255 255 255 255 255 255 
000 000 000 000 000 000 000 000 000 000 000 000 000 000 000 000 000 000 000 000 000 000 000 000 000 000 000 000 000 000 000 000 000 000 000 000 000 030 255 255 255 255 255 255 255 255 255 255 255 255 255 255 255 255 255 255 255 255 255 255 255 255 255 255 255 255 255 255 255 255 255 255 
074 086 099 112 125 137 150 159 161 162 164 165 167 168 140 158 172 174 175 175 173 172 170 169 167 166 165 163 162 160 157 145 132 120 107 094 081 092 255 255 255 255 255 255 255 255 255 255 255 255 255 255 255 255 255 255 255 255 255 255 255 255 255 255 255 255 255 255 255 255 255 255 
255 255 255 255 255 255 255 255 255 255 255 255 255 253 056 025 155 238 255 255 255 255 255 255 255 255 255 255 255 255 255 255 255 255 255 255 255 255 255 255 255 255 255 255 255 255 255 255 255 255 255 255 255 255 255 255 255 255 255 255 255 255 255 255 255 255 255 255 255 255 255 255 
255 255 255 255 255 255 255 255 255 255 255 255 255 146 000 000 000 004 076 255 255 255 255 255 255 255 255 255 255 255 255 255 255 255 255 255 255 255 255 255 255 255 255 255 255 255 255 255 255 255 255 255 255 255 255 255 255 255 255 255 255 255 255 255 255 255 255 255 255 255 255 255 
255 255 255 255 255 255 255 255 255 255 255 255 210 010 000 000 000 030 187 255 255 255 255 255 251 242 255 255 255 255 255 255 255 255 255 255 255 255 255 255 255 255 255 255 255 255 255 255 255 255 255 255 255 255 255 255 255 255 255 255 255 255 255 255 255 255 255 255 255 255 255 255 
255 255 255 255 255 255 255 255 255 255 255 240 036 000 000 000 040 231 255 255 255 255 255 182 040 056 244 255 255 255 255 255 255 255 255 255 255 255 255 255 255 255 255 255 255 255 255 255 255 255 255 255 255 255 255 255 255 255 255 255 255 255 255 255 255 255 255 255 255 255 255 255 
255 255 255 255 255 255 255 255 255 255 255 080 000 000 000 040 231 255 255 255 255 252 079 000 000 000 069 249 255 255 255 255 255 255 255 255 255 255 255 255 255 255 255 255 255 255 255 255 255 255 255 255 255 255 255 255 255 255 255 255 255 255 255 255 255 255 255 255 255 255 255 255 
255 255 255 255 255 255 255 255 255 255 137 000 000 000 040 231 255 255 255 255 255 255 175 005 000 000 000 087 254 255 255 255 255 255 255 255 255 255 255 255 255 255 255 255 255 255 255 255 255 255 255 255 255 255 255 255 255 255 255 255 255 255 255 255 255 255 255 255 255 255 255 255 
255 255 255 255 255 255 255 255 255 159 002 000 000 040 231 255 255 255 255 255 255 255 255 174 004 000 000 000 124 255 255 255 255 255 255 255 255 255 255 255 255 255 255 255 255 236 138 049 029 045 130 231 255 255 255 255 255 255 255 255 255 255 255 255 255 255 255 255 255 255 255 255 
255 255 255 255 255 255 255 255 161 002 000 000 040 231 255 255 255 255 255 255 255 255 255 255 155 000 000 000 000 163 255 255 255 255 255 255 255 255 255 255 255 255 255 255 212 022 000 004 023 006 000 015 200 255 255 255 255 255 255 255 255 255 255 255 255 255 255 255 255 255 255 255 
255 255 255 255 255 255 255 164 002 000 000 040 231 255 255 255 255 255 255 255 255 255 255 255 255 098 000 000 000 007 196 255 255 255 255 255 255 255 255 255 255 255 255 235 022 001 124 235 255 240 136 003 015 222 255 255 255 255 255 255 255 255 255 255 255 255 255 255 255 255 255 255 
255 255 255 255 255 252 121 001 000 000 040 231 255 255 255 255 255 255 255 255 255 255 255 255 255 247 049 000 000 000 021 222 255 255 255 255 255 255 255 255 255 255 255 137 000 131 255 255 255 255 255 151 000 114 255 255 255 255 255 255 255 255 255 255 255 255 255 255 255 255 255 255 
255 255 255 255 231 064 000 000 000 040 231 255 255 255 255 255 255 255 255 253 232 209 186 163 140 116 066 000 000 000 000 042 241 255 255 255 255 255 255 255 255 255 255 047 010 241 255 255 255 255 255 251 025 021 255 255 255 255 255 255 255 255 255 255 255 255 255 255 255 255 255 255 
255 255 255 158 018 000 000 000 005 131 141 127 112 098 084 069 055 040 023 003 000 000 000 000 000 000 000 000 000 000 000 000 072 253 255 255 255 255 255 255 255 255 255 026 037 255 255 255 255 255 255 255 065 000 254 255 255 255 255 255 255 255 255 255 255 255 255 255 255 255 255 255 
255 255 255 142 000 000 000 000 000 000 000 000 000 000 000 000 000 000 000 000 000 000 000 000 000 000 000 000 000 000 000 000 000 127 255 255 255 255 255 255 255 255 255 042 013 246 255 255 255 255 255 255 037 011 255 255 255 255 255 255 255 255 255 255 255 255 255 255 255 255 255 255 
255 255 255 246 022 000 000 000 000 000 000 000 000 000 000 000 000 000 000 001 018 038 058 078 098 118 137 157 176 028 000 000 000 002 185 255 255 255 255 255 255 255 255 129 000 144 255 255 255 255 255 188 000 088 255 255 255 255 255 255 255 255 255 255 255 255 255 255 255 255 255 255 
255 255 255 255 102 000 000 000 000 017 060 088 112 134 154 174 194 214 234 252 255 255 255 255 255 255 255 255 255 179 000 000 000 000 020 234 255 255 255 255 255 255 255 232 015 003 149 249 255 254 183 017 000 199 255 255 255 255 255 255 255 255 255 255 255 255 255 255 255 255 255 255 
255 255 255 255 168 062 134 181 227 255 255 255 255 255 255 255 255 255 255 255 255 255 255 255 255 255 255 255 255 255 087 000 000 033 175 255 255 255 255 255 255 255 255 255 201 015 000 021 057 030 000 003 156 255 255 255 255 255 255 255 255 255 255 255 255 255 255 255 255 255 255 255 
255 255 255 255 255 255 255 255 255 255 255 255 255 255 255 255 255 255 255 255 255 255 255 255 255 255 255 255 255 255 230 023 129 247 255 255 255 255 255 255 255 255 255 255 255 221 112 017 000 011 090 196 255 255 255 255 255 255 255 255 255 255 255 255 255 255 255 255 255 255 255 255 
255 255 255 255 255 255 255 255 255 255 255 255 255 255 255 255 255 255 255 255 255 255 255 255 255 255 255 255 255 255 255 247 255 255 255 255 255 255 255 255 255 255 255 255 255 255 255 255 251 255 255 255 255 255 255 255 255 255 255 255 255 255 255 255 255 255 255 255 255 255 255 255 
255 255 255 255 255 255 255 255 255 255 255 255 255 255 255 255 255 255 255 255 255 255 255 255 255 255 255 255 255 255 255 255 255 255 255 255 255 255 255 255 255 255 255 255 255 255 255 255 255 255 255 255 255 255 255 255 255 255 255 255 255 255 255 255 255 255 255 255 255 255 255 255 
255 255 255 255 255 255 255 255 255 255 255 255 255 255 255 255 255 255 255 255 255 255 255 255 255 255 255 255 255 255 255 255 255 255 255 255 255 255 255 255 255 255 255 255 255 255 255 255 255 255 255 255 255 255 255 255 255 255 255 255 255 255 255 255 255 255 255 255 255 255 255 255 
255 255 255 255 255 255 255 255 255 255 255 255 255 255 255 255 255 255 255 255 255 255 255 255 255 255 255 255 255 255 255 255 255 255 255 255 255 255 255 255 255 255 255 255 255 255 255 255 255 255 255 255 255 255 255 255 255 255 255 255 255 255 255 255 255 255 255 255 255 255 255 255 
255 255 255 255 255 255 255 255 255 255 255 255 255 255 255 255 255 255 255 255 255 255 255 255 255 255 255 255 255 255 255 255 255 255 255 255 255 255 255 255 255 255 255 255 255 255 255 255 255 255 255 255 255 255 255 255 255 255 255 255 255 255 255 255 255 255 255 255 255 255 255 255 
255 255 255 255 255 255 255 255 255 255 255 255 255 255 255 255 255 255 255 255 255 255 255 255 255 255 255 255 255 255 255 255 255 255 255 255 255 255 255 255 255 255 255 255 255 255 255 255 255 255 255 255 255 255 255 255 255 255 255 255 255 255 255 255 255 255 255 255 255 255 255 255 
255 255 255 255 255 255 255 255 255 255 255 255 255 255 255 255 255 255 255 255 255 255 255 255 255 255 255 255 255 255 255 255 255 255 255 255 255 255 255 255 255 255 255 255 255 255 255 255 255 255 255 255 255 255 255 255 255 255 255 255 255 255 255 255 255 255 255 255 255 255 255 255 
255 255 255 255 255 255 255 255 255 255 255 255 255 255 255 255 255 255 255 255 255 255 255 255 255 255 255 255 255 255 255 255 255 255 255 255 255 255 255 255 255 255 255 255 255 255 255 255 255 255 255 255 255 255 255 255 255 255 255 255 255 255 255 255 255 255 255 255 255 255 255 255 
255 255 255 255 255 255 255 255 255 255 255 255 255 255 255 255 255 255 255 255 255 255 255 255 255 255 255 255 255 255 255 255 255 255 255 255 255 255 255 255 255 255 255 255 255 255 255 255 255 255 255 255 255 255 255 255 255 255 255 255 255 255 255 255 255 255 255 255 255 255 255 255 
255 255 255 255 255 255 255 255 255 255 255 255 255 255 255 255 255 255 255 255 255 255 255 255 255 255 255 255 255 255 255 255 255 255 255 255 255 255 255 255 255 255 255 255 255 255 255 255 255 255 255 255 255 255 255 255 255 255 255 255 255 255 255 255 255 255 255 255 255 255 255 255 
255 255 255 255 255 255 255 255 255 255 255 255 255 255 255 255 255 255 255 255 255 255 255 255 255 255 255 255 255 255 255 255 255 255 255 255 255 255 255 255 255 255 255 255 255 255 255 255 255 255 255 255 255 255 255 255 255 255 255 255 255 255 255 255 255 255 255 255 255 255 255 255 
255 255 255 255 255 255 255 255 255 255 255 255 255 255 255 255 255 255 255 255 255 255 255 255 255 255 255 255 255 255 255 255 255 255 255 255 255 255 255 255 255 255 255 255 255 255 255 255 255 255 255 255 255 255 255 255 255 255 255 255 255 255 255 255 255 255 255 255 255 255 255 255 
255 255 255 255 255 255 255 255 255 255 255 255 255 255 255 255 255 255 255 255 255 255 255 255 255 255 255 255 255 255 255 255 255 255 255 255 255 255 255 255 255 255 255 255 255 255 255 255 255 255 255 255 255 255 255 255 255 255 255 255 255 255 255 255 255 255 255 255 255 255 255 255 
255 255 255 255 255 255 255 255 255 255 255 255 255 255 255 255 255 255 255 255 255 255 255 255 255 255 255 255 255 255 255 255 255 255 255 255 255 255 255 255 255 255 255 255 255 255 255 255 255 255 255 255 255 255 255 255 255 255 255 255 255 255 255 255 255 255 255 255 255 255 255 255 
255 255 255 255 255 255 255 255 255 255 255 255 255 255 255 255 255 255 255 255 255 255 255 255 255 255 255 255 255 255 255 255 255 255 255 255 255 255 255 255 255 255 255 255 255 255 255 255 255 255 255 255 255 255 255 255 255 255 255 255 255 255 255 255 255 255 255 255 255 255 255 255 
255 255 255 255 255 255 255 255 255 255 255 255 255 255 255 255 255 255 255 255 255 255 255 255 255 255 255 255 255 255 255 255 255 255 255 255 255 255 255 255 255 255 255 255 255 255 255 255 255 255 255 255 255 255 255 255 255 255 255 255 255 255 255 255 255 255 255 255 255 255 255 255 
255 255 255 255 255 255 255 255 255 255 255 255 255 255 255 255 255 255 255 255 255 255 255 255 255 255 255 255 255 255 255 255 255 255 255 255 255 255 255 255 255 255 255 255 255 255 255 255 255 255 255 255 255 255 255 255 255 255 255 255 255 255 255 255 255 255 255 255 255 255 255 255 
255 255 255 255 255 255 255 255 255 255 255 255 255 255 255 255 255 255 255 255 255 255 255 255 255 255 255 255 255 255 255 255 255 255 255 255 255 255 255 255 255 255 255 255 255 255 255 255 255 255 255 255 255 255 255 255 255 255 255 255 255 255 255 255 255 255 255 255 255 255 255 255 
255 255 255 255 255 255 255 255 255 255 255 255 255 255 255 255 255 255 255 255 255 255 255 255 255 255 255 255 255 255 255 255 255 255 255 255 255 255 255 255 255 255 255 255 255 255 255 255 255 255 255 255 255 255 255 255 255 255 255 255 255 255 255 255 255 255 255 255 255 255 255 255 
255 255 255 255 255 255 255 255 255 255 255 255 255 255 255 255 255 255 255 255 255 255 255 255 255 255 255 255 255 255 255 255 255 255 255 255 255 255 255 255 255 255 255 255 255 255 255 255 255 255 255 255 255 255 255 255 255 255 255 255 255 255 255 255 255 255 255 255 255 255 255 255 
255 255 255 255 255 255 255 255 255 255 255 255 255 255 255 255 255 255 255 255 255 255 255 255 255 255 255 255 255 255 255 255 255 255 255 255 255 255 255 255 255 255 255 255 255 255 255 255 255 255 255 255 255 255 255 255 255 255 255 255 255 255 255 255 255 255 255 255 255 255 255 255 
255 255 255 255 255 255 255 255 255 255 255 255 255 255 255 255 255 255 255 255 255 255 255 255 255 255 255 255 255 255 255 255 255 255 255 255 255 255 255 255 255 255 255 255 255 255 255 255 255 255 255 255 255 255 255 255 255 255 255 255 255 255 255 255 255 255 255 255 255 255 255 255 
255 255 255 255 255 255 255 255 255 255 255 255 255 255 255 255 255 255 255 255 255 255 255 255 255 255 255 255 255 255 255 255 255 255 255 255 255 255 255 255 255 255 255 255 255 255 255 255 255 255 255 255 255 255 255 255 255 255 255 255 255 255 255 255 255 255 255 255 255 255 255 255 
255 255 255 255 255 255 255 255 255 255 255 255 255 255 255 255 255 255 255 255 255 255 255 255 255 255 255 255 255 255 255 255 255 255 255 255 255 255 255 255 255 255 255 255 255 255 255 255 255 255 255 255 255 255 255 255 255 255 255 255 255 255 255 255 255 255 255 255 255 255 255 255 
255 255 255 255 255 255 255 255 255 255 255 255 255 255 255 255 255 255 255 255 255 255 255 255 255 255 255 255 255 255 255 255 255 255 255 255 255 255 255 255 255 255 255 255 255 255 255 255 255 255 255 255 255 255 255 255 255 255 255 255 255 255 255 255 255 255 255 255 255 255 255 255 
255 255 255 255 255 255 255 255 255 255 255 255 255 255 255 255 255 255 255 255 255 255 255 255 255 255 255 255 255 255 255 255 255 255 255 255 255 255 255 255 255 255 255 255 255 255 255 255 255 255 255 255 255 255 255 255 255 255 255 255 255 255 255 255 255 255 255 255 255 255 255 255 
255 255 255 255 255 255 255 255 255 255 255 255 255 255 255 255 255 255 255 255 255 255 255 255 255 255 255 255 255 255 255 255 255 255 255 255 255 255 255 255 255 255 255 255 255 255 255 255 255 255 255 255 255 255 255 255 255 255 255 255 255 255 255 255 255 255 255 255 255 255 255 255 
255 255 255 255 255 255 255 255 255 255 255 255 255 255 255 255 255 255 255 255 255 255 255 255 255 255 255 255 255 255 255 255 255 255 255 255 255 255 255 255 255 255 255 255 255 255 255 255 255 255 255 255 255 255 255 255 255 255 255 255 255 255 255 255 255 255 255 255 255 255 255 255 
255 255 255 255 255 255 255 255 255 255 255 255 255 255 255 255 255 255 255 255 255 255 255 255 255 255 255 255 255 255 255 255 255 255 255 255 255 255 255 255 255 255 255 255 255 255 255 255 255 255 255 255 255 255 255 255 255 255 255 255 255 255 255 255 255 255 255 255 255 255 255 255 
255 255 255 255 255 255 255 255 255 255 255 255 255 255 255 255 255 255 255 255 255 255 255 255 255 255 255 255 255 255 255 255 255 255 255 255 154 156 216 241 255 255 255 255 255 255 255 255 255 255 255 255 255 255 255 255 255 255 255 255 255 255 255 255 255 255 255 255 255 255 255 255 
255 255 255 255 255 255 255 255 255 255 255 255 255 255 255 255 255 255 255 255 255 255 255 255 255 255 255 255 255 255 255 255 255 255 255 255 067 000 000 000 107 255 255 255 255 255 255 255 255 255 255 255 255 255 255 255 255 255 255 255 255 255 255 255 255 255 255 255 255 255 255 255 
255 255 255 255 255 255 255 255 255 233 228 252 255 255 255 255 255 255 255 255 255 255 255 240 220 255 255 255 255 255 255 255 255 255 255 255 040 000 000 016 241 255 255 255 255 084 075 096 117 132 133 135 137 139 141 143 145 146 143 140 138 135 132 129 127 119 100 081 062 221 255 255 
251 255 255 255 255 255 255 255 255 154 000 002 022 028 030 032 035 037 034 031 029 027 011 000 073 255 255 255 255 255 255 255 255 255 255 255 013 000 000 085 255 255 255 255 255 035 000 000 000 000 000 000 000 000 000 000 000 000 000 000 000 000 000 000 000 000 000 000 048 255 255 255 
239 255 255 255 255 255 255 255 255 197 000 000 000 000 000 000 000 000 000 000 000 000 000 000 151 255 255 255 255 255 255 255 255 255 255 242 000 000 000 158 255 255 255 255 255 035 000 000 000 000 000 000 000 000 000 000 000 000 000 000 000 000 000 000 000 000 000 000 149 255 255 255 
205 199 194 175 148 121 196 255 255 212 000 000 000 000 000 000 000 000 000 000 000 000 000 001 229 255 255 255 255 255 255 255 255 255 255 207 000 000 000 229 255 255 255 255 255 112 108 128 148 156 161 165 169 174 178 012 000 000 164 180 180 180 180 180 097 000 000 010 240 255 255 255 
000 000 000 000 000 000 182 255 255 219 000 000 000 124 201 201 201 201 201 201 036 000 000 052 255 255 255 255 255 255 255 255 255 255 255 170 000 000 034 255 255 255 255 255 255 255 255 255 255 255 255 255 255 255 255 017 000 000 232 255 255 255 255 245 027 000 000 095 255 255 255 255 
000 000 000 000 000 000 211 255 255 225 000 000 000 157 255 255 255 255 255 236 002 000 000 131 255 255 255 255 255 255 255 255 255 255 255 133 000 000 091 255 255 255 255 255 255 255 255 255 198 158 238 255 255 255 255 017 000 000 232 255 255 255 255 242 185 153 121 208 255 255 255 255 
074 074 056 000 000 000 218 255 255 225 000 000 000 157 255 255 255 255 255 166 000 000 000 209 255 255 255 255 255 255 255 255 255 255 255 096 000 000 148 255 255 255 255 255 255 255 255 255 127 000 002 046 157 255 255 017 000 000 232 255 255 255 255 251 236 255 255 255 255 255 255 255 
255 255 191 000 000 000 223 255 255 225 000 000 000 157 255 255 255 255 255 095 000 000 032 255 255 255 255 255 255 255 255 035 066 077 085 025 000 000 067 090 089 087 083 048 195 255 255 255 072 000 000 037 230 255 255 017 000 000 022 021 018 016 012 000 032 255 255 255 255 255 255 255 
255 255 191 000 000 000 224 255 255 225 000 000 000 157 255 255 255 255 254 024 000 000 110 255 255 255 255 255 255 255 255 002 000 000 000 000 000 000 000 000 000 000 000 000 216 255 255 247 009 000 000 194 255 255 255 017 000 000 000 000 000 000 000 000 032 255 255 255 255 255 255 255 
255 255 191 000 000 000 224 255 255 225 000 000 000 157 255 255 255 255 208 000 000 000 189 255 255 255 255 255 255 255 255 002 000 000 000 000 000 000 000 000 000 000 000 000 244 255 255 184 000 000 061 255 255 255 255 017 000 000 104 113 112 110 107 086 085 255 255 255 255 255 255 255 
255 255 191 000 000 000 224 255 255 225 000 000 000 157 255 255 255 255 137 000 000 016 251 255 255 255 255 255 255 255 255 123 158 176 130 000 000 088 191 191 130 000 000 015 255 255 255 074 000 000 029 216 255 255 255 017 000 000 232 255 255 255 255 255 255 255 255 255 255 255 255 255 
177 177 133 000 000 000 224 255 255 225 000 000 000 157 255 255 255 255 065 000 000 089 255 255 255 255 255 255 255 255 255 255 255 255 135 000 000 164 255 255 150 000 000 042 255 255 198 000 000 000 000 007 123 246 255 017 000 000 232 255 255 255 255 255 255 255 255 255 255 255 255 255 
000 000 000 000 000 000 224 255 255 225 000 000 000 157 255 255 255 244 006 000 000 168 255 255 255 255 255 255 255 255 255 255 255 255 085 000 000 218 255 255 124 000 000 070 255 255 067 000 000 106 030 000 000 021 105 010 000 000 232 255 255 255 255 255 255 255 255 255 255 255 255 255 
000 000 000 000 000 000 224 255 255 225 000 000 000 157 255 255 255 178 000 000 005 241 255 255 255 255 255 255 255 255 255 255 255 255 035 000 016 254 255 255 097 000 000 113 255 185 000 000 013 237 228 048 000 000 000 000 000 000 064 098 128 138 139 140 141 143 144 139 113 086 208 255 
128 128 096 000 000 000 224 255 255 225 000 000 000 157 255 255 255 107 000 000 069 255 255 255 255 255 255 255 255 255 255 255 255 240 001 000 068 255 255 255 060 000 000 166 228 022 000 000 155 255 255 250 144 020 000 000 000 000 000 000 000 000 000 000 000 000 000 000 000 073 255 255 
255 255 191 000 000 000 224 255 255 225 000 000 000 157 255 255 255 035 000 000 147 255 255 255 255 255 255 255 255 255 255 255 255 192 000 000 120 255 255 252 011 000 000 212 056 000 000 074 255 255 255 255 255 250 179 095 039 003 000 000 000 000 000 000 000 000 000 000 000 170 255 255 
255 255 191 000 000 000 224 255 255 225 000 000 000 157 255 255 220 000 000 000 203 255 255 255 255 255 255 255 255 255 255 255 255 132 000 000 172 255 255 212 000 000 016 234 092 000 022 230 255 255 255 255 255 255 255 255 255 249 212 177 154 131 109 087 064 045 036 027 019 232 255 255 
255 255 191 000 000 000 224 255 255 225 000 000 000 157 255 255 168 000 000 000 035 222 255 255 255 255 255 255 255 255 255 255 255 061 000 000 224 255 255 160 000 000 067 255 255 145 196 242 255 255 255 255 255 255 255 255 255 255 255 255 255 255 255 255 255 249 248 255 255 255 255 255 
255 255 191 000 000 000 222 255 255 225 000 000 000 157 255 255 255 137 001 000 000 029 232 255 255 255 255 255 255 255 255 255 242 004 000 021 255 255 255 108 000 000 119 255 255 255 250 008 005 022 039 054 058 063 067 071 075 073 071 068 065 062 052 032 013 000 182 255 255 255 255 255 
112 112 084 000 000 000 217 255 255 225 000 000 000 157 255 255 255 255 145 000 000 000 059 249 255 255 255 255 255 255 255 255 176 000 000 072 255 255 255 056 000 000 171 255 255 255 255 050 000 000 000 000 000 000 000 000 000 000 000 000 000 000 000 000 000 000 226 255 255 255 255 255 
000 000 000 000 000 000 202 255 255 225 000 000 000 157 255 255 255 255 255 129 000 000 000 100 255 255 255 255 255 255 255 255 105 000 000 107 255 255 244 008 000 000 224 255 255 255 255 062 000 000 029 051 051 051 051 051 051 051 051 051 051 051 033 000 000 000 241 255 255 255 255 255 
000 000 000 000 000 000 171 255 255 225 000 000 000 157 255 255 255 255 255 255 058 000 000 000 204 255 255 255 255 255 255 255 036 000 000 001 119 251 167 000 000 023 255 255 255 255 255 070 000 000 144 255 255 255 255 255 255 255 255 255 255 255 163 000 000 000 251 255 255 255 255 255 
159 157 156 153 136 114 188 255 255 225 000 000 000 157 255 255 255 255 255 255 203 001 000 000 080 255 255 255 255 255 255 255 185 026 000 000 000 059 064 000 000 107 255 255 255 255 255 072 000 000 144 255 255 255 255 255 255 255 255 255 255 255 163 000 000 000 253 255 255 255 255 255 
114 234 255 255 255 255 255 255 255 225 000 000 000 157 255 255 255 255 255 255 255 055 000 000 001 234 255 255 255 255 255 255 255 237 082 000 000 000 000 000 000 202 255 255 255 255 255 072 000 000 118 208 208 208 208 208 208 208 208 208 208 208 133 000 000 000 253 255 255 255 255 255 
000 050 241 255 255 255 255 255 255 225 000 000 000 157 255 255 255 255 255 255 255 122 000 000 000 185 255 255 255 255 255 255 255 255 254 126 000 000 000 000 034 255 255 255 255 255 255 072 000 000 000 000 000 000 000 000 000 000 000 000 000 000 000 000 000 000 253 255 255 255 255 255 
000 000 064 250 255 255 255 255 255 225 000 000 000 157 255 255 255 255 255 255 255 169 000 000 000 141 255 255 255 255 255 255 255 255 255 255 153 000 000 000 000 125 255 255 255 255 255 072 000 000 000 000 000 000 000 000 000 000 000 000 000 000 000 000 000 000 253 255 255 255 255 255 
000 000 000 105 255 255 255 255 255 225 000 000 000 157 255 255 255 255 255 255 255 170 000 000 000 130 255 255 255 255 255 255 255 255 255 255 115 000 000 000 000 000 090 248 255 255 255 072 000 000 118 209 209 209 209 209 209 209 209 209 209 209 134 000 000 000 253 255 255 255 255 255 
043 000 000 000 154 255 255 255 255 225 000 000 000 157 255 255 255 255 255 255 253 065 000 000 000 140 255 255 255 255 255 255 255 255 255 216 005 000 000 005 000 000 000 071 247 255 255 072 000 000 144 255 255 255 255 255 255 255 255 255 255 255 163 000 000 000 253 255 255 255 255 255 
000 000 000 000 006 197 255 255 255 225 000 000 000 157 255 237 246 250 235 183 067 000 000 000 000 183 255 255 255 255 255 255 255 255 244 050 000 000 056 196 012 000 000 000 071 247 255 072 000 000 144 255 255 255 255 255 255 255 255 255 255 255 163 000 000 000 253 255 255 255 255 255 
000 000 003 000 000 024 229 255 255 225 000 000 000 157 255 216 007 000 000 000 000 000 000 000 046 255 255 255 255 255 255 255 255 252 075 000 000 003 207 255 190 009 000 000 000 145 255 072 000 000 022 039 039 039 039 039 039 039 039 039 039 039 025 000 000 000 253 255 255 255 255 255 
032 177 147 000 000 000 073 255 255 223 000 000 000 157 255 255 095 000 000 000 000 000 000 005 179 255 255 255 255 255 255 255 255 104 000 000 000 130 255 255 255 163 000 000 130 255 255 072 000 000 000 000 000 000 000 000 000 000 000 000 000 000 000 000 000 000 253 255 255 255 255 255 
246 255 254 062 000 000 000 159 255 220 000 000 000 157 255 255 185 000 000 000 000 000 034 202 255 255 255 255 255 255 255 255 137 000 000 000 083 254 255 255 255 255 093 106 255 255 255 070 000 000 063 111 111 111 111 111 111 111 111 111 111 111 071 000 000 000 253 255 255 255 255 255 
255 255 255 213 003 000 023 193 255 218 000 000 000 157 255 255 252 016 000 001 063 153 242 255 255 255 255 255 255 255 255 141 001 000 000 045 244 255 255 255 255 255 244 250 255 255 255 061 000 000 144 255 255 255 255 255 255 255 255 255 255 255 155 000 000 000 253 255 255 255 255 255 
255 255 255 255 101 056 228 255 255 216 000 000 000 157 255 255 255 132 160 228 255 255 255 255 255 255 255 255 255 254 114 000 000 000 019 222 255 255 255 255 255 255 255 255 255 255 255 052 000 000 144 255 255 255 255 255 255 255 255 255 255 255 096 000 000 000 254 255 255 255 255 255 
255 255 255 255 239 249 255 255 255 209 000 000 000 157 255 255 255 255 255 255 255 255 255 255 255 255 255 255 255 254 179 032 000 013 194 255 255 255 255 255 255 255 255 255 255 255 255 039 000 000 144 255 255 255 255 255 255 255 222 059 070 054 000 000 000 009 255 255 255 255 255 255 
255 255 255 255 255 255 255 255 255 189 000 000 000 157 255 255 255 255 255 255 255 255 255 255 255 255 255 255 255 255 255 240 082 202 255 255 255 255 255 255 255 255 255 255 255 255 255 011 000 000 144 255 255 255 255 255 255 255 255 057 000 000 000 000 000 062 255 255 255 255 255 255 
255 255 255 255 255 255 255 255 255 167 000 000 000 157 255 255 255 255 255 255 255 255 255 255 255 255 255 255 255 255 255 255 255 255 255 255 255 255 255 255 255 255 255 255 255 255 238 000 000 000 144 255 255 255 255 255 255 255 255 137 000 000 000 000 058 223 255 255 255 255 255 255 
255 255 255 255 255 255 255 255 255 146 000 000 000 157 255 255 255 255 255 255 255 255 255 255 255 255 255 255 255 255 255 255 255 255 255 255 255 255 255 255 255 255 255 255 255 255 209 001 001 001 145 255 255 255 255 255 255 255 255 180 028 083 150 223 255 255 255 255 255 255 255 255 
255 255 255 255 255 255 255 255 255 185 111 111 111 200 255 255 255 255 255 255 255 255 255 255 255 255 255 255 255 255 255 255 255 255 255 255 255 255 255 255 255 255 255 255 255 255 255 255 255 255 255 255 255 255 255 255 255 255 255 255 255 255 255 255 255 255 255 255 255 255 255 255 
255 255 255 255 255 255 255 255 255 255 255 255 255 255 255 255 255 255 255 255 255 255 255 255 255 255 255 255 255 255 255 255 255 255 255 255 255 255 255 255 255 255 255 255 255 255 255 255 255 255 255 255 255 255 255 255 255 255 255 255 255 255 255 255 255 255 255 255 255 255 255 255 
255 255 255 255 255 255 255 255 255 255 255 255 255 255 255 255 255 255 255 255 255 255 255 255 255 255 255 255 255 255 255 255 255 255 255 255 255 255 255 255 255 255 255 255 255 255 255 255 255 255 255 255 255 255 255 255 255 255 255 255 255 255 255 255 255 255 255 255 255 255 255 255 
255 255 255 255 255 255 255 255 255 255 255 255 255 255 255 255 255 255 255 255 255 255 255 255 255 255 255 255 255 255 255 255 255 255 255 255 255 255 255 255 255 255 255 255 255 255 255 255 255 255 255 255 255 255 255 255 255 255 255 255 255 255 255 255 255 255 255 255 255 255 255 255 
255 255 255 255 255 255 255 255 255 255 255 255 255 255 255 255 255 255 255 255 255 255 255 255 255 255 255 255 255 255 255 255 255 255 255 255 255 255 255 255 255 255 255 255 255 255 255 255 255 255 255 255 255 255 255 255 255 255 255 255 255 255 255 255 255 255 255 255 255 255 255 255 
255 255 255 255 255 255 255 255 255 255 255 255 255 255 255 255 255 255 255 255 255 255 255 255 255 255 255 255 255 255 255 255 255 255 255 255 255 255 255 255 255 255 255 255 255 255 255 255 255 255 255 255 255 255 255 255 255 255 255 255 255 255 255 255 255 255 255 255 255 255 255 255 
255 255 255 255 255 255 255 255 255 255 255 255 255 255 255 255 255 255 255 255 255 255 255 255 255 255 255 255 255 255 255 255 255 255 255 255 255 255 255 255 255 255 255 255 255 255 255 255 255 255 255 255 255 255 255 255 255 255 255 255 255 255 255 255 255 255 255 255 255 255 255 255 
255 255 255 255 255 255 255 255 255 255 255 255 255 255 255 255 255 255 255 255 255 255 255 255 255 255 255 255 255 255 255 255 255 255 255 255 255 255 255 255 255 255 255 255 255 255 255 255 255 255 255 255 255 255 255 255 255 255 255 255 255 255 255 255 255 255 255 255 255 255 255 255 
255 255 255 255 255 255 255 255 255 255 255 255 255 255 255 255 255 255 255 255 255 255 255 255 255 255 255 255 255 255 255 255 255 255 255 255 255 255 255 255 255 255 255 255 255 255 255 255 255 255 255 255 255 255 255 255 255 255 255 255 255 255 255 255 255 255 255 255 255 255 255 255 
255 255 255 255 255 255 255 255 255 255 255 255 255 255 255 255 255 255 255 255 255 255 255 255 255 255 255 255 255 255 255 255 255 255 255 255 255 255 255 255 255 255 255 255 255 255 255 255 255 255 255 255 255 255 255 255 255 255 255 255 255 255 255 255 255 255 255 255 255 255 255 255 
255 255 255 255 255 255 255 255 255 255 255 255 255 255 255 255 255 255 255 255 255 255 255 255 255 255 255 255 255 255 255 255 255 255 255 255 255 255 255 255 255 255 255 255 255 255 255 255 255 255 255 255 255 255 255 255 255 255 255 255 255 255 255 255 255 255 255 255 255 255 255 255 
255 255 255 255 255 255 255 255 255 255 255 255 255 255 255 255 255 255 255 255 255 255 255 255 255 255 255 255 255 255 255 255 255 255 255 255 255 255 255 255 255 255 255 255 255 255 255 255 255 255 255 255 255 255 255 255 255 255 255 255 255 255 255 255 255 255 255 255 255 255 255 255 
255 255 255 255 255 255 255 255 255 255 255 255 255 255 255 255 255 255 255 255 255 255 255 255 255 255 255 255 255 255 255 255 255 255 255 255 255 255 255 255 255 255 255 255 255 255 255 255 255 255 255 255 255 255 255 255 255 255 255 255 255 255 255 255 255 255 255 255 255 255 255 255 
255 255 255 255 255 255 255 255 255 255 255 255 255 255 255 255 255 255 255 255 255 255 255 255 255 255 255 255 255 255 255 255 255 255 255 255 255 255 255 255 255 255 255 255 255 255 255 255 255 255 255 255 255 255 255 255 255 255 255 255 255 255 255 255 255 255 255 255 255 255 255 255 
255 255 255 255 255 255 255 255 255 255 255 255 255 255 255 255 255 255 255 255 255 255 255 255 255 255 255 255 255 255 255 255 255 255 255 255 255 255 255 255 255 255 255 255 255 255 255 255 255 255 255 255 255 255 255 255 255 255 255 255 255 255 255 255 255 255 255 255 255 255 255 255 
255 255 255 255 255 255 255 255 255 255 255 255 255 255 255 255 255 255 255 255 255 255 255 255 255 255 255 255 255 255 255 255 255 255 255 255 255 255 255 255 255 255 255 255 255 255 255 255 255 255 255 255 255 255 255 255 255 255 255 255 255 255 255 255 255 255 255 255 255 255 255 255 
255 255 255 255 255 255 255 255 255 255 255 255 255 255 255 255 255 255 255 255 255 255 255 255 255 255 255 255 255 255 255 255 255 255 255 255 255 255 255 255 255 255 255 255 255 255 255 255 255 255 255 255 255 255 255 255 255 255 255 255 255 255 255 255 255 255 255 255 255 255 255 255 
255 255 255 255 255 255 255 255 255 255 255 255 255 255 255 255 255 255 255 255 255 255 255 255 255 255 255 255 255 255 255 255 255 255 255 255 255 255 255 255 255 255 255 255 255 255 255 255 255 255 255 255 255 255 255 255 255 255 255 255 255 255 255 255 255 255 255 255 255 255 255 255 
255 255 255 255 255 255 255 255 255 255 255 255 255 255 255 255 255 255 255 255 255 255 255 255 255 255 255 255 255 255 255 255 255 255 255 255 255 255 255 255 255 255 255 255 255 255 255 255 255 255 255 255 255 255 255 255 255 255 255 255 255 255 255 255 255 255 255 255 255 255 255 255 
255 255 255 255 255 255 255 255 255 255 255 255 255 255 255 255 255 255 255 255 255 255 255 255 255 255 255 255 255 255 255 255 255 255 255 255 255 255 255 255 255 255 255 255 255 255 255 255 255 255 255 255 255 255 255 255 255 255 255 255 255 255 255 255 255 255 255 255 255 255 255 255 
255 255 255 255 255 255 255 255 255 255 255 255 255 255 255 255 255 255 255 255 255 255 255 255 255 255 255 255 255 255 255 255 255 255 255 255 255 255 255 255 255 255 255 255 255 255 255 255 255 255 255 255 255 255 255 255 255 255 255 255 255 255 255 255 255 255 255 255 255 255 255 255 
255 255 255 255 255 255 255 255 255 255 255 255 255 255 255 255 255 255 255 255 255 255 255 255 255 255 255 255 255 255 255 255 255 255 255 255 255 255 255 255 255 255 255 255 255 255 255 255 255 255 255 255 255 255 255 255 255 255 255 255 255 255 255 255 255 255 255 255 255 255 255 255 
255 255 255 255 255 255 255 255 255 255 255 255 255 255 255 255 255 255 255 255 255 255 255 255 255 255 255 255 255 255 255 255 255 255 255 255 255 255 255 255 255 255 255 255 255 255 255 255 255 255 255 255 255 255 255 255 255 255 255 255 255 255 255 255 255 255 255 255 255 255 255 255 
255 255 255 255 255 255 255 255 255 255 255 255 255 255 255 255 255 255 255 255 255 255 255 255 255 255 255 255 255 255 255 255 255 255 255 255 255 255 255 255 255 255 255 255 255 255 255 255 255 255 255 255 255 255 255 255 255 255 255 255 255 255 255 255 255 255 255 255 255 255 255 255 
255 255 255 255 255 255 255 255 255 255 255 255 255 255 255 255 255 255 255 255 255 255 255 255 255 255 255 255 255 255 255 255 255 255 255 255 255 255 255 255 255 255 255 255 255 255 255 255 255 255 255 255 255 255 255 255 255 255 255 255 255 255 255 255 255 255 255 255 255 255 255 255 
255 255 255 255 255 255 255 255 255 255 255 255 255 255 255 255 255 255 255 255 255 255 255 255 255 255 255 255 255 255 255 255 255 255 255 255 255 255 255 255 255 255 255 255 255 255 255 255 255 255 255 255 255 255 255 255 255 255 255 255 255 255 255 255 255 255 255 255 255 255 255 255 
255 255 255 255 255 255 255 255 255 255 255 255 255 255 255 255 255 255 255 255 255 255 255 255 255 255 255 255 255 255 255 255 255 255 255 255 255 255 255 255 255 255 255 255 255 255 255 255 255 255 255 255 255 255 255 255 255 255 255 255 255 255 255 255 255 255 255 255 255 255 255 255 
255 255 255 255 255 255 255 255 255 255 255 255 255 255 255 255 255 255 255 255 255 255 255 255 255 255 255 255 255 255 255 255 255 255 255 255 255 255 255 255 255 255 255 255 255 255 255 255 255 255 255 255 255 255 255 255 255 255 255 255 255 255 255 255 255 255 255 255 255 255 255 255 
255 255 132 152 168 174 211 255 255 255 255 255 255 255 255 255 255 255 255 255 255 255 255 255 255 255 255 255 255 255 255 255 255 255 255 255 255 255 255 255 255 255 255 255 255 255 219 252 255 255 255 255 255 255 255 255 255 255 255 255 255 255 255 255 255 255 255 255 255 255 255 255 
255 255 029 000 000 015 175 255 255 255 255 255 255 255 255 255 255 255 255 255 255 255 255 255 255 255 255 255 255 255 255 255 255 255 255 255 255 255 255 255 255 255 255 255 255 255 056 071 241 255 255 255 255 255 255 255 078 064 099 140 255 255 255 255 255 255 255 255 107 084 162 221 
255 255 045 000 000 132 255 255 255 255 255 255 255 255 253 255 255 255 255 255 255 255 255 255 255 255 255 255 255 253 255 255 255 255 255 255 255 255 255 255 255 255 255 255 255 188 000 000 028 176 255 255 255 255 255 255 075 000 000 089 255 255 255 255 255 255 255 255 071 000 000 000 
255 255 062 000 000 147 255 255 255 255 255 255 255 255 100 006 020 033 042 043 044 046 047 045 043 042 037 023 009 047 255 255 255 255 255 255 255 255 255 255 255 255 255 255 248 047 000 000 000 044 238 255 255 255 255 255 081 000 000 153 255 255 255 255 255 255 255 255 045 000 000 007 
255 255 070 000 000 147 255 255 255 255 255 255 255 255 105 000 000 000 000 000 000 000 000 000 000 000 000 000 000 074 255 255 255 255 255 255 255 255 255 255 255 255 255 255 109 000 000 000 071 250 248 106 156 161 233 255 082 000 000 168 255 239 117 161 179 231 255 253 009 000 000 079 
255 255 072 000 000 147 255 255 255 255 255 255 255 255 109 000 000 000 000 000 000 000 000 000 000 000 000 000 000 101 255 255 255 255 255 255 255 255 255 255 255 255 255 178 000 000 000 044 242 255 255 009 000 007 235 255 082 000 000 183 255 246 000 000 011 242 255 222 000 000 000 154 
255 255 075 000 000 147 255 255 255 255 255 255 255 255 114 000 000 020 180 180 180 180 180 180 180 180 002 000 000 124 255 255 255 255 255 255 255 255 255 255 255 255 227 019 000 000 019 222 255 255 255 008 000 042 255 255 083 000 000 197 255 255 005 000 040 255 255 182 000 000 000 228 
255 255 078 000 000 147 255 255 255 255 255 255 255 255 119 000 000 028 255 255 255 255 255 255 255 251 000 000 000 137 255 255 255 255 255 255 255 255 255 255 255 229 038 000 000 004 189 255 255 255 255 005 000 065 255 255 084 000 000 209 255 255 013 000 050 255 255 142 000 000 046 255 
068 073 024 000 000 045 076 074 072 062 049 109 255 255 123 000 000 028 255 255 255 255 255 255 255 242 000 000 000 150 255 255 255 255 255 255 255 255 255 255 228 038 000 000 000 146 255 255 255 255 255 002 000 086 255 255 084 000 000 212 255 255 014 000 061 255 255 085 000 000 121 255 
000 000 000 000 000 000 000 000 000 000 000 082 255 255 128 000 000 028 255 255 255 255 255 255 255 234 000 000 000 162 255 255 255 255 255 255 255 255 255 230 029 000 000 000 116 255 255 255 255 255 254 000 000 092 255 255 085 000 000 215 255 255 015 000 071 255 253 019 000 000 138 185 
005 005 001 000 000 003 005 005 003 000 000 082 255 255 133 000 000 028 255 255 255 255 255 255 255 225 000 000 000 172 255 255 255 255 255 255 255 255 255 255 220 053 000 110 255 255 230 248 255 255 247 000 000 094 255 255 085 000 000 218 255 255 016 000 076 255 204 000 000 000 000 000 
255 255 080 000 000 147 255 255 145 000 000 082 255 255 137 000 000 028 255 255 255 255 255 255 255 217 000 000 000 179 255 255 255 255 255 255 255 255 255 255 255 249 145 255 255 255 100 045 204 255 229 000 000 005 015 015 005 000 000 013 015 015 001 000 070 255 136 000 000 000 000 000 
255 255 080 000 000 147 255 255 145 000 000 082 255 255 142 000 000 028 255 227 195 169 255 255 255 208 000 000 000 187 255 255 255 255 255 255 255 255 255 255 255 255 255 255 255 239 010 000 001 087 208 000 000 000 000 000 000 000 000 000 000 000 000 000 063 255 049 000 000 052 069 069 
255 255 080 000 000 147 255 255 145 000 000 082 255 255 146 000 000 028 255 034 000 000 234 255 255 200 000 000 000 194 255 255 255 255 255 255 255 255 255 255 255 255 255 255 255 142 000 000 000 161 212 089 115 120 121 122 123 123 123 122 121 121 120 106 119 194 000 000 005 239 255 255 
255 255 080 000 000 147 255 255 145 000 000 082 255 255 146 000 000 028 255 087 000 000 185 255 255 191 000 000 000 201 255 255 255 255 255 255 255 255 255 255 255 255 255 255 245 027 000 000 087 255 255 255 255 255 255 255 255 255 255 255 255 255 255 255 255 083 000 000 072 255 255 255 
255 255 080 000 000 147 255 255 145 000 000 082 255 255 139 000 000 028 255 137 000 000 136 255 255 183 000 000 000 209 255 255 255 255 255 255 255 255 255 255 255 255 255 255 130 000 000 008 225 255 255 255 255 255 255 255 255 255 255 255 255 255 255 255 221 003 000 000 176 255 255 255 
255 255 080 000 000 147 255 255 145 000 000 082 255 255 133 000 000 028 255 171 000 000 087 255 255 174 000 000 000 216 255 255 255 255 255 255 255 255 255 255 255 255 255 230 012 000 000 123 255 255 086 097 125 134 138 142 146 142 138 133 125 097 096 255 067 000 000 031 253 255 255 255 
255 255 080 000 000 147 255 255 145 000 000 082 255 255 126 000 000 028 255 202 000 000 038 255 255 166 000 000 000 224 255 255 255 255 255 255 255 255 255 255 255 255 255 078 000 000 000 215 255 255 021 000 000 000 000 000 000 000 000 000 000 000 035 251 106 000 000 136 255 255 255 255 
255 255 080 000 000 147 255 255 145 000 000 082 255 255 119 000 000 028 255 234 000 000 002 251 255 158 000 000 000 231 255 255 255 255 255 255 255 255 255 255 255 255 138 000 000 000 000 216 255 255 021 000 000 000 000 000 000 000 000 000 000 000 035 255 255 165 040 244 255 255 255 255 
255 255 080 000 000 147 255 255 145 000 000 082 255 255 113 000 000 031 255 255 010 000 000 226 255 149 000 000 000 239 255 255 255 255 255 255 255 255 255 255 255 171 001 000 000 000 000 216 255 255 140 161 192 202 206 210 213 210 206 201 191 159 146 255 255 252 175 135 111 255 255 255 
255 255 080 000 000 147 255 255 145 000 000 082 255 255 106 000 000 039 255 255 040 000 000 198 255 141 000 000 000 246 255 255 255 255 255 255 255 255 255 255 194 008 000 000 000 000 000 216 255 255 255 255 255 255 255 255 255 255 255 255 255 255 255 255 255 254 012 000 009 255 255 245 
255 255 080 000 000 147 255 255 145 000 000 082 255 255 100 000 000 047 255 255 069 000 000 170 255 132 000 000 000 253 255 255 255 255 255 255 255 255 255 176 007 000 000 006 000 000 000 216 255 255 255 254 255 255 255 255 255 255 255 255 255 255 255 255 255 255 056 000 000 240 255 206 
255 255 080 000 000 147 255 255 145 000 000 082 255 255 093 000 000 056 255 255 083 000 000 141 255 124 000 000 005 255 255 255 255 255 255 255 255 255 255 232 047 000 000 160 000 000 000 216 255 255 255 187 012 041 058 062 066 065 063 048 012 238 255 255 255 255 103 000 000 197 255 165 
255 255 080 000 000 147 255 255 145 000 000 082 255 255 086 000 000 064 255 255 096 000 000 113 255 119 000 000 011 255 255 255 255 255 255 255 255 255 255 255 230 025 129 255 000 000 000 216 255 255 255 203 000 000 000 000 000 000 000 000 000 238 255 255 255 255 162 000 000 147 255 124 
255 255 080 000 000 147 255 255 145 000 000 082 255 255 068 000 000 074 255 255 193 174 205 240 255 115 000 000 017 255 255 255 255 255 255 255 255 255 255 255 255 226 255 255 000 000 000 216 255 255 255 215 000 000 010 027 027 027 011 000 000 238 255 255 255 255 231 000 000 098 255 083 
255 255 080 000 000 147 255 255 145 000 000 082 255 255 050 000 000 093 255 255 255 255 255 255 255 112 000 000 023 255 255 255 255 255 255 255 255 255 255 255 255 255 255 255 000 000 000 216 255 255 255 201 000 000 098 255 255 255 100 000 000 238 255 255 255 255 255 045 000 046 250 023 
255 255 080 000 000 147 255 255 145 000 000 082 255 251 010 000 000 115 255 255 255 255 255 255 255 108 000 000 029 255 255 255 255 255 255 255 255 255 255 255 255 255 255 255 000 000 000 216 255 255 255 184 000 000 105 255 255 255 100 000 000 238 255 255 255 255 255 115 000 000 141 000 
255 255 080 000 000 147 255 255 134 000 000 082 255 207 000 000 000 157 255 255 255 255 255 255 255 105 000 000 035 255 255 255 255 255 255 255 255 255 255 255 255 255 255 255 000 000 000 216 255 255 255 167 000 000 114 255 255 255 100 000 000 238 255 234 103 255 255 186 000 000 006 000 
255 255 080 000 000 138 123 108 017 000 000 085 255 152 000 000 000 215 255 255 255 255 255 255 255 101 000 000 041 255 255 255 255 255 255 255 255 255 255 255 255 255 255 255 000 000 000 216 255 255 255 146 000 000 140 255 255 255 100 000 000 238 169 027 011 253 255 253 032 000 000 000 
255 255 080 000 000 147 106 000 000 000 000 126 255 096 000 000 019 254 255 255 255 255 255 255 255 098 000 000 047 255 255 255 255 255 255 255 255 255 255 255 255 255 255 255 000 000 000 216 255 255 255 082 000 000 167 255 255 255 100 000 000 053 000 000 000 200 255 255 133 000 000 000 
255 255 080 000 000 147 199 000 000 000 038 228 240 014 000 000 075 255 255 255 255 255 255 255 255 095 000 000 054 255 255 252 245 255 255 255 255 255 255 255 255 255 255 255 000 000 000 216 255 255 249 013 000 000 194 255 255 255 076 000 000 000 000 009 127 245 255 235 036 000 000 000 
255 255 080 000 000 147 254 021 069 150 241 255 133 000 000 000 152 255 255 255 255 255 255 255 255 091 000 000 060 255 255 226 049 183 255 255 255 255 255 255 255 255 255 255 000 000 000 216 255 255 188 000 000 004 237 255 255 183 000 000 000 000 051 216 255 255 227 043 000 000 000 000 
255 255 080 000 000 147 255 255 255 255 255 246 021 000 000 020 246 255 255 255 255 255 255 255 255 088 000 000 066 255 255 199 000 000 044 200 255 255 255 255 255 255 255 255 000 000 000 216 255 253 058 000 000 066 255 255 255 250 059 000 002 122 250 255 255 214 029 000 000 000 017 000 
255 255 077 000 000 145 255 255 255 255 255 121 000 000 000 126 255 255 255 255 255 255 255 255 255 084 000 000 066 255 255 139 000 000 000 218 255 255 255 255 255 255 255 252 000 000 000 216 255 141 000 000 000 151 255 255 255 255 219 022 186 255 255 255 158 014 000 000 000 101 225 019 
255 255 074 000 000 142 255 255 255 255 157 000 000 000 008 233 255 255 255 255 255 255 255 255 255 084 000 000 028 251 247 037 000 000 036 255 255 255 255 255 255 255 255 247 000 000 000 216 192 009 000 000 050 250 255 255 255 255 255 241 255 255 229 077 000 000 000 000 104 254 255 181 
255 255 070 000 000 139 255 255 255 185 004 000 000 000 144 255 255 255 255 255 255 255 255 255 255 097 000 000 000 051 030 000 000 000 132 255 255 255 255 255 255 255 255 242 000 000 000 214 140 032 000 009 213 255 255 255 255 255 255 255 234 114 009 000 000 000 007 153 255 255 255 255 
255 255 064 000 000 132 255 255 167 012 000 000 000 076 255 255 255 255 255 255 255 255 255 255 255 152 000 000 000 000 000 000 000 004 226 255 255 255 255 255 255 255 255 224 000 000 000 216 255 250 132 185 255 255 255 255 255 255 234 103 011 000 000 000 000 030 203 255 255 255 255 255 
255 255 045 000 000 114 255 211 024 000 000 000 025 235 255 255 255 255 255 255 255 255 255 255 255 239 058 000 000 000 000 000 002 167 255 255 255 255 255 255 255 255 255 193 000 000 000 216 255 255 255 255 255 255 255 255 255 255 255 154 004 000 000 000 069 236 255 255 255 255 255 255 
255 255 026 000 000 095 255 255 245 116 000 012 199 255 255 255 255 255 255 255 255 255 255 255 255 255 251 208 163 151 152 175 231 255 255 255 255 255 255 255 255 255 255 163 000 000 000 216 255 255 255 255 255 255 255 255 255 255 255 255 178 007 016 139 253 255 255 255 255 255 255 255 
255 255 055 047 047 111 255 255 255 255 156 194 255 255 255 255 255 255 255 255 255 255 255 255 255 255 255 255 255 255 255 255 255 255 255 255 255 255 255 255 255 255 255 158 047 047 047 224 255 255 255 255 255 255 255 255 255 255 255 255 255 190 237 255 255 255 255 255 255 255 255 255 
255 255 255 255 255 255 255 255 255 255 255 255 255 255 255 255 255 255 255 255 255 255 255 255 255 255 255 255 255 255 255 255 255 255 255 255 255 255 255 255 255 255 255 255 255 255 255 255 255 255 255 255 255 255 255 255 255 255 255 255 255 255 255 255 255 255 255 255 255 255 255 255 
255 255 255 255 255 255 255 255 255 255 255 255 255 255 255 255 255 255 255 255 255 255 255 255 255 255 255 255 255 255 255 255 255 255 255 255 255 255 255 255 255 255 255 255 255 255 255 255 255 255 255 255 255 255 255 255 255 255 255 255 255 255 255 255 255 255 255 255 255 255 255 255 
255 255 255 255 255 255 255 255 255 255 255 255 255 255 255 255 255 255 255 255 255 255 255 255 255 255 255 255 255 255 255 255 255 255 255 255 255 255 255 255 255 255 255 255 255 255 255 255 255 255 255 255 255 255 255 255 255 255 255 255 255 255 255 255 255 255 255 255 255 255 255 255 
255 255 255 255 255 255 255 255 255 255 255 255 255 255 255 255 255 255 255 255 255 255 255 255 255 255 255 255 255 255 255 255 255 255 255 255 255 255 255 255 255 255 255 255 255 255 255 255 255 255 255 255 255 255 255 255 255 255 255 255 255 255 255 255 255 255 255 255 255 255 255 255 
255 255 255 255 255 255 255 255 255 255 255 255 255 255 255 255 255 255 255 255 255 255 255 255 255 255 255 255 255 255 255 255 255 255 255 255 255 255 255 255 255 255 255 255 255 255 255 255 255 255 255 255 255 255 255 255 255 255 255 255 255 255 255 255 255 255 255 255 255 255 255 255 
255 255 255 255 255 255 255 255 255 255 255 255 255 255 255 255 255 255 255 255 255 255 255 255 255 255 255 255 255 255 255 255 255 255 255 255 255 255 255 255 255 255 255 255 255 255 255 255 255 255 255 255 255 255 255 255 255 255 255 255 255 255 255 255 255 255 255 255 255 255 255 255 
255 255 255 255 255 255 255 255 255 255 255 255 255 255 255 255 255 255 255 255 255 255 255 255 255 255 255 255 255 255 255 255 255 255 255 255 255 255 255 255 255 255 255 255 255 255 255 255 255 255 255 255 255 255 255 255 255 255 255 255 255 255 255 255 255 255 255 255 255 255 255 255 
255 255 255 255 255 255 255 255 255 255 255 255 255 255 255 255 255 255 255 255 255 255 255 255 255 255 255 255 255 255 255 255 255 255 255 255 255 255 255 255 255 255 255 255 255 255 255 255 255 255 255 255 255 255 255 255 255 255 255 255 255 255 255 255 255 255 255 255 255 255 255 255 
255 255 255 255 255 255 255 255 255 255 255 255 255 255 255 255 255 255 255 255 255 255 255 255 255 255 255 255 255 255 255 255 255 255 255 255 255 255 255 255 255 255 255 255 255 255 255 255 255 255 255 255 255 255 255 255 255 255 255 255 255 255 255 255 255 255 255 255 255 255 255 255 
255 255 255 255 255 255 255 255 255 255 255 255 255 255 255 255 255 255 255 255 255 255 255 255 255 255 255 255 255 255 255 255 255 255 255 255 255 255 255 255 255 255 255 255 255 255 255 255 255 255 255 255 255 255 255 255 255 255 255 255 255 255 255 255 255 255 255 255 255 255 255 255 
255 255 255 255 255 255 255 255 255 255 255 255 255 255 255 255 255 255 255 255 255 255 255 255 255 255 255 255 255 255 255 255 255 255 255 255 255 255 255 255 255 255 255 255 255 255 255 255 255 255 255 255 255 255 255 255 255 255 255 255 255 255 255 255 255 255 255 255 255 255 255 255 
255 255 255 255 255 255 255 255 255 255 255 255 255 255 255 255 255 255 255 255 255 255 255 255 255 255 255 255 255 255 255 255 255 255 255 255 255 255 255 255 255 255 255 255 255 255 255 255 255 255 255 255 255 255 255 255 255 255 255 255 255 255 255 255 255 255 255 255 255 255 255 255 
255 255 255 255 255 255 255 255 255 255 255 255 255 255 255 255 255 255 255 255 255 255 255 255 255 255 255 255 255 255 255 255 255 255 255 255 255 255 255 255 255 255 255 255 255 255 255 255 255 255 255 255 255 255 255 255 255 255 255 255 255 255 255 255 255 255 255 255 255 255 255 255 
255 255 255 255 255 255 255 255 255 255 255 255 255 255 255 255 255 255 255 255 255 255 255 255 255 255 255 255 255 255 255 255 255 255 255 255 255 255 255 255 255 255 255 255 255 255 255 255 255 255 255 255 255 255 255 255 255 255 255 255 255 255 255 255 255 255 255 255 255 255 255 255 
255 255 255 255 255 255 255 255 255 255 255 255 255 255 255 255 255 255 255 255 255 255 255 255 255 255 255 255 255 255 255 255 255 255 255 255 255 255 255 255 255 255 255 255 255 255 255 255 255 255 255 255 255 255 255 255 255 255 255 255 255 255 255 255 255 255 255 255 255 255 255 255 
255 255 255 255 255 255 255 255 255 255 255 255 255 255 255 255 255 255 255 255 255 255 255 255 255 255 255 255 255 255 255 255 255 255 255 255 255 255 255 255 255 255 255 255 255 255 255 255 255 255 255 255 255 255 255 255 255 255 255 255 255 255 255 255 255 255 255 255 255 255 255 255 
255 255 255 255 255 255 255 255 255 255 255 255 255 255 255 255 255 255 255 255 255 255 255 255 255 255 255 255 255 255 255 255 255 255 255 255 255 255 255 255 255 255 255 255 255 255 255 255 255 255 255 255 255 255 255 255 255 255 255 255 255 255 255 255 255 255 255 255 255 255 255 255 
255 255 255 255 255 255 255 255 255 255 255 255 255 255 255 255 255 255 255 255 255 255 255 255 255 255 255 255 255 255 255 255 255 255 255 255 255 255 255 255 255 255 255 255 255 255 255 255 255 255 255 255 255 255 255 255 255 255 255 255 255 255 255 255 255 255 255 255 255 255 255 255 
255 255 255 255 255 255 255 255 255 255 255 255 255 255 255 255 255 255 255 255 255 255 255 255 255 255 255 255 255 255 255 255 255 255 255 255 255 255 255 255 255 255 255 255 255 255 255 255 255 255 255 255 255 255 255 255 255 255 255 255 255 255 255 255 255 255 255 255 255 255 255 255 
255 255 255 255 255 255 255 255 255 255 255 255 255 255 255 255 255 255 255 255 255 255 255 255 255 255 255 255 255 255 255 255 255 255 255 255 255 255 255 255 255 255 255 255 255 255 255 255 255 255 255 255 255 255 255 255 255 255 255 255 255 255 255 255 255 255 255 255 255 255 255 255 
255 255 255 255 255 255 255 255 255 255 255 255 255 255 255 255 255 255 255 255 255 255 255 255 255 255 255 255 255 255 255 255 255 255 255 255 255 255 255 255 255 255 255 255 255 255 255 255 255 255 255 255 255 255 255 255 255 255 255 255 255 255 255 255 255 255 255 255 255 255 255 255 
255 255 255 255 255 255 255 255 255 255 255 255 255 255 255 255 255 255 255 255 255 255 255 255 255 255 255 255 255 255 255 255 255 255 255 255 255 255 255 255 255 255 255 255 255 255 255 255 255 255 255 255 255 255 255 255 255 255 255 255 255 255 255 255 255 255 255 255 255 255 255 255 
