255 255 255 255 255 255 255 255 255 255 255 255 255 255 255 255 245 076 000 000 000 000 068 246 119 005 024 044 062 071 078 085 092 099 089 000 000 000 085 101 095 089 083 077 071 058 040 021 003 141 255 255 255 255 255 255 255 255 255 255 252 129 003 000 000 000 000 042 225 255 255 004 
255 255 255 255 255 255 255 255 255 255 255 255 255 255 255 255 255 252 100 000 000 000 088 255 250 255 255 255 255 255 255 255 255 255 213 000 000 000 203 255 255 255 255 255 255 255 255 255 254 251 255 255 255 255 255 255 255 255 255 255 255 255 194 020 000 000 000 044 246 255 255 009 
255 255 255 255 255 255 255 255 255 255 255 255 255 255 255 255 255 255 255 106 000 050 246 255 255 255 255 255 255 255 255 255 255 255 213 000 000 000 203 255 255 255 255 255 255 255 255 255 255 255 255 255 255 255 255 255 255 255 255 255 255 255 255 221 041 000 010 213 255 255 255 013 
255 255 255 255 255 255 255 255 255 255 255 255 255 255 255 255 255 255 255 252 097 226 255 255 255 232 087 110 133 155 164 171 179 186 161 000 000 000 154 186 178 170 163 155 142 122 102 083 255 255 255 255 255 255 255 255 255 255 255 255 255 255 255 255 240 068 155 255 255 255 255 013 
255 255 255 255 255 255 255 255 255 255 255 255 255 255 255 255 255 255 255 255 255 255 255 255 255 221 000 000 000 000 000 000 000 000 000 000 000 000 000 000 000 000 000 000 000 000 000 000 254 255 255 255 255 255 255 255 255 255 255 255 255 255 255 255 255 252 255 255 255 255 255 013 
255 255 255 255 255 255 255 255 255 255 255 255 255 255 255 255 255 255 255 255 255 255 255 255 255 221 000 000 000 000 000 000 000 000 000 000 000 000 000 000 000 000 000 000 000 000 000 000 254 255 255 255 255 255 255 255 255 255 255 255 255 255 255 255 255 255 255 255 255 255 255 013 
255 255 255 255 255 255 255 255 255 255 255 255 255 199 058 218 255 255 255 255 255 255 255 255 255 233 103 126 149 170 179 187 194 201 173 000 000 000 166 202 195 189 182 175 162 141 120 099 255 255 255 255 255 255 255 255 255 255 255 134 140 244 255 255 255 255 255 255 255 255 255 013 
255 255 255 255 255 255 255 255 255 255 255 255 249 043 000 010 150 255 255 255 255 255 255 255 255 255 255 255 255 255 255 255 255 255 213 000 000 000 203 255 255 255 255 255 255 255 255 255 255 255 255 255 255 255 255 255 255 255 173 000 000 020 133 241 255 255 255 255 255 255 255 013 
255 255 255 255 255 255 255 255 255 255 255 255 126 000 000 000 000 068 218 255 255 255 225 186 204 221 239 254 255 255 255 255 255 255 213 000 000 000 203 255 255 255 255 255 255 255 250 231 212 193 203 255 255 255 255 255 255 215 013 000 000 000 000 019 145 251 255 255 255 255 255 013 
255 255 255 255 255 255 255 255 255 255 255 255 190 054 000 000 000 000 007 125 247 255 160 000 000 000 000 000 006 013 020 026 033 040 039 000 000 000 037 042 037 032 026 021 016 010 000 000 000 000 083 255 255 255 255 255 255 226 092 001 000 000 000 000 000 039 181 255 255 255 255 013 
255 255 255 255 255 255 255 255 255 255 255 255 255 254 141 007 000 000 000 000 090 255 160 000 000 000 000 000 000 000 000 000 000 000 000 000 000 000 000 000 000 000 000 000 000 000 000 000 000 000 083 255 255 255 255 255 255 255 255 205 066 000 000 000 000 000 137 255 255 255 255 013 
255 255 255 255 255 255 255 255 255 255 255 255 255 255 255 210 045 000 000 006 213 255 160 000 000 002 017 033 048 052 055 057 059 061 063 065 067 066 064 062 059 057 055 053 050 038 022 006 000 000 083 255 255 255 255 255 255 255 255 255 255 164 015 000 000 050 252 255 255 255 255 013 
255 255 255 255 255 255 255 255 255 255 255 255 255 255 255 255 248 106 000 125 255 255 240 225 241 254 255 255 255 255 255 255 255 255 255 255 255 255 255 255 255 255 255 255 255 255 255 255 246 230 230 255 255 255 255 255 255 255 255 255 255 255 225 064 004 207 255 255 255 255 255 013 
255 255 255 255 255 255 255 255 255 255 255 255 255 255 255 255 255 255 162 248 255 255 255 255 255 255 246 249 255 255 255 255 255 255 255 255 255 255 255 255 255 255 255 255 255 251 245 255 255 255 255 255 255 255 255 255 255 255 255 255 255 255 255 253 195 255 255 255 255 255 255 013 
255 255 255 255 255 255 255 255 255 255 255 255 255 255 255 255 255 255 255 255 255 255 255 255 255 255 121 000 006 019 025 026 028 030 031 033 035 033 032 030 028 027 025 021 008 000 085 255 255 255 255 255 255 255 255 255 255 255 255 255 255 255 255 255 255 255 255 255 255 255 255 013 
255 255 255 255 255 255 255 255 255 255 255 255 255 255 255 255 255 255 255 255 255 255 255 255 255 255 138 000 000 000 000 000 000 000 000 000 000 000 000 000 000 000 000 000 000 000 095 255 255 255 255 255 255 255 255 255 255 255 255 255 255 255 255 255 255 255 255 255 255 255 255 013 
255 255 255 255 255 255 255 255 255 255 255 255 255 255 255 255 255 229 250 255 255 255 255 255 255 255 141 000 000 000 080 081 081 081 081 081 081 081 081 081 081 081 081 019 000 000 098 255 255 255 255 255 255 255 255 255 255 255 255 255 255 255 255 255 194 251 255 255 255 255 255 013 
255 255 255 255 255 255 255 255 255 255 255 255 255 255 255 255 255 132 075 236 255 255 255 255 255 255 144 000 000 000 249 255 255 255 255 255 255 255 255 255 255 255 255 059 000 000 101 255 255 255 255 255 255 255 255 255 255 255 255 255 255 255 255 255 062 066 225 255 255 255 255 013 
255 255 255 255 255 255 255 255 255 255 255 255 255 255 255 255 255 064 000 024 166 251 255 255 255 255 144 000 000 000 249 255 255 255 255 255 255 255 255 255 255 255 255 059 000 000 101 255 255 255 255 255 255 255 255 255 255 255 255 255 255 255 255 233 002 000 014 125 255 255 255 013 
255 255 255 255 255 255 255 255 255 255 255 255 255 255 255 255 245 006 000 000 007 233 255 255 255 255 144 000 000 000 120 122 122 122 122 122 122 122 122 122 122 122 122 028 000 000 101 255 255 255 255 255 255 255 255 255 255 255 255 255 255 255 255 153 000 000 000 097 255 255 255 013 
255 255 255 255 255 255 255 255 255 255 255 255 255 255 255 255 177 000 000 000 093 255 255 255 255 255 144 000 000 000 000 000 000 000 000 000 000 000 000 000 000 000 000 000 000 000 101 255 255 255 255 255 255 255 255 255 255 255 255 255 255 255 255 062 000 000 000 209 255 255 255 013 
255 255 255 255 255 255 255 255 255 255 255 255 255 255 255 255 085 000 000 000 189 255 255 255 255 255 144 000 000 000 017 017 017 017 017 017 017 017 017 017 017 017 017 004 000 000 101 255 255 255 255 255 255 255 255 255 255 255 255 255 255 255 205 000 000 000 065 255 255 255 255 013 
255 255 255 255 255 255 255 255 255 255 255 255 255 255 255 240 008 000 000 024 253 255 255 255 255 255 144 000 000 000 249 255 255 255 255 255 255 255 255 255 255 255 255 059 000 000 101 255 255 255 255 255 255 255 255 255 255 255 255 255 255 255 090 000 000 000 169 255 255 255 255 013 
255 255 255 255 255 255 255 255 255 255 255 255 255 255 255 156 000 000 000 108 255 255 255 255 255 255 144 000 000 000 249 255 255 255 255 255 255 255 255 255 255 255 255 059 000 000 101 255 255 255 255 255 255 255 255 255 255 255 255 255 255 228 005 000 000 022 250 255 255 255 255 013 
255 255 255 255 255 255 255 255 255 255 255 255 255 255 255 055 000 000 000 196 255 255 255 255 255 255 144 000 000 000 138 141 141 141 141 141 141 141 141 141 141 141 141 033 000 000 101 255 255 255 255 255 255 255 255 255 255 255 255 255 255 109 000 000 000 118 255 255 255 255 255 013 
255 255 255 255 255 255 255 255 255 255 255 255 255 255 206 000 000 000 029 254 255 255 255 255 255 255 144 000 000 000 000 000 000 000 000 000 000 000 000 000 000 000 000 000 000 000 101 255 255 255 255 255 255 255 255 255 255 255 255 255 225 006 000 000 001 219 255 255 255 255 255 013 
255 255 255 255 255 255 255 255 255 255 255 255 255 255 089 000 000 000 113 255 255 255 255 255 255 255 144 000 000 000 000 000 000 000 000 000 000 000 000 000 000 000 000 000 000 000 101 255 255 255 255 255 255 255 255 255 255 255 255 255 099 000 000 000 066 255 255 255 255 255 255 013 
255 255 255 255 255 255 255 255 255 255 255 255 255 212 002 000 000 000 199 255 255 255 255 255 255 255 143 000 000 000 237 242 242 242 242 242 242 242 242 242 242 242 242 056 000 000 101 255 255 255 255 255 255 255 255 255 255 255 255 218 004 000 000 000 165 255 255 255 255 255 255 013 
255 255 255 255 255 255 255 255 255 255 255 255 255 082 000 000 000 029 254 255 255 255 255 255 255 255 138 000 000 000 249 255 255 255 255 255 255 255 255 255 255 255 255 058 000 000 101 255 255 255 255 255 255 255 255 255 255 255 255 071 000 000 000 017 247 255 255 255 255 255 255 009 
255 255 255 255 255 255 255 255 255 255 255 255 189 001 000 000 000 112 255 255 255 255 255 255 255 255 135 000 000 000 249 255 255 255 255 255 255 255 255 255 255 255 228 016 000 000 102 255 255 255 255 255 255 255 255 255 255 255 161 000 000 000 000 108 255 255 255 255 255 255 255 006 
255 255 255 255 255 255 255 255 255 255 255 255 107 000 000 000 000 192 255 255 255 255 255 255 255 255 124 000 000 000 249 255 255 255 255 255 255 255 250 058 046 043 001 000 000 000 113 255 255 255 255 255 255 255 255 255 255 233 018 000 000 000 000 201 255 255 255 255 255 255 255 002 
255 255 255 255 255 255 255 255 255 255 255 255 255 194 047 000 018 252 255 255 255 255 255 255 255 255 108 000 000 000 249 255 255 255 255 255 255 255 255 129 000 000 000 000 000 000 163 255 255 255 255 255 255 255 255 255 255 234 119 016 000 000 033 255 255 255 255 255 255 255 240 000 
255 255 255 255 255 255 255 255 255 255 255 255 255 255 246 090 093 255 255 255 255 255 255 255 255 255 092 000 000 000 249 255 255 255 255 255 255 255 255 219 000 000 000 000 000 079 245 255 255 255 255 255 255 255 255 255 255 255 255 242 104 000 118 255 255 255 255 255 255 255 218 000 
255 255 255 255 255 255 255 255 255 255 255 255 255 255 255 255 232 255 255 255 255 255 255 255 255 255 179 143 143 143 253 255 255 255 255 255 255 255 255 255 037 013 057 123 191 253 255 255 255 255 255 255 255 255 255 255 255 255 255 255 255 186 212 255 255 255 255 255 255 255 196 000 
255 255 255 255 255 255 255 255 255 255 255 255 255 255 255 255 255 255 255 255 255 255 255 255 255 255 255 255 255 255 255 255 255 255 255 255 255 255 255 255 240 255 255 255 255 255 255 255 255 255 255 255 255 255 255 255 255 255 255 255 255 255 255 255 255 255 255 255 255 255 239 197 
255 255 255 255 255 255 255 255 255 255 255 255 255 255 255 255 255 255 255 255 255 255 255 255 255 255 255 255 255 255 255 255 255 255 255 255 255 255 255 255 255 255 255 255 255 255 255 255 255 255 255 255 255 255 255 255 255 255 255 255 255 255 255 255 255 255 255 255 255 255 255 255 
255 255 255 255 255 255 255 255 255 255 255 255 255 255 255 255 255 255 255 255 255 255 255 255 255 255 255 255 255 255 255 255 255 255 255 255 255 255 255 255 255 255 255 255 255 255 255 255 255 255 255 255 255 255 255 255 255 255 255 255 255 255 255 255 255 255 255 255 255 255 255 255 
255 255 255 255 255 255 255 255 255 255 255 255 255 255 255 255 255 255 255 255 255 255 255 255 255 255 255 255 255 255 255 255 255 255 255 255 255 255 255 255 255 255 255 255 255 255 255 255 255 255 255 255 255 255 255 255 255 255 255 255 255 255 255 255 255 255 255 255 255 255 255 255 
255 255 255 255 255 255 255 255 255 255 255 255 255 255 255 255 255 255 255 255 255 255 255 255 255 255 255 255 255 255 255 255 255 255 255 255 255 255 255 255 255 255 255 255 255 255 255 255 255 255 255 255 255 255 255 255 255 255 255 255 255 255 255 255 255 255 255 255 255 255 255 255 
255 255 255 255 255 255 255 255 255 255 255 255 255 255 255 255 255 255 255 255 255 255 255 255 255 255 255 255 255 255 255 255 255 255 255 255 255 255 255 255 255 255 255 255 255 255 255 255 255 255 255 255 255 255 255 255 255 255 255 255 255 255 255 255 255 255 255 255 255 255 255 255 
255 255 255 255 255 255 255 255 255 255 255 255 255 255 255 255 255 255 255 255 255 255 255 255 255 255 255 255 255 255 255 255 255 255 255 255 255 255 255 255 255 255 255 255 255 255 255 255 255 255 255 255 255 255 255 255 255 255 255 255 255 255 255 255 255 255 255 255 255 255 255 255 
255 255 255 255 255 255 255 255 255 255 255 255 255 255 255 255 255 255 255 255 255 255 255 255 255 255 255 255 255 255 255 255 255 255 255 255 255 255 255 255 255 255 255 255 255 255 255 255 255 255 255 255 255 255 255 255 255 255 255 255 255 255 255 255 255 255 255 255 255 255 255 255 
255 255 255 255 255 255 255 255 255 255 255 255 255 255 255 255 255 255 255 255 255 255 255 255 255 255 255 255 255 255 255 255 255 255 255 255 255 255 255 255 255 255 255 255 255 255 255 255 255 255 255 255 255 255 255 255 255 255 255 255 255 255 255 255 255 255 255 255 255 255 255 255 
255 255 255 255 255 255 255 255 255 255 255 255 255 255 255 255 255 255 255 255 255 255 255 255 255 255 255 255 255 255 255 255 255 255 255 255 255 255 255 255 255 255 255 255 255 255 255 255 255 255 255 255 255 255 255 255 255 255 255 255 255 255 255 255 255 255 255 255 255 255 255 255 
255 255 255 255 255 255 255 255 255 255 255 255 255 255 255 255 255 255 255 255 255 255 255 255 255 255 255 255 255 255 255 255 255 255 255 255 255 255 255 255 255 255 255 255 255 255 255 255 255 255 255 255 255 255 255 255 255 255 255 255 255 255 255 255 255 255 255 255 255 255 255 255 
255 255 255 255 255 255 255 255 255 255 255 255 255 255 255 255 255 255 255 255 255 255 255 255 255 255 255 255 255 255 255 255 255 255 255 255 255 255 255 255 255 255 255 255 255 255 255 255 255 255 255 255 255 255 255 255 255 255 255 255 255 255 255 255 255 255 255 255 255 255 255 255 
255 255 255 255 255 255 255 255 255 255 255 255 255 255 255 255 255 255 255 255 255 255 255 255 255 255 255 255 255 255 255 255 255 255 255 255 255 255 255 255 255 255 255 255 255 255 255 255 255 255 255 255 255 255 255 255 255 255 255 255 255 255 255 255 255 255 255 255 255 255 255 255 
255 255 255 255 255 255 255 255 255 255 255 255 255 255 255 255 255 255 255 255 255 255 255 255 255 255 255 255 255 255 255 255 255 255 255 255 255 255 255 255 255 255 255 255 255 255 255 255 255 255 255 255 255 255 255 255 255 255 255 255 255 255 255 255 255 255 255 255 255 255 255 255 
255 255 255 255 255 255 255 255 255 255 255 255 255 255 255 255 255 255 255 255 255 255 255 255 255 255 255 255 255 255 255 255 255 255 255 255 255 255 255 255 255 255 255 255 255 255 255 255 255 255 255 255 255 255 255 255 255 255 255 255 255 255 255 255 255 255 255 255 255 255 255 255 
255 255 255 255 255 255 255 255 255 255 255 255 255 255 255 255 255 255 255 255 255 255 255 255 255 255 255 255 255 255 255 255 255 255 255 255 255 255 255 255 255 255 255 255 255 255 255 255 255 255 255 255 255 255 255 255 255 255 255 255 255 255 255 255 255 255 255 255 255 255 255 255 
255 255 255 255 255 255 255 255 255 255 255 255 255 255 255 255 255 255 255 255 255 255 255 255 255 255 255 255 255 255 255 255 255 255 255 255 255 255 255 255 255 255 255 255 255 255 255 255 255 255 255 255 255 255 255 255 255 255 255 255 255 255 255 255 255 255 255 255 255 255 255 255 
255 255 255 255 255 255 255 255 255 255 255 255 255 255 255 255 255 255 255 255 255 255 255 255 255 255 255 255 255 255 255 255 255 255 255 255 255 255 255 255 255 255 255 255 255 255 255 255 255 255 255 255 255 255 255 255 255 255 255 255 255 255 255 255 255 255 255 255 255 255 255 255 
255 255 255 255 255 255 255 255 255 255 255 255 255 255 255 255 255 255 255 255 255 255 255 255 255 255 255 255 255 255 255 255 255 255 255 255 255 255 255 255 255 255 255 255 255 255 255 255 255 255 255 255 255 255 255 255 255 255 255 255 255 255 255 255 255 255 255 255 255 255 255 255 
255 255 255 255 255 255 255 255 255 255 255 255 255 255 255 255 255 255 255 255 255 255 255 255 255 255 255 255 255 255 255 255 255 255 255 255 255 255 255 255 255 255 255 255 255 255 255 255 255 255 255 255 255 255 255 255 255 255 255 255 255 255 255 255 255 255 255 255 255 255 255 255 
255 255 255 255 255 255 255 255 255 255 255 255 255 255 255 255 255 255 255 255 255 255 255 255 255 255 255 255 255 255 255 255 255 255 255 255 255 255 255 255 255 255 255 255 255 255 255 255 255 255 255 255 255 255 255 255 255 255 255 255 255 255 255 255 255 255 255 255 255 255 255 255 
255 255 255 255 255 255 255 255 255 255 255 255 255 255 255 255 255 255 255 255 255 255 255 255 255 255 255 255 255 255 255 255 255 255 255 255 255 255 255 255 255 255 255 255 255 255 255 255 255 255 255 255 255 255 255 255 255 255 255 255 255 255 255 255 255 255 255 255 255 255 255 255 
255 255 255 255 255 255 255 255 255 255 255 255 255 255 255 255 255 255 255 255 255 255 255 255 255 255 255 255 255 255 255 255 255 255 255 255 255 255 255 255 255 255 255 255 255 255 255 255 255 255 255 255 255 255 255 255 255 255 255 255 255 255 255 255 255 255 255 255 255 255 255 255 
255 255 255 255 255 255 255 255 255 255 255 255 255 255 255 255 255 255 255 255 255 255 255 255 255 255 255 255 255 255 255 255 255 255 255 255 255 255 255 255 255 255 255 255 255 255 255 255 255 255 255 255 255 255 255 255 255 255 255 255 255 255 255 255 255 255 255 255 255 255 255 255 
255 255 255 255 255 255 255 255 255 255 255 255 255 255 255 255 255 255 255 255 255 255 255 255 255 255 255 255 255 255 255 255 255 255 255 255 255 255 255 255 255 255 255 255 255 255 255 255 255 255 255 255 255 255 255 255 255 255 255 255 255 255 255 255 255 255 255 255 255 255 255 255 
255 255 255 255 255 255 255 255 255 255 255 255 255 255 255 255 255 255 255 255 255 255 255 255 255 255 255 255 255 255 255 255 255 255 255 255 255 255 255 255 255 255 255 255 255 255 255 255 255 255 255 255 255 255 255 255 255 255 255 255 255 255 255 255 255 255 255 255 255 255 255 255 
255 255 255 255 255 255 255 255 255 255 255 255 255 255 255 255 255 255 255 255 255 255 255 255 255 255 255 255 255 255 255 255 255 255 255 255 255 255 255 255 255 255 255 255 255 255 255 255 255 255 255 255 255 255 255 255 255 255 255 255 255 255 255 255 255 255 255 255 255 255 255 255 
255 255 255 255 255 255 255 255 255 255 255 255 255 255 255 255 255 255 255 255 255 255 255 255 255 255 255 255 255 255 255 255 255 255 255 255 255 255 255 255 255 255 255 255 255 255 255 255 255 255 255 255 255 255 255 255 255 255 255 255 255 255 255 255 255 255 255 255 255 255 255 255 
255 255 255 255 255 255 255 255 255 255 255 255 255 255 255 255 255 255 255 255 255 255 255 255 255 255 255 255 255 255 255 255 255 255 255 255 255 254 195 252 255 255 255 255 255 255 255 255 255 255 255 255 255 255 255 255 255 255 255 255 255 255 255 255 255 255 255 255 255 255 255 255 
255 255 255 255 255 255 255 255 255 255 255 255 255 255 255 255 255 255 255 255 255 255 255 255 255 255 255 255 255 255 255 255 255 255 255 255 255 221 000 019 086 143 216 255 255 255 255 255 255 255 255 255 255 255 255 255 255 255 255 255 255 255 255 255 255 255 255 255 255 255 255 255 
255 255 255 255 255 255 255 255 255 255 255 255 255 255 255 124 091 114 118 119 121 123 125 127 126 125 124 124 123 117 092 129 255 255 255 255 255 175 000 000 000 001 155 255 255 255 255 255 255 255 255 255 255 255 255 255 255 255 255 255 255 255 255 255 255 255 255 255 255 255 255 255 
255 255 255 255 255 255 255 255 255 255 255 255 255 255 255 082 000 000 000 000 000 000 000 000 000 000 000 000 000 000 000 085 255 255 255 255 255 129 000 000 000 096 255 255 255 255 255 255 255 255 255 255 255 255 255 255 255 255 255 255 255 255 255 255 255 255 255 255 255 255 255 255 
255 255 255 255 255 255 255 255 255 255 255 255 255 255 255 091 000 000 000 000 000 000 000 000 000 000 000 000 000 000 000 089 255 255 255 255 255 079 000 000 002 217 255 255 255 255 255 255 255 255 255 255 255 255 255 255 255 255 255 255 255 255 255 255 255 255 255 255 255 255 255 255 
255 255 255 255 255 255 255 255 255 255 255 255 255 255 255 099 000 000 037 122 122 122 122 122 122 122 122 122 044 000 000 091 255 255 255 255 248 012 000 000 085 255 255 255 255 255 255 255 255 255 255 255 255 255 255 255 255 255 255 255 255 255 255 255 255 255 255 255 255 255 255 255 
255 255 255 255 255 255 255 255 255 255 255 255 255 255 255 100 000 000 078 255 255 255 255 255 255 255 255 255 091 000 000 091 255 255 255 255 181 000 000 000 187 255 255 255 255 255 255 255 255 255 255 255 255 255 255 255 255 255 255 255 255 255 255 255 255 255 255 255 255 255 255 255 
255 255 255 255 255 255 255 255 255 255 255 255 255 255 255 101 000 000 078 255 255 255 255 255 255 255 255 255 091 000 000 091 255 255 255 255 102 000 000 028 253 255 255 255 255 255 255 255 255 255 255 255 255 255 255 255 255 255 255 255 255 255 255 255 255 255 255 255 255 255 255 255 
255 255 255 255 255 255 255 255 255 255 255 255 255 255 255 102 000 000 053 171 171 171 171 171 171 171 171 171 061 000 000 091 255 255 255 254 025 000 000 053 137 137 137 137 137 137 137 132 127 122 108 085 236 255 255 255 255 255 255 255 255 255 255 255 255 255 255 255 255 255 255 255 
255 255 255 255 255 255 255 255 255 255 255 255 255 255 255 104 000 000 000 000 000 000 000 000 000 000 000 000 000 000 000 091 255 255 255 200 000 000 000 000 000 000 000 000 000 000 000 000 000 000 000 032 255 255 255 255 255 255 255 255 255 255 255 255 255 255 255 255 255 255 255 255 
255 255 255 255 255 255 255 255 255 255 255 255 255 255 255 103 000 000 000 000 000 000 000 000 000 000 000 000 000 000 000 091 255 255 255 121 000 000 000 000 000 000 000 000 000 000 000 000 000 000 000 100 255 255 255 255 255 255 255 255 255 255 255 255 255 255 255 255 255 255 255 255 
255 255 255 255 255 255 255 255 255 255 255 255 255 255 255 102 000 000 041 134 134 134 134 134 134 134 134 134 048 000 000 091 255 255 254 037 000 000 071 101 101 101 101 101 101 101 101 090 000 000 000 168 255 255 255 255 255 255 255 255 255 255 255 255 255 255 255 255 255 255 255 255 
255 255 255 255 255 255 255 255 255 255 255 255 255 255 255 101 000 000 078 255 255 255 255 255 255 255 255 255 091 000 000 091 255 255 175 000 000 010 240 255 255 255 255 255 255 255 255 164 000 000 001 235 255 255 255 255 255 255 255 255 255 255 255 255 255 255 255 255 255 255 255 255 
255 255 255 255 255 255 255 255 255 255 255 255 255 255 255 100 000 000 078 255 255 255 255 255 255 255 255 255 091 000 000 091 255 255 058 000 000 097 255 255 255 255 255 255 255 255 255 076 000 000 049 255 255 255 255 255 255 255 255 255 255 255 255 255 255 255 255 255 255 255 255 255 
255 255 255 255 255 255 255 255 255 255 255 255 255 255 255 097 000 000 056 181 181 181 181 181 181 181 181 181 065 000 000 091 255 196 000 000 000 200 255 255 255 255 255 255 255 255 238 006 000 000 118 255 255 255 255 255 255 255 255 255 255 255 255 255 255 255 255 255 255 255 255 255 
255 255 255 255 255 255 255 255 255 255 255 255 255 255 255 088 000 000 000 000 000 000 000 000 000 000 000 000 000 000 000 088 254 067 000 000 052 255 255 189 167 203 202 197 255 255 155 000 000 000 186 255 255 255 255 255 255 255 255 255 255 255 255 255 255 255 255 255 255 255 255 255 
255 255 255 255 255 255 255 255 255 255 255 255 255 255 255 080 000 000 000 000 000 000 000 000 000 000 000 000 000 000 000 084 168 000 000 000 175 255 255 118 000 000 000 064 255 255 067 000 000 008 247 255 255 255 255 255 255 255 255 255 255 255 255 255 255 255 255 255 255 255 255 255 
255 255 255 255 255 255 255 255 255 255 255 255 255 255 255 171 161 167 051 000 000 051 180 178 176 175 173 171 168 155 141 170 255 196 054 045 254 255 255 128 000 000 000 178 255 248 050 004 000 067 255 255 255 255 255 255 255 255 255 255 255 255 255 255 255 255 255 255 255 255 255 255 
255 255 255 255 255 255 255 255 255 255 255 255 255 255 255 255 255 196 001 000 013 219 255 255 255 255 255 255 255 255 255 255 255 255 249 211 255 255 255 135 000 000 000 223 255 255 255 246 198 202 255 255 255 255 255 255 255 255 255 255 255 255 255 255 255 255 255 255 255 255 255 255 
255 255 255 255 255 255 255 255 255 255 255 255 255 255 255 255 236 038 000 000 171 255 255 255 255 255 255 255 255 255 255 255 255 249 255 255 255 255 255 127 000 000 007 255 255 255 255 255 255 255 255 255 255 255 255 255 255 255 255 255 255 255 255 255 255 255 255 255 255 255 255 255 
255 255 255 255 255 255 255 255 255 255 255 255 255 255 255 240 051 000 000 010 067 067 067 067 067 067 067 067 062 055 049 036 008 141 255 255 255 255 255 117 000 000 032 255 255 255 255 255 255 255 255 255 255 255 255 255 255 255 255 255 255 255 255 255 255 255 255 255 255 255 255 255 
255 255 255 255 255 255 255 255 255 255 255 255 255 255 244 058 000 000 000 000 000 000 000 000 000 000 000 000 000 000 000 000 000 154 255 255 255 255 255 107 000 000 057 255 255 255 255 255 255 255 255 255 255 255 255 255 255 255 255 255 255 255 255 255 255 255 255 255 255 255 255 255 
255 255 255 255 255 255 255 255 255 255 255 255 255 241 065 000 000 000 000 000 000 000 000 000 000 000 000 000 000 000 000 000 000 168 255 255 255 255 255 098 000 000 047 255 255 255 255 255 255 255 255 255 255 255 255 255 255 255 255 255 255 255 255 255 255 255 255 255 255 255 255 255 
255 255 255 255 255 255 255 255 255 255 255 255 205 035 000 000 012 194 227 227 227 227 204 000 000 059 227 227 227 227 008 000 000 182 255 255 255 255 255 079 000 000 001 231 255 255 255 255 255 255 255 255 255 255 255 255 255 255 255 255 255 255 255 255 255 255 255 255 255 255 255 255 
255 255 255 255 255 255 255 255 255 255 255 248 033 000 000 004 180 255 255 255 255 255 163 000 000 135 255 255 255 250 000 000 000 196 255 255 255 255 255 032 000 000 000 157 255 255 255 255 255 255 255 255 255 255 255 255 255 255 255 255 255 255 255 255 255 255 255 255 255 255 255 255 
255 255 255 255 255 255 255 255 255 255 255 255 211 013 000 085 203 209 210 255 255 255 092 000 002 224 255 255 255 235 000 000 000 209 255 255 255 255 237 000 000 000 000 062 255 255 255 255 255 255 255 255 255 255 255 255 255 255 255 255 255 255 255 255 255 255 255 255 255 255 255 255 
255 255 255 255 255 255 255 255 255 255 255 255 255 137 126 000 000 000 099 255 255 227 007 000 022 240 255 255 255 220 000 000 000 223 255 255 255 255 175 000 000 000 000 000 216 255 255 255 255 255 255 255 255 255 255 255 255 255 255 255 255 255 255 255 255 255 255 255 255 255 255 255 
255 255 255 255 255 255 255 255 255 255 255 255 255 254 255 002 000 000 191 255 255 103 000 000 000 062 247 255 255 204 000 000 000 237 255 255 255 255 107 000 000 026 000 000 116 255 255 255 255 255 255 255 255 255 255 255 255 255 255 255 255 255 255 255 255 255 255 255 255 255 255 255 
255 255 255 255 255 255 255 255 255 255 255 255 255 255 255 004 000 000 201 255 218 005 000 024 000 000 079 251 255 189 000 000 000 250 255 255 255 249 019 000 000 116 025 000 021 247 255 255 255 255 255 255 255 255 255 255 255 255 255 255 222 209 232 255 255 255 255 255 255 255 255 255 
255 255 255 255 255 255 255 255 255 255 255 255 255 255 255 004 000 000 201 241 043 000 000 184 127 000 000 074 245 174 000 000 008 255 255 255 255 170 000 000 000 199 088 000 000 122 255 255 255 255 255 255 255 255 255 255 255 255 156 045 000 000 001 072 193 255 255 255 255 255 255 255 
255 255 255 255 255 255 255 255 255 255 255 255 255 255 255 004 000 000 191 068 000 000 071 255 255 074 000 002 160 158 000 000 022 255 255 255 255 073 000 000 051 255 174 000 000 004 208 255 255 255 255 255 255 255 255 255 255 117 000 003 072 099 052 000 005 176 255 255 255 255 255 255 
255 255 255 255 255 255 255 255 255 255 255 255 255 255 255 004 000 000 153 026 000 018 221 255 255 224 036 188 255 143 000 000 036 255 255 255 194 000 000 000 158 255 248 014 000 000 051 252 255 255 255 255 255 255 255 255 171 000 039 223 255 255 255 184 011 005 227 255 255 255 255 255 
255 255 255 255 255 255 255 255 255 255 255 255 255 255 255 004 000 000 201 232 044 188 255 255 255 255 251 255 255 128 000 000 049 255 255 251 045 000 000 019 247 255 255 099 000 000 000 088 249 255 255 255 255 255 255 255 064 001 217 255 255 255 255 255 157 000 124 255 255 255 255 255 
255 255 255 255 255 255 255 255 255 255 255 255 255 255 255 004 000 000 201 255 249 255 255 255 255 255 255 255 255 112 000 000 063 255 255 132 000 000 000 143 255 255 255 227 011 000 000 000 065 241 255 255 255 255 255 248 000 060 255 255 255 255 255 255 247 009 051 255 255 255 255 255 
255 255 255 255 255 255 255 255 255 255 255 255 255 255 255 004 000 000 054 066 065 064 063 052 071 255 255 255 255 091 000 000 079 255 157 001 000 000 043 251 255 255 255 255 134 000 000 000 000 046 212 255 255 255 255 240 000 079 255 255 255 255 255 255 255 022 042 255 255 255 255 255 
255 255 255 255 255 255 255 255 255 255 255 255 255 255 255 004 000 000 000 000 000 000 000 000 057 255 255 255 225 017 000 000 110 156 002 000 000 000 190 255 255 255 255 255 249 042 000 000 000 000 003 145 255 255 255 254 019 023 249 255 255 255 255 255 223 002 067 255 255 255 255 255 
255 255 255 255 255 255 255 255 255 255 255 255 255 255 253 001 000 000 000 000 000 000 000 000 057 222 057 048 010 000 000 000 130 002 000 000 000 102 255 255 255 255 255 255 255 225 029 000 000 000 016 230 255 255 255 255 119 000 131 255 255 255 255 254 095 000 164 255 255 255 255 255 
255 255 255 255 255 255 255 255 255 255 255 255 255 255 249 143 152 155 157 159 159 159 159 153 167 255 083 000 000 000 000 042 242 104 000 000 061 250 255 255 255 255 255 255 255 255 216 021 000 000 140 255 255 255 255 255 230 029 000 100 208 237 196 082 000 039 250 255 255 255 255 255 
255 255 255 255 255 255 255 255 255 255 255 255 255 255 255 255 255 255 255 255 255 255 255 255 255 255 175 000 000 001 073 224 255 227 002 030 234 255 255 255 255 255 255 255 255 255 255 208 028 028 249 255 255 255 255 255 255 221 034 000 000 000 000 000 051 234 255 255 255 255 255 255 
255 255 255 255 255 255 255 255 255 255 255 255 255 255 255 255 255 255 255 255 255 255 255 255 255 255 244 063 127 219 255 255 255 255 110 224 255 255 255 255 255 255 255 255 255 255 255 255 235 173 255 255 255 255 255 255 255 255 251 170 085 071 095 182 252 255 255 255 255 255 255 255 
255 255 255 255 255 255 255 255 255 255 255 255 255 255 255 255 255 255 255 255 255 255 255 255 255 255 255 255 255 255 255 255 255 255 255 255 255 255 255 255 255 255 255 255 255 255 255 255 255 255 255 255 255 255 255 255 255 255 255 255 255 255 255 255 255 255 255 255 255 255 255 255 
255 255 255 255 255 255 255 255 255 255 255 255 255 255 255 255 255 255 255 255 255 255 255 255 255 255 255 255 255 255 255 255 255 255 255 255 255 255 255 255 255 255 255 255 255 255 255 255 255 255 255 255 255 255 255 255 255 255 255 255 255 255 255 255 255 255 255 255 255 255 255 255 
255 255 255 255 255 255 255 255 255 255 255 255 255 255 255 255 255 255 255 255 255 255 255 255 255 255 255 255 255 255 255 255 255 255 255 255 255 255 255 255 255 255 255 255 255 255 255 255 255 255 255 255 255 255 255 255 255 255 255 255 255 255 255 255 255 255 255 255 255 255 255 255 
255 255 255 255 255 255 255 255 255 255 255 255 255 255 255 255 255 255 255 255 255 255 255 255 255 255 255 255 255 255 255 255 255 255 255 255 255 255 255 255 255 255 255 255 255 255 255 255 255 255 255 255 255 255 255 255 255 255 255 255 255 255 255 255 255 255 255 255 255 255 255 255 
255 255 255 255 255 255 255 255 255 255 255 255 255 255 255 255 255 255 255 255 255 255 255 255 255 255 255 255 255 255 255 255 255 255 255 255 255 255 255 255 255 255 255 255 255 255 255 255 255 255 255 255 255 255 255 255 255 255 255 255 255 255 255 255 255 255 255 255 255 255 255 255 
255 255 255 255 255 255 255 255 255 255 255 255 255 255 255 255 255 255 255 255 255 255 255 255 255 255 255 255 255 255 255 255 255 255 255 255 255 255 255 255 255 255 255 255 255 255 255 255 255 255 255 255 255 255 255 255 255 255 255 255 255 255 255 255 255 255 255 255 255 255 255 255 
255 255 255 255 255 255 255 255 255 255 255 255 255 255 255 255 255 255 255 255 255 255 255 255 255 255 255 255 255 255 255 255 255 255 255 255 255 255 255 255 255 255 255 255 255 255 255 255 255 255 255 255 255 255 255 255 255 255 255 255 255 255 255 255 255 255 255 255 255 255 255 255 
255 255 255 255 255 255 255 255 255 255 255 255 255 255 255 255 255 255 255 255 255 255 255 255 255 255 255 255 255 255 255 255 255 255 255 255 255 255 255 255 255 255 255 255 255 255 255 255 255 255 255 255 255 255 255 255 255 255 255 255 255 255 255 255 255 255 255 255 255 255 255 255 
255 255 255 255 255 255 255 255 255 255 255 255 255 255 255 255 255 255 255 255 255 255 255 255 255 255 255 255 255 255 255 255 255 255 255 255 255 255 255 255 255 255 255 255 255 255 255 255 255 255 255 255 255 255 255 255 255 255 255 255 255 255 255 255 255 255 255 255 255 255 255 255 
255 255 255 255 255 255 255 255 255 255 255 255 255 255 255 255 255 255 255 255 255 255 255 255 255 255 255 255 255 255 255 255 255 255 255 255 255 255 255 255 255 255 255 255 255 255 255 255 255 255 255 255 255 255 255 255 255 255 255 255 255 255 255 255 255 255 255 255 255 255 255 255 
255 255 255 255 255 255 255 255 255 255 255 255 255 255 255 255 255 255 255 255 255 255 255 255 255 255 255 255 255 255 255 255 255 255 255 255 255 255 255 255 255 255 255 255 255 255 255 255 255 255 255 255 255 255 255 255 255 255 255 255 255 255 255 255 255 255 255 255 255 255 255 255 
255 255 255 255 255 255 255 255 255 255 255 255 255 255 255 255 255 255 255 255 255 255 255 255 255 255 255 255 255 255 255 255 255 255 255 255 255 255 255 255 255 255 255 255 255 255 255 255 255 255 255 255 255 255 255 255 255 255 255 255 255 255 255 255 255 255 255 255 255 255 255 255 
255 255 255 255 255 255 255 255 255 255 255 255 255 255 255 255 255 255 255 255 255 255 255 255 255 255 255 255 255 255 255 255 255 255 255 255 255 255 255 255 255 255 255 255 255 255 255 255 255 255 255 255 255 255 255 255 255 255 255 255 255 255 255 255 255 255 255 255 255 255 255 255 
255 255 255 255 255 255 255 255 255 255 255 255 255 255 255 255 255 255 255 255 255 255 255 255 255 255 255 255 255 255 255 255 255 255 255 255 255 255 255 255 255 255 255 255 255 255 255 255 255 255 255 255 255 255 255 255 255 255 255 255 255 255 255 255 255 255 255 255 255 255 255 255 
255 255 255 255 255 255 255 255 255 255 255 255 255 255 255 255 255 255 255 255 255 255 255 255 255 255 255 255 255 255 255 255 255 255 255 255 255 255 255 255 255 255 255 255 255 255 255 255 255 255 255 255 255 255 255 255 255 255 255 255 255 255 255 255 255 255 255 255 255 255 255 255 
255 255 255 255 255 255 255 255 255 255 255 255 255 255 255 255 255 255 255 255 255 255 255 255 255 255 255 255 255 255 255 255 255 255 255 255 255 255 255 255 255 255 255 255 255 255 255 255 255 255 255 255 255 255 255 255 255 255 255 255 255 255 255 255 255 255 255 255 255 255 255 255 
255 255 255 255 255 255 255 255 255 255 255 255 255 255 255 255 255 255 255 255 255 255 255 255 255 255 255 255 255 255 255 255 255 255 255 255 255 255 255 255 255 255 255 255 255 255 255 255 255 255 255 255 255 255 255 255 255 255 255 255 255 255 255 255 255 255 255 255 255 255 255 255 
255 255 255 255 255 255 255 255 255 255 255 255 255 255 255 255 255 255 255 255 255 255 255 255 255 255 255 255 255 255 255 255 255 255 255 255 255 255 255 255 255 255 255 255 255 255 255 255 255 255 255 255 255 255 255 255 255 255 255 255 255 255 255 255 255 255 255 255 255 255 255 255 
255 255 255 255 255 255 255 255 255 255 255 255 255 255 255 255 255 255 255 255 255 255 255 255 255 255 255 255 255 255 255 255 255 255 255 255 255 255 255 255 255 255 255 255 255 255 255 255 255 255 255 255 255 255 255 255 255 255 255 255 255 255 255 255 255 255 255 255 255 255 255 255 
255 255 255 255 255 255 255 255 255 255 255 255 255 255 255 255 255 255 255 255 255 255 255 255 255 255 255 255 255 255 255 255 255 255 255 255 255 255 255 255 255 255 255 255 255 255 255 255 255 255 255 255 255 255 255 255 255 255 255 255 255 255 255 255 255 255 255 255 255 255 255 255 
255 255 255 255 255 255 255 255 255 255 255 255 255 255 255 255 255 255 255 255 255 255 255 255 255 255 255 255 255 255 255 255 255 255 255 255 255 255 255 255 255 255 255 255 255 255 255 255 255 255 255 255 255 255 255 255 255 255 255 255 255 255 255 255 255 255 255 255 255 255 255 255 
255 255 255 255 255 255 255 255 255 255 255 255 255 255 255 255 255 255 255 255 255 255 255 255 255 255 255 255 255 255 255 255 255 255 255 255 255 255 255 255 255 255 255 255 255 255 255 255 255 255 255 255 255 255 255 255 255 255 255 255 255 255 255 255 255 255 255 255 255 255 255 255 
255 255 255 255 255 255 255 255 255 255 255 255 255 255 255 255 255 255 255 255 255 255 255 255 255 255 255 255 255 255 255 255 255 255 255 255 255 255 255 255 255 255 255 255 255 255 255 255 255 255 255 255 255 255 255 255 255 255 255 255 255 255 255 255 255 255 255 255 255 255 255 255 
255 255 255 255 255 255 255 255 255 255 255 255 255 255 255 255 255 255 255 255 255 255 255 255 255 255 255 255 255 255 255 255 255 255 255 255 255 255 255 255 255 255 255 255 255 255 255 255 255 255 255 255 255 255 255 255 255 255 255 255 255 255 255 255 255 255 255 255 255 255 255 255 
255 255 255 255 255 255 255 255 255 255 255 255 255 255 255 255 255 255 255 255 255 255 255 255 255 255 255 255 255 255 255 255 255 255 255 255 255 255 255 255 255 255 255 255 255 255 255 255 255 255 255 255 255 255 255 255 255 255 255 255 255 255 255 255 255 255 255 255 255 255 255 255 
255 255 255 255 255 255 255 255 255 255 255 255 255 255 255 255 255 255 255 255 255 255 255 255 255 255 255 255 255 255 255 255 255 255 255 255 255 255 255 255 255 255 255 255 255 255 255 255 255 255 255 255 255 255 255 255 255 255 255 255 255 255 255 255 255 255 255 255 255 255 255 255 
255 255 255 255 255 255 255 255 255 255 255 255 255 255 255 255 255 255 255 255 255 255 255 255 255 255 255 255 255 255 255 255 255 255 255 255 255 255 255 255 255 255 255 255 255 255 255 255 255 255 255 255 255 255 255 255 255 255 255 255 255 255 255 255 255 255 255 255 255 255 255 255 
255 255 255 255 255 255 255 255 255 255 255 255 255 255 255 255 255 255 255 255 255 255 255 255 255 255 255 255 255 255 255 255 255 255 255 255 255 255 255 255 255 255 255 255 255 255 255 255 255 255 255 255 255 255 255 255 255 255 255 255 255 255 255 255 255 255 255 255 255 255 255 255 
255 255 255 255 255 255 255 255 255 255 255 255 255 255 255 255 255 255 255 255 255 255 255 255 255 255 255 255 255 255 255 255 255 255 255 255 255 255 255 255 255 255 255 255 255 255 255 255 255 255 255 255 255 255 255 255 255 255 255 255 255 255 255 255 255 255 255 255 255 255 255 255 
255 255 255 255 255 255 255 255 255 255 255 255 255 255 255 255 255 255 255 255 251 208 255 255 255 255 255 255 255 255 255 255 255 255 255 255 255 255 255 255 255 255 255 255 255 255 255 255 255 255 255 255 255 255 255 255 255 255 255 255 255 255 255 255 255 255 255 255 255 255 255 255 
255 255 255 255 255 255 255 255 255 255 255 255 255 255 255 255 255 255 255 255 159 006 139 254 255 255 255 255 255 255 255 255 255 255 255 255 255 255 255 255 255 255 255 255 255 255 255 255 255 255 255 255 255 255 255 255 255 255 255 255 255 255 244 243 255 255 255 255 255 255 255 255 
255 255 255 255 255 255 255 255 255 255 255 255 255 255 255 255 255 255 255 238 025 000 000 041 160 251 247 046 062 079 096 112 117 118 120 121 123 124 126 127 125 123 122 120 119 117 114 098 081 065 049 204 255 255 255 255 255 255 255 255 255 255 144 000 005 021 039 056 061 062 063 065 
255 255 255 255 255 255 255 255 255 255 255 255 255 255 255 255 255 255 255 094 000 000 000 000 064 228 245 000 000 000 000 000 000 000 000 000 000 000 000 000 000 000 000 000 000 000 000 000 000 000 000 194 255 255 255 255 255 255 255 255 255 255 162 000 000 000 000 000 000 000 000 000 
255 255 255 255 255 255 255 255 255 255 255 255 255 255 255 255 255 255 173 000 000 000 007 162 255 255 245 000 000 000 000 000 000 000 000 000 000 000 000 000 000 000 000 000 000 000 000 000 000 000 000 194 255 255 255 255 255 255 255 255 255 255 179 000 000 000 000 000 000 000 000 000 
255 255 255 255 255 255 255 255 255 255 255 255 255 255 255 255 255 193 008 000 000 000 163 255 255 255 248 065 083 101 118 126 130 134 138 142 019 000 000 000 108 143 141 139 138 136 134 122 104 086 069 208 255 255 255 255 255 255 255 255 255 255 196 000 000 000 065 122 122 122 122 122 
255 255 255 255 255 255 255 255 255 255 255 255 255 255 255 255 207 015 000 000 000 129 255 255 255 255 255 255 255 255 255 255 255 255 255 247 004 000 000 014 247 255 255 255 255 255 255 255 255 255 255 255 255 255 255 255 255 255 255 255 255 255 211 000 000 000 136 255 255 255 255 255 
255 255 255 255 255 255 255 255 255 255 255 255 255 255 255 219 023 000 000 000 096 255 255 255 255 255 255 255 255 255 255 255 255 255 255 202 000 000 000 093 255 255 255 255 255 255 255 255 255 255 255 255 255 255 255 255 255 255 255 255 255 255 214 000 000 000 136 255 255 255 255 255 
255 255 255 255 255 255 255 255 255 255 255 255 255 255 198 026 000 000 000 067 250 255 255 255 255 255 255 255 255 255 255 255 255 255 255 147 000 000 000 171 255 255 255 255 255 255 255 255 255 255 255 255 255 255 255 255 255 255 255 255 255 255 216 000 000 000 136 255 255 255 255 255 
255 255 255 255 255 255 255 255 255 255 255 255 255 152 006 000 000 000 059 241 255 255 255 255 255 255 255 255 255 255 255 255 255 255 255 084 000 000 001 236 255 255 255 255 255 255 255 255 255 255 255 255 255 255 255 255 255 255 255 255 255 255 218 000 000 000 136 255 255 255 255 255 
255 255 255 255 255 255 255 255 255 255 255 255 245 121 006 000 000 070 245 255 255 255 255 255 255 255 255 255 180 129 140 148 152 156 160 021 000 000 023 162 161 160 159 158 157 151 140 129 183 255 255 255 255 255 255 255 255 255 255 255 255 255 220 000 000 000 021 039 039 039 039 039 
255 255 255 255 255 255 255 255 255 255 255 255 255 255 206 030 082 249 255 255 255 255 252 255 255 255 255 255 136 000 000 000 000 000 000 000 000 000 000 000 000 000 000 000 000 000 000 000 138 255 255 255 255 255 255 255 255 255 255 255 255 255 223 000 000 000 000 000 000 000 000 000 
255 255 255 255 255 255 255 255 255 255 255 255 255 255 255 228 252 255 255 255 255 162 082 248 255 255 255 255 154 000 000 000 000 000 000 000 000 000 000 000 000 000 000 000 000 000 000 000 156 255 255 255 255 255 255 255 255 255 255 255 255 255 221 000 000 000 000 000 000 000 000 000 
255 255 255 255 255 255 255 255 255 255 255 255 255 255 255 255 255 255 255 255 230 022 000 060 220 255 255 255 155 000 000 000 086 086 086 086 086 086 086 086 086 086 086 086 059 000 000 000 159 255 255 255 255 255 255 255 255 255 255 255 255 255 218 000 000 000 094 176 176 176 176 176 
255 255 255 255 255 255 255 255 255 255 255 255 255 255 255 255 255 255 255 251 061 000 000 000 009 178 255 255 157 000 000 001 255 255 255 255 255 255 255 255 255 255 255 255 173 000 000 000 162 255 255 255 255 255 255 255 255 255 255 255 255 255 214 000 000 000 136 255 255 255 255 255 
255 255 255 255 255 255 255 255 255 255 255 255 255 255 255 255 255 255 255 116 000 000 000 026 181 253 255 255 159 000 000 001 255 255 255 255 255 255 255 255 255 255 255 255 173 000 000 000 165 255 255 255 255 255 255 255 255 255 255 255 255 255 211 000 000 000 136 255 255 255 255 255 
255 255 255 255 255 255 255 255 255 255 255 255 255 255 255 255 255 255 143 000 000 000 030 227 255 255 255 255 159 000 000 001 255 255 255 255 175 114 146 157 152 239 255 255 173 000 000 000 165 255 255 255 255 255 255 255 255 255 255 255 255 255 208 000 000 000 136 255 255 255 255 255 
255 255 255 255 255 255 255 255 255 255 255 255 255 255 255 255 255 145 000 000 000 023 218 255 255 255 255 255 159 000 000 001 255 255 255 255 141 000 000 000 095 255 255 255 173 000 000 000 165 255 255 255 255 255 255 255 255 255 255 255 255 255 201 000 000 000 136 255 255 255 255 255 
255 255 255 255 255 255 255 255 255 255 255 255 255 255 255 255 148 000 000 000 017 209 255 255 255 255 255 255 159 000 000 001 255 255 255 255 155 000 000 000 161 255 255 255 173 000 000 000 165 255 255 255 255 255 255 255 255 255 255 255 255 255 184 000 000 000 022 041 041 041 041 041 
255 255 255 255 255 255 255 255 255 255 255 255 255 255 255 147 001 000 000 012 200 255 255 255 255 255 255 255 159 000 000 001 255 255 255 255 164 000 000 000 175 255 255 255 173 000 000 000 165 255 255 255 255 255 255 255 255 255 255 255 255 255 168 000 000 000 000 000 000 000 000 000 
255 255 255 255 255 255 255 255 255 255 255 255 255 250 103 000 000 000 011 191 255 255 255 255 255 255 255 255 159 000 000 001 255 255 255 255 159 000 000 000 190 255 255 255 173 000 000 000 165 255 255 255 255 255 255 255 255 255 255 255 255 255 152 000 000 000 000 000 000 000 000 000 
255 255 255 255 255 255 255 255 255 255 255 255 238 059 000 000 000 017 199 255 255 255 255 255 255 255 255 255 159 000 000 001 255 255 255 255 153 000 000 000 204 255 255 255 173 000 000 000 165 255 255 255 255 255 255 255 255 255 255 255 255 255 180 100 116 131 147 154 155 157 158 160 
255 255 255 255 255 255 255 255 255 255 255 255 255 204 056 000 025 211 255 255 255 255 220 120 255 255 255 255 159 000 000 001 255 255 255 255 147 000 000 000 219 255 255 255 173 000 000 000 165 255 255 255 255 255 255 255 255 255 255 255 255 255 255 255 255 255 255 255 255 255 255 255 
255 255 255 255 255 255 255 255 255 255 255 255 255 255 253 122 220 255 255 255 255 255 091 000 117 254 255 255 159 000 000 001 255 255 255 255 141 000 000 000 239 255 255 255 173 000 000 000 165 255 255 255 255 255 255 255 255 255 255 255 255 255 255 255 255 255 255 255 255 255 255 255 
255 255 255 255 255 255 255 255 255 255 255 255 255 255 255 255 255 255 255 255 255 190 001 000 000 060 216 255 159 000 000 001 255 255 255 255 135 000 000 013 255 255 255 255 173 000 000 000 164 255 255 255 255 255 255 255 255 255 255 255 255 255 255 255 255 255 255 255 255 255 255 255 
255 255 255 255 255 255 255 255 255 255 255 255 255 255 255 255 255 255 255 255 242 032 000 000 000 035 166 255 153 000 000 001 255 255 255 255 130 000 000 043 255 255 255 255 173 000 000 000 161 255 255 255 255 255 255 255 255 255 255 255 255 255 255 255 255 255 255 255 255 255 255 255 
255 255 255 255 255 255 255 255 255 255 255 255 255 255 255 255 255 255 255 255 102 000 000 000 059 240 255 255 147 000 000 001 255 255 255 255 099 000 000 073 255 255 255 255 173 000 000 000 157 255 255 255 255 255 255 255 168 079 092 105 119 132 146 159 162 164 165 167 169 170 172 173 
255 255 255 255 255 255 255 255 255 255 255 255 255 255 255 255 255 255 255 179 000 000 000 026 233 255 255 255 139 000 000 001 255 255 255 255 053 000 000 106 255 255 255 255 173 000 000 000 146 255 255 255 255 255 255 255 135 000 000 000 000 000 000 000 000 000 000 000 000 000 000 000 
255 255 255 255 255 255 255 255 255 255 255 255 255 255 255 255 255 255 208 013 000 000 005 197 255 255 255 255 113 000 000 001 255 255 255 228 001 000 000 159 255 255 255 255 173 000 000 000 124 255 255 255 255 255 255 255 135 000 000 000 000 000 000 000 000 000 000 000 000 000 000 000 
255 255 255 255 255 255 255 255 255 255 255 255 255 255 255 255 255 228 027 000 000 000 147 255 255 255 255 255 086 000 000 001 255 255 255 101 000 000 007 239 255 192 254 255 200 082 082 082 154 255 255 255 255 255 255 255 135 000 000 000 002 015 029 041 045 047 048 050 052 053 055 057 
255 255 255 255 255 255 255 255 255 255 255 255 255 255 255 255 242 047 000 000 000 097 255 255 255 255 255 255 235 226 226 227 255 255 175 000 000 000 096 255 168 000 056 206 255 255 255 255 255 255 255 255 255 255 255 255 233 218 231 245 255 255 255 255 255 255 255 255 255 255 255 255 
255 255 255 255 255 255 255 255 255 255 255 255 255 255 255 235 052 000 000 000 075 251 255 255 255 255 255 255 255 255 255 255 255 225 020 000 000 018 234 214 012 000 000 003 108 240 255 255 255 255 255 255 255 255 255 255 255 255 255 255 255 255 255 255 255 255 255 255 255 255 255 255 
255 255 255 255 255 255 255 255 255 255 255 255 255 255 228 041 000 000 000 056 245 255 255 255 255 255 255 255 255 255 255 255 193 022 000 000 000 157 255 228 079 000 000 000 000 023 172 255 255 255 255 255 255 255 255 255 255 255 255 255 255 255 255 255 255 255 255 255 255 255 255 255 
255 255 255 255 255 255 255 255 255 255 255 255 255 217 032 000 000 000 041 237 255 255 255 255 255 255 255 255 255 255 255 147 005 000 000 000 119 255 255 255 255 171 015 000 000 000 000 098 244 255 255 255 255 255 255 255 255 255 255 255 255 255 255 255 255 255 255 255 255 255 255 255 
255 255 255 255 255 255 255 255 255 255 255 255 176 015 000 000 000 027 226 255 255 255 255 255 255 255 255 255 255 186 063 000 000 000 001 140 255 255 255 255 255 255 217 041 000 000 000 000 037 203 255 255 255 255 255 255 255 255 255 255 255 255 255 255 255 255 255 255 255 255 255 255 
255 255 255 255 255 255 255 255 255 255 255 255 201 069 000 000 028 217 255 255 255 255 255 255 255 255 253 178 054 000 000 000 000 003 159 255 255 255 255 255 255 255 255 242 082 000 000 000 000 005 134 254 255 255 255 255 255 255 255 255 255 255 255 255 255 255 255 255 255 255 255 255 
255 255 255 255 255 255 255 255 255 255 255 255 255 255 151 036 222 255 255 255 255 255 255 255 243 103 023 000 000 000 000 000 050 203 255 255 255 255 255 255 255 255 255 255 254 133 002 000 000 000 087 255 255 255 255 255 255 255 255 255 255 255 255 255 255 255 255 255 255 255 255 255 
255 255 255 255 255 255 255 255 255 255 255 255 255 255 255 249 255 255 255 255 255 255 255 255 255 199 015 000 000 000 011 142 252 255 255 255 255 255 255 255 255 255 255 255 255 255 174 007 000 030 239 255 255 255 255 255 255 255 255 255 255 255 255 255 255 255 255 255 255 255 255 255 
255 255 255 255 255 255 255 255 255 255 255 255 255 255 255 255 255 255 255 255 255 255 255 255 255 255 199 009 002 088 225 255 255 255 255 255 255 255 255 255 255 255 255 255 255 255 255 189 015 194 255 255 255 255 255 255 255 255 255 255 255 255 255 255 255 255 255 255 255 255 255 255 
255 255 255 255 255 255 255 255 255 255 255 255 255 255 255 255 255 255 255 255 255 255 255 255 255 255 255 175 212 255 255 255 255 255 255 255 255 255 255 255 255 255 255 255 255 255 255 255 235 255 255 255 255 255 255 255 255 255 255 255 255 255 255 255 255 255 255 255 255 255 255 255 
255 255 255 255 255 255 255 255 255 255 255 255 255 255 255 255 255 255 255 255 255 255 255 255 255 255 255 255 255 255 255 255 255 255 255 255 255 255 255 255 255 255 255 255 255 255 255 255 255 255 255 255 255 255 255 255 255 255 255 255 255 255 255 255 255 255 255 255 255 255 255 255 
255 255 255 255 255 255 255 255 255 255 255 255 255 255 255 255 255 255 255 255 255 255 255 255 255 255 255 255 255 255 255 255 255 255 255 255 255 255 255 255 255 255 255 255 255 255 255 255 255 255 255 255 255 255 255 255 255 255 255 255 255 255 255 255 255 255 255 255 255 255 255 255 
255 255 255 255 255 255 255 255 255 255 255 255 255 255 255 255 255 255 255 255 255 255 255 255 255 255 255 255 255 255 255 255 255 255 255 255 255 255 255 255 255 255 255 255 255 255 255 255 255 255 255 255 255 255 255 255 255 255 255 255 255 255 255 255 255 255 255 255 255 255 255 255 
255 255 255 255 255 255 255 255 255 255 255 255 255 255 255 255 255 255 255 255 255 255 255 255 255 255 255 255 255 255 255 255 255 255 255 255 255 255 255 255 255 255 255 255 255 255 255 255 255 255 255 255 255 255 255 255 255 255 255 255 255 255 255 255 255 255 255 255 255 255 255 255 
255 255 255 255 255 255 255 255 255 255 255 255 255 255 255 255 255 255 255 255 255 255 255 255 255 255 255 255 255 255 255 255 255 255 255 255 255 255 255 255 255 255 255 255 255 255 255 255 255 255 255 255 255 255 255 255 255 255 255 255 255 255 255 255 255 255 255 255 255 255 255 255 
255 255 255 255 255 255 255 255 255 255 255 255 255 255 255 255 255 255 255 255 255 255 255 255 255 255 255 255 255 255 255 255 255 255 255 255 255 255 255 255 255 255 255 255 255 255 255 255 255 255 255 255 255 255 255 255 255 255 255 255 255 255 255 255 255 255 255 255 255 255 255 255 
255 255 255 255 255 255 255 255 255 255 255 255 255 255 255 255 255 255 255 255 255 255 255 255 255 255 255 255 255 255 255 255 255 255 255 255 255 255 255 255 255 255 255 255 255 255 255 255 255 255 255 255 255 255 255 255 255 255 255 255 255 255 255 255 255 255 255 255 255 255 255 255 
255 255 255 255 255 255 255 255 255 255 255 255 255 255 255 255 255 255 255 255 255 255 255 255 255 255 255 255 255 255 255 255 255 255 255 255 255 255 255 255 255 255 255 255 255 255 255 255 255 255 255 255 255 255 255 255 255 255 255 255 255 255 255 255 255 255 255 255 255 255 255 255 
255 255 255 255 255 255 255 255 255 255 255 255 255 255 255 255 255 255 255 255 255 255 255 255 255 255 255 255 255 255 255 255 255 255 255 255 255 255 255 255 255 255 255 255 255 255 255 255 255 255 255 255 255 255 255 255 255 255 255 255 255 255 255 255 255 255 255 255 255 255 255 255 
