255 255 255 255 255 255 255 255 255 255 255 255 255 255 255 255 255 255 255 255 255 255 255 255 255 255 255 255 255 255 255 255 255 255 255 255 255 255 255 255 255 255 255 255 255 255 255 255 255 255 255 255 255 255 255 255 255 255 255 255 255 255 255 255 255 255 255 255 255 255 255 255 
255 255 255 255 255 255 255 255 255 255 255 255 255 255 255 255 255 255 255 255 255 255 255 255 255 255 255 255 255 255 255 255 255 255 255 255 255 255 255 255 255 255 255 255 255 255 255 255 255 255 255 255 255 255 255 255 255 255 255 255 255 255 255 255 255 255 255 255 255 255 255 255 
255 255 255 255 255 255 255 255 255 255 255 255 255 255 255 255 255 255 255 255 255 255 255 255 255 255 255 255 255 255 255 255 255 255 255 255 255 255 255 255 255 255 255 255 255 255 255 255 255 255 255 255 255 255 255 255 255 255 255 255 255 255 255 255 255 255 255 255 255 255 255 255 
255 255 255 255 255 255 255 255 255 255 255 255 255 255 255 255 255 255 255 255 255 255 255 255 255 255 255 255 255 255 255 255 255 255 255 255 255 255 255 255 255 255 255 255 255 255 255 255 255 255 255 255 255 255 255 255 255 255 255 255 255 255 255 255 255 255 255 255 255 255 255 255 
255 255 255 255 255 255 255 255 255 255 255 255 255 255 255 255 255 255 255 255 255 255 255 255 255 255 255 255 255 255 255 255 255 255 255 255 255 255 255 255 255 255 255 255 255 255 255 255 255 255 255 255 255 255 255 255 255 255 255 255 255 255 255 255 255 255 255 255 255 255 255 255 
255 255 255 255 255 255 255 255 255 255 255 255 255 255 255 255 255 255 255 255 255 255 255 255 255 255 255 255 255 255 255 255 255 255 255 255 255 255 255 255 255 255 255 255 255 255 255 255 255 255 255 255 255 255 255 255 255 255 255 255 255 255 255 255 255 255 255 255 255 255 255 255 
255 255 255 255 255 255 255 255 255 255 255 255 255 255 255 255 255 255 255 255 255 255 255 255 255 255 255 255 255 255 255 255 255 255 255 255 255 255 255 255 255 255 255 255 255 255 255 255 255 255 255 255 255 255 255 255 255 255 255 255 255 255 255 255 255 255 255 255 255 255 255 255 
255 255 255 255 255 255 255 255 255 255 255 255 255 255 255 255 255 255 255 255 255 255 255 255 255 255 255 255 255 255 255 255 255 255 255 255 255 255 255 255 255 255 255 255 255 255 255 255 255 255 255 255 255 255 255 255 255 255 255 255 255 255 255 255 255 255 255 255 255 255 255 255 
255 255 255 255 255 255 255 255 255 255 255 255 255 255 255 255 255 255 255 255 255 255 255 255 255 255 255 255 255 255 255 255 255 255 255 255 255 255 255 255 255 255 255 255 255 255 255 255 255 255 255 255 255 255 255 255 255 255 255 255 255 255 255 255 255 255 255 255 255 255 255 255 
255 255 255 255 255 255 255 255 255 255 255 255 255 255 255 255 255 255 255 255 255 255 255 255 255 255 255 255 255 255 255 255 255 255 255 255 255 255 255 255 255 255 255 255 255 255 255 255 255 255 255 255 255 255 255 255 255 255 255 255 255 255 255 255 255 255 255 255 255 255 255 255 
255 255 255 255 255 255 255 255 255 255 255 255 255 255 255 255 255 255 255 255 255 255 255 255 255 255 255 255 255 255 255 255 255 255 255 255 255 255 255 255 255 255 255 255 255 255 255 255 255 255 255 255 255 255 255 255 255 255 255 255 255 255 255 255 255 255 255 255 255 255 255 255 
255 255 255 255 255 255 255 255 255 255 255 255 255 255 255 255 255 255 255 255 255 255 255 255 255 255 255 255 255 255 255 255 255 255 255 255 255 255 255 255 255 255 255 255 255 255 255 255 255 255 255 255 255 255 255 255 255 255 255 255 255 255 255 255 255 255 255 255 255 255 255 255 
255 255 255 255 255 255 255 255 255 255 255 255 255 255 255 255 255 255 255 255 255 255 255 255 255 255 255 255 255 255 255 255 255 255 255 255 255 255 255 255 255 255 255 255 255 255 255 255 255 255 255 255 255 255 255 255 255 255 255 255 255 255 255 255 255 255 255 255 255 255 255 255 
255 255 255 255 255 255 255 255 255 255 255 255 255 255 255 255 255 255 255 255 255 255 255 255 255 255 255 255 255 255 255 255 255 255 255 255 255 255 255 255 255 255 255 255 255 255 255 255 255 255 255 255 255 255 255 255 255 255 255 255 255 255 255 255 255 255 255 255 255 255 255 255 
255 255 255 255 255 255 255 255 255 255 255 255 255 255 255 255 255 255 255 255 255 255 255 255 255 255 255 255 255 255 255 255 255 255 255 255 255 255 255 255 255 255 255 255 255 255 255 255 255 255 255 255 255 255 255 255 255 255 255 255 255 255 255 255 255 255 255 255 255 255 255 255 
255 255 255 255 255 255 255 255 255 255 255 255 255 255 255 255 255 255 255 255 255 255 255 255 255 255 255 255 255 255 255 255 255 255 255 255 255 255 255 255 255 255 255 255 255 255 255 255 255 255 255 255 255 255 255 255 255 255 255 255 255 255 255 255 255 255 255 255 255 255 255 255 
255 255 255 255 255 255 255 255 255 255 255 255 255 255 255 255 255 255 255 255 255 255 255 255 255 255 255 255 255 255 255 255 255 255 255 255 255 255 255 255 255 255 255 255 255 255 255 255 255 255 255 255 255 255 255 255 255 255 255 255 255 255 255 255 255 255 255 255 255 255 255 255 
255 255 255 255 255 255 255 255 255 255 255 255 255 255 255 255 255 255 255 255 255 255 255 255 255 255 255 255 255 255 255 255 255 255 255 255 255 255 255 255 255 255 255 255 255 255 255 255 255 255 255 255 255 255 255 255 255 255 255 255 255 255 255 255 255 255 255 255 255 255 255 255 
255 255 255 255 255 255 255 255 255 255 255 255 255 255 255 255 255 255 255 255 255 255 255 255 255 255 255 255 255 255 255 255 255 255 255 255 255 255 255 255 255 255 255 255 255 255 255 255 255 255 255 255 255 255 255 255 255 255 255 255 255 255 255 255 255 215 148 109 255 255 255 255 
255 255 255 255 255 255 255 255 255 255 255 255 255 255 255 255 255 255 255 255 255 255 255 255 255 255 255 255 255 255 255 255 255 255 255 255 255 255 255 255 255 255 255 255 255 255 255 255 255 255 255 255 255 255 255 255 255 255 255 255 255 255 255 120 027 000 000 000 215 255 255 255 
255 255 255 255 255 255 255 255 255 255 255 255 255 255 255 255 255 255 255 255 255 255 255 255 255 255 255 255 255 255 255 255 255 255 255 255 255 255 255 255 255 255 255 255 255 255 255 255 255 255 255 255 255 255 255 255 255 255 255 255 255 255 255 154 000 000 000 000 125 255 255 255 
255 255 255 255 255 255 255 255 255 255 255 255 255 255 255 255 255 255 255 255 255 255 255 255 255 255 255 255 255 255 255 255 255 255 255 255 255 255 255 255 255 255 255 255 255 255 255 255 255 255 255 255 255 255 255 255 255 255 255 255 255 255 255 251 037 000 000 000 023 249 255 255 
255 255 255 203 103 138 152 164 177 189 193 193 194 195 195 195 195 195 195 195 195 195 195 195 195 195 195 195 195 195 195 194 189 186 182 178 174 164 137 110 096 255 255 255 255 255 255 255 255 255 255 255 255 255 255 255 255 255 255 255 255 255 255 255 135 000 000 000 000 162 255 255 
255 255 255 179 000 000 000 000 000 000 000 000 000 000 000 000 000 000 000 000 000 000 000 000 000 000 000 000 000 000 000 000 000 000 000 000 000 000 000 000 017 255 255 255 255 255 255 255 255 255 255 255 255 255 255 255 255 255 255 255 255 255 255 255 223 000 007 064 128 208 255 255 
255 255 255 179 000 000 000 000 000 000 000 000 000 000 000 000 000 000 000 000 000 000 000 000 000 000 000 000 000 000 000 000 000 000 000 000 000 000 000 000 017 255 255 255 255 255 255 168 171 184 196 209 222 235 247 249 251 252 254 255 255 255 255 255 255 200 247 255 255 255 255 255 
255 255 255 179 000 000 000 000 000 000 000 000 000 000 000 000 000 000 000 000 000 000 000 000 000 000 000 000 000 000 000 000 000 000 000 000 000 000 000 000 017 255 255 255 255 255 255 024 000 000 000 000 000 000 000 000 000 000 000 000 001 002 004 005 007 009 008 006 005 003 002 000 
255 255 255 227 175 200 225 234 235 237 239 240 242 243 243 243 243 243 243 243 243 243 243 243 243 243 243 243 243 243 233 000 000 000 065 227 219 211 200 177 161 255 255 255 255 255 255 024 000 000 000 000 000 000 000 000 000 000 000 000 000 000 000 000 000 000 000 000 000 000 000 000 
255 255 255 255 255 255 255 255 255 255 255 255 255 255 255 255 255 255 255 255 255 255 255 255 255 255 255 255 255 255 244 000 000 000 071 255 255 255 255 255 255 255 255 255 255 255 255 024 000 000 000 000 000 000 000 000 000 000 000 000 000 000 000 000 000 000 000 000 000 000 000 000 
255 255 255 255 255 255 255 255 255 255 255 255 255 255 255 255 255 255 255 255 255 255 255 255 255 255 255 255 255 255 244 000 000 000 071 255 255 255 255 255 255 255 255 255 255 255 255 097 094 109 121 131 140 104 000 000 000 090 184 184 184 184 184 184 184 184 184 184 184 184 184 184 
255 255 255 255 255 255 255 255 255 255 255 255 255 255 255 255 255 255 255 255 255 255 255 255 255 255 255 255 255 255 244 000 000 000 071 255 255 255 255 255 255 255 255 255 255 255 255 255 255 255 255 255 255 179 000 000 000 124 255 255 255 255 255 255 255 255 255 255 255 255 255 255 
255 255 255 255 255 255 255 252 196 216 237 248 251 254 255 255 255 255 255 255 255 252 249 239 214 215 255 255 255 255 244 000 000 000 071 255 255 255 255 255 255 255 255 255 255 255 255 255 255 255 255 255 255 179 000 000 000 124 255 255 255 255 255 255 255 255 255 255 255 255 255 255 
255 255 255 255 255 255 255 253 003 000 000 000 000 000 000 003 006 007 004 001 000 000 000 000 000 100 255 255 255 255 244 000 000 000 071 255 255 255 255 255 255 255 255 255 255 255 255 255 255 255 255 255 255 179 000 000 000 124 255 255 255 255 255 255 255 255 255 255 255 255 255 255 
255 255 255 255 255 255 255 255 021 000 000 000 000 000 000 000 000 000 000 000 000 000 000 000 000 119 255 255 255 255 244 000 000 000 071 255 255 255 255 255 255 255 255 255 255 255 255 255 255 255 255 255 255 179 000 000 000 124 255 255 255 255 255 255 255 255 255 255 255 255 255 255 
255 255 255 255 255 255 255 255 041 000 000 000 000 000 000 000 000 000 000 000 000 000 000 000 000 137 255 255 255 255 244 000 000 000 071 255 255 255 255 255 255 255 255 255 255 255 255 255 255 255 255 255 255 178 000 000 000 124 255 255 255 255 255 255 255 255 255 255 255 255 255 255 
255 255 255 255 255 255 255 255 051 000 000 015 129 129 129 129 129 129 129 129 129 117 000 000 000 147 255 255 255 255 244 000 000 000 071 255 255 255 255 255 255 255 255 255 255 255 255 255 255 255 255 255 255 176 000 000 000 124 255 255 255 255 255 255 255 255 255 255 255 255 255 255 
255 255 255 255 255 255 255 255 056 000 000 029 255 255 255 255 255 255 255 255 255 230 000 000 000 153 255 255 255 255 244 000 000 000 071 255 255 255 255 255 255 255 255 255 255 255 255 255 255 255 255 255 255 175 000 000 000 051 104 104 104 104 104 104 104 104 104 102 100 097 094 092 
255 255 255 255 255 255 255 255 061 000 000 029 255 255 255 255 255 255 255 255 255 230 000 000 000 159 255 255 255 255 244 000 000 000 071 255 255 255 255 255 255 255 255 255 255 255 255 255 255 255 255 255 255 173 000 000 000 000 000 000 000 000 000 000 000 000 000 000 000 000 000 000 
255 255 255 255 255 255 255 255 064 000 000 029 255 255 255 255 255 255 255 255 255 230 000 000 000 163 255 255 255 255 244 000 000 000 071 255 255 255 255 255 255 255 255 255 255 255 255 255 255 255 255 255 255 164 000 000 000 000 000 000 000 000 000 000 000 000 000 000 000 000 000 000 
255 255 255 255 255 255 255 255 064 000 000 029 255 255 255 255 255 255 255 255 255 230 000 000 000 163 255 255 255 255 244 000 000 000 071 255 255 255 255 255 255 255 255 255 255 255 255 255 255 255 255 255 255 153 000 000 005 026 043 048 051 053 056 059 061 064 067 066 063 061 058 055 
255 255 255 255 255 255 255 255 064 000 000 029 255 255 255 255 255 255 255 255 255 230 000 000 000 163 255 255 255 255 244 000 000 000 071 255 255 255 255 255 255 255 255 255 255 255 255 255 255 255 255 255 255 234 219 240 255 255 255 255 255 255 255 255 255 255 255 255 255 255 255 255 
255 255 255 255 255 255 255 255 064 000 000 029 255 255 255 255 255 255 255 255 255 230 000 000 000 163 255 255 255 255 244 000 000 000 071 255 255 255 255 255 255 255 255 255 255 255 255 255 255 255 255 255 255 255 255 255 255 255 255 255 255 255 255 255 255 255 213 132 253 255 255 255 
255 255 255 255 255 255 255 255 064 000 000 029 255 255 255 255 255 255 255 255 255 230 000 000 000 163 255 255 255 255 244 000 000 000 071 255 255 255 255 255 255 255 255 255 255 255 255 255 255 255 255 255 255 255 255 255 255 255 255 255 255 255 255 255 178 056 000 000 153 255 255 255 
255 255 255 255 255 255 255 255 064 000 000 028 239 239 239 239 239 239 239 239 239 216 000 000 000 163 255 255 255 255 244 000 000 000 071 255 255 255 255 255 255 255 255 255 255 255 255 255 255 255 255 255 255 255 255 255 255 215 250 255 255 255 255 255 184 000 000 000 022 241 255 255 
255 255 255 255 255 255 255 255 062 000 000 000 000 000 000 000 000 000 000 000 000 000 000 000 000 162 255 255 255 255 244 000 000 000 071 255 255 255 255 255 255 255 255 255 255 255 255 255 255 255 193 241 255 255 255 255 255 029 003 029 030 049 251 255 255 074 000 000 000 118 255 255 
255 255 255 255 255 255 255 255 056 000 000 000 000 000 000 000 000 000 000 000 000 000 000 000 000 157 255 255 255 255 244 000 000 000 071 255 255 255 255 255 255 255 255 255 255 255 255 255 255 245 001 002 045 104 227 255 255 070 000 000 000 185 255 255 255 190 000 000 000 008 228 255 
255 255 255 255 255 255 255 255 051 000 000 000 000 000 000 000 000 000 000 000 000 000 000 000 000 152 255 255 255 255 244 000 000 000 071 255 255 255 255 255 255 255 255 255 255 255 255 255 255 202 000 000 000 006 241 255 255 077 000 000 000 219 255 255 255 255 048 000 000 000 103 255 
255 255 255 255 255 255 255 255 045 000 000 024 210 210 210 210 210 210 210 210 210 190 000 000 000 141 255 255 255 255 244 000 000 000 071 255 255 255 255 255 255 255 255 255 255 255 255 255 255 154 000 000 000 073 255 255 255 081 000 000 000 219 255 255 255 255 159 000 000 000 010 237 
255 255 255 255 255 255 255 255 037 000 000 029 255 255 255 255 255 255 255 255 255 230 000 000 000 114 255 255 255 255 244 000 000 000 071 255 255 255 255 255 255 255 255 255 255 255 255 255 255 081 000 000 000 154 255 255 255 085 000 000 000 219 255 255 255 255 240 005 009 108 225 255 
255 255 255 255 255 255 255 255 019 000 000 029 255 255 255 255 255 255 255 255 255 230 000 000 000 087 255 255 255 255 244 000 000 000 071 255 255 255 255 255 255 255 255 255 255 255 255 255 247 011 000 000 002 232 255 255 255 085 000 000 000 219 255 255 255 255 255 159 233 255 255 255 
255 255 255 255 255 255 255 254 003 000 000 029 255 255 255 255 255 255 255 255 255 247 172 172 172 195 255 255 255 255 244 000 000 000 071 255 255 255 255 255 255 255 255 255 255 255 255 255 180 000 000 000 058 255 255 255 255 085 000 000 000 219 255 255 255 255 255 255 255 255 255 255 
255 255 255 255 255 255 255 238 000 000 000 029 255 255 255 255 255 255 255 255 255 255 255 255 255 255 255 255 255 255 244 000 000 000 071 255 255 255 255 255 255 255 255 255 255 255 255 255 102 000 000 000 123 255 255 255 255 085 000 000 000 219 255 255 255 255 255 255 255 255 255 255 
255 255 255 255 255 255 255 237 101 101 101 120 255 255 255 255 255 255 255 255 255 255 255 255 255 255 255 255 255 255 244 000 000 000 071 255 255 255 255 255 255 255 255 255 255 255 255 245 021 000 000 000 183 255 255 255 255 085 000 000 000 219 255 255 255 255 255 255 255 255 255 255 
255 255 255 255 255 255 255 255 255 255 255 255 255 255 255 255 255 255 255 255 255 255 255 255 255 255 255 255 255 255 244 000 000 000 071 255 255 255 255 255 255 255 255 255 255 255 255 137 000 000 000 002 241 255 255 255 255 086 000 000 000 214 255 255 255 255 255 255 255 255 255 255 
255 255 255 255 255 255 255 255 255 255 255 255 255 255 255 255 255 255 255 255 255 255 255 255 255 255 255 255 255 255 219 000 000 000 071 255 255 255 255 255 255 255 255 255 255 255 251 041 000 000 000 047 255 255 255 255 255 092 000 000 000 120 254 255 255 255 255 255 255 255 255 249 
255 255 255 255 255 255 255 255 255 255 255 255 255 255 255 255 255 255 255 255 255 255 255 177 143 180 201 218 234 193 074 000 000 000 075 255 255 255 255 255 255 255 255 255 255 255 255 255 224 171 118 146 255 255 255 255 255 120 000 000 000 000 020 046 063 080 092 081 067 053 039 012 
255 255 255 255 255 255 255 255 255 255 255 255 255 255 255 255 255 255 255 255 255 255 255 243 028 000 000 000 000 000 000 000 000 000 094 255 255 255 255 255 255 255 255 255 255 255 255 255 255 255 255 255 255 255 255 255 255 172 000 000 000 000 000 000 000 000 000 000 000 000 000 000 
255 255 255 255 255 255 255 255 255 255 255 255 255 255 255 255 255 255 255 255 255 255 255 255 129 000 000 000 000 000 000 000 000 000 167 255 255 255 255 255 255 255 255 255 255 255 255 255 255 255 255 255 255 255 255 255 255 254 070 000 000 000 000 000 000 000 000 000 000 000 000 000 
255 255 255 255 255 255 255 255 255 255 255 255 255 255 255 255 255 255 255 255 255 255 255 255 229 004 000 000 000 000 000 000 000 077 251 255 255 255 255 255 255 255 255 255 255 255 255 255 255 255 255 255 255 255 255 255 255 255 255 176 102 077 060 043 027 011 013 020 026 033 039 046 
255 255 255 255 255 255 255 255 255 255 255 255 255 255 255 255 255 255 255 255 255 255 255 255 255 043 006 002 012 041 070 099 184 255 255 255 255 255 255 255 255 255 255 255 255 255 255 255 255 255 255 255 255 255 255 255 255 255 255 255 255 255 255 255 255 255 255 255 255 255 255 255 
255 255 255 255 255 255 255 255 255 255 255 255 255 255 255 255 255 255 255 255 255 255 255 255 255 255 255 255 255 255 255 255 255 255 255 255 255 255 255 255 255 255 255 255 255 255 255 255 255 255 255 255 255 255 255 255 255 255 255 255 255 255 255 255 255 255 255 255 255 255 255 255 
255 255 255 255 255 255 255 255 255 255 255 255 255 255 255 255 255 255 255 255 255 255 255 255 255 255 255 255 255 255 255 255 255 255 255 255 255 255 255 255 255 255 255 255 255 255 255 255 255 255 255 255 255 255 255 255 255 255 255 255 255 255 255 255 255 255 255 255 255 255 255 255 
255 255 255 255 255 255 255 255 255 255 255 255 255 255 255 255 255 255 255 255 255 255 255 255 255 255 255 255 255 255 255 255 255 255 255 255 255 255 255 255 255 255 255 255 255 255 255 255 255 255 255 255 255 255 255 255 255 255 255 255 255 255 255 255 255 255 255 255 255 255 255 255 
255 255 255 255 255 255 255 255 255 255 255 255 255 255 255 255 255 255 255 255 255 255 255 255 255 255 255 255 255 255 255 255 255 255 255 255 255 255 255 255 255 255 255 255 255 255 255 255 255 255 255 255 255 255 255 255 255 255 255 255 255 255 255 255 255 255 255 255 255 255 255 255 
255 255 255 255 255 255 255 255 255 255 255 255 255 255 255 255 255 255 255 255 255 255 255 255 255 255 255 255 255 255 255 255 255 255 255 255 255 255 255 255 255 255 255 255 255 255 255 255 255 255 255 255 255 255 255 255 255 255 255 255 255 255 255 255 255 255 255 255 255 255 255 255 
255 255 255 255 255 255 255 255 255 255 255 255 255 255 255 255 255 255 255 255 255 255 255 255 255 255 255 255 255 255 255 255 255 255 255 255 255 255 255 255 255 255 255 255 255 255 255 255 255 255 255 255 255 255 255 255 255 255 255 255 255 255 255 255 255 255 255 255 255 255 255 255 
255 255 255 255 255 255 255 255 255 255 255 255 255 255 255 255 255 255 255 255 255 255 255 255 255 255 255 255 255 255 255 255 255 255 255 255 255 255 255 255 255 255 255 255 255 255 255 255 255 255 255 255 255 255 255 255 255 255 255 255 255 255 255 255 255 255 255 255 255 255 255 255 
255 255 255 255 255 255 255 255 255 255 255 255 255 255 255 255 255 255 255 255 255 255 255 255 255 255 255 255 255 255 255 255 255 255 255 255 255 255 255 255 255 255 255 255 255 255 255 255 255 255 255 255 255 255 255 255 255 255 255 255 255 255 255 255 255 255 255 255 255 255 255 255 
255 255 255 255 255 255 255 255 255 255 255 255 255 255 255 255 255 255 255 255 255 255 255 255 255 255 255 255 255 255 255 255 255 255 255 255 255 255 255 255 255 255 255 255 255 255 255 255 255 255 255 255 255 255 255 255 255 255 255 255 255 255 255 255 255 255 255 255 255 255 255 255 
255 255 255 255 255 255 255 255 255 255 255 255 255 255 255 255 255 255 255 255 255 255 255 255 255 255 255 255 255 255 255 255 255 255 255 255 255 255 255 255 255 255 255 255 255 255 255 255 255 255 255 255 255 255 255 255 255 255 255 255 255 255 255 255 255 255 255 255 255 255 255 255 
255 255 255 255 255 255 255 255 255 255 255 255 255 255 255 255 255 255 255 255 255 255 255 255 255 255 255 255 255 255 255 255 255 255 255 255 255 255 255 255 255 255 255 255 255 255 255 255 255 255 255 255 255 255 255 255 255 255 255 255 255 255 255 255 255 255 255 255 255 255 255 255 
255 255 255 255 255 255 255 255 255 255 255 255 255 255 255 255 255 255 255 255 255 255 255 255 255 255 255 255 255 255 255 255 255 255 255 255 255 255 255 255 255 255 255 255 255 255 255 255 255 255 255 255 255 255 255 255 255 255 255 255 255 255 255 255 255 255 255 255 255 255 255 255 
255 255 255 255 255 255 255 255 255 255 255 255 255 255 255 255 255 255 255 255 255 255 255 255 255 255 255 255 255 255 255 255 255 255 255 255 255 255 255 255 255 255 255 255 255 255 255 255 255 255 255 255 255 255 255 255 255 255 255 255 255 255 255 255 255 255 255 255 255 255 255 255 
255 255 255 255 255 255 255 255 255 255 255 255 255 255 255 255 255 255 255 255 255 255 255 255 255 255 255 255 255 255 255 255 255 255 255 255 255 255 255 255 255 255 255 255 255 255 255 255 255 255 255 255 255 255 255 255 255 255 255 255 255 255 255 255 255 255 255 255 255 255 255 255 
255 255 255 255 255 255 255 255 255 255 255 255 255 255 255 255 255 255 255 255 255 255 255 255 255 255 255 255 255 255 255 255 255 255 255 255 255 255 255 255 255 255 255 255 255 255 255 255 255 255 255 255 255 255 255 255 255 255 255 255 255 255 255 255 255 255 255 255 255 255 255 255 
255 255 255 255 255 255 255 255 255 255 255 255 255 255 255 255 255 255 255 255 255 255 255 255 255 255 255 255 255 255 255 255 255 255 255 255 255 255 255 255 255 255 255 255 255 255 255 255 255 255 255 255 255 255 255 255 255 255 255 255 255 255 255 255 255 255 255 255 255 255 255 255 
255 255 255 255 255 255 255 255 255 255 255 255 255 255 255 255 255 255 255 255 255 255 255 255 255 255 255 255 255 255 255 255 255 255 255 255 255 255 255 255 255 255 255 255 255 255 255 255 255 255 255 255 255 255 255 255 255 255 255 255 255 255 255 255 255 255 255 255 255 255 255 255 
255 255 255 255 255 255 255 255 255 255 255 255 255 255 255 255 255 255 255 255 255 255 255 255 255 255 255 255 255 255 255 255 255 255 255 255 255 255 255 255 255 255 255 255 255 255 255 255 255 255 255 255 255 255 255 255 255 255 255 255 255 255 255 255 255 255 255 255 255 255 255 255 
255 255 255 255 255 255 255 255 255 255 255 255 255 255 255 255 255 255 255 255 255 255 255 255 255 255 255 255 255 255 255 255 255 255 255 255 255 255 255 255 255 255 255 255 255 255 255 255 255 255 255 255 255 255 255 255 255 255 255 255 255 255 255 255 255 255 255 255 255 255 255 255 
255 255 255 255 255 255 255 255 255 255 255 255 255 255 255 255 255 255 255 255 255 255 255 255 255 255 255 255 255 255 255 255 255 255 255 255 255 255 255 255 255 255 255 255 255 255 255 255 255 255 255 255 255 255 255 255 255 255 255 255 255 255 255 255 255 255 255 255 255 255 255 255 
255 255 255 255 255 255 255 255 255 255 255 255 255 255 255 255 255 255 255 255 255 255 255 255 255 255 255 255 255 255 255 255 255 255 255 255 255 255 255 255 255 255 255 255 255 255 255 255 255 255 255 255 255 255 255 255 255 255 255 255 255 255 255 255 255 255 255 255 255 255 255 255 
255 255 255 255 255 255 255 255 255 255 255 255 255 255 255 255 255 255 255 255 255 255 255 255 255 255 255 255 255 255 255 255 255 255 255 255 255 255 255 255 255 255 255 255 255 255 255 255 255 255 255 255 255 255 255 255 255 255 255 255 255 255 255 255 255 255 255 255 255 255 255 255 
255 255 255 255 255 255 255 255 255 255 255 255 255 255 255 255 255 255 255 255 255 255 255 255 255 255 255 255 255 255 255 255 255 255 255 255 255 255 255 255 255 255 255 255 255 255 255 255 255 255 255 255 255 255 255 255 255 255 255 255 255 255 255 255 255 255 255 255 255 255 255 255 
255 255 255 255 255 255 255 255 255 255 255 255 255 255 255 255 255 255 255 255 255 255 255 255 255 255 255 255 255 255 255 255 255 255 255 255 255 255 255 255 255 255 255 255 255 255 255 255 255 255 255 255 255 255 255 255 255 255 255 255 255 255 255 255 255 255 255 255 255 255 255 255 
255 255 255 255 255 255 255 255 255 255 255 255 255 255 255 255 255 255 255 255 255 255 255 255 255 255 255 255 255 255 255 255 255 255 255 255 255 255 255 255 255 255 255 255 255 255 255 255 255 255 255 255 255 255 255 255 255 255 255 255 255 255 255 255 255 255 255 255 255 255 255 255 
255 255 255 255 255 255 255 255 255 255 255 255 255 255 255 255 255 255 255 255 255 255 255 255 255 255 255 255 255 255 255 255 255 255 255 255 255 255 255 255 255 255 255 255 255 255 255 255 255 255 255 255 255 255 255 255 255 255 255 255 255 255 255 255 255 255 255 255 255 255 255 255 
255 255 255 255 255 255 255 255 255 255 255 255 255 255 255 255 255 255 255 255 255 255 255 255 255 255 255 255 255 255 255 255 255 255 255 255 255 255 255 255 255 255 255 255 255 255 255 255 255 255 255 255 255 255 255 255 255 255 255 255 255 255 255 255 255 255 255 255 255 255 255 255 
255 255 255 255 255 255 255 255 255 255 255 255 255 255 255 255 255 255 255 255 255 255 255 255 255 255 255 255 255 255 255 255 255 255 255 255 255 255 255 255 255 255 255 255 255 255 255 255 255 255 255 255 255 255 255 255 255 255 255 255 255 255 255 255 255 255 255 255 255 255 255 255 
255 255 255 255 255 255 255 255 255 255 255 255 255 255 255 255 255 255 255 255 255 255 255 255 255 255 255 255 255 255 255 255 255 255 255 255 255 255 255 255 255 255 255 255 255 255 255 255 255 255 255 255 255 255 255 255 255 255 255 255 255 255 255 255 255 255 255 255 255 255 255 255 
255 255 255 255 255 224 231 245 255 255 255 255 255 255 255 255 255 255 255 255 255 255 255 255 255 255 255 255 255 255 255 255 245 231 224 255 255 255 255 255 255 255 255 255 255 255 255 255 255 255 255 255 255 255 255 255 255 255 255 255 255 255 255 255 255 255 255 255 255 255 255 255 
255 255 255 255 255 037 000 000 004 017 031 041 042 044 046 048 050 052 054 057 056 054 052 050 048 046 044 042 041 031 017 004 000 000 037 255 255 255 255 255 255 255 255 255 255 255 255 255 255 255 255 255 255 255 255 255 255 255 255 255 255 255 255 255 255 255 255 255 255 255 255 255 
255 255 255 255 255 037 000 000 000 000 000 000 000 000 000 000 000 000 000 000 000 000 000 000 000 000 000 000 000 000 000 000 000 000 037 255 255 255 255 255 255 255 255 255 255 255 255 255 255 255 255 255 255 255 255 255 255 255 255 255 255 255 255 255 255 255 255 255 255 255 255 255 
255 255 255 255 255 037 000 000 000 000 005 010 014 018 023 027 031 033 000 000 000 022 034 030 027 023 020 016 013 007 000 000 000 000 037 255 255 255 255 255 255 255 255 255 255 255 255 255 255 255 255 255 255 255 255 255 255 255 255 255 255 255 255 255 255 255 255 255 255 255 255 255 
255 255 255 255 255 198 202 218 233 248 255 255 255 255 255 255 255 235 000 000 000 158 255 255 255 255 255 255 255 255 249 233 218 203 198 255 255 255 255 255 255 255 255 255 255 255 255 255 255 255 255 255 255 255 255 255 255 255 255 255 255 255 255 255 255 255 255 255 255 255 255 255 
255 255 255 255 255 255 255 255 255 255 255 255 255 255 255 255 255 235 000 000 000 158 255 255 255 255 255 255 255 255 255 255 255 255 255 255 255 255 255 255 255 255 255 255 255 255 255 255 255 255 255 255 255 255 255 255 255 255 255 255 255 255 255 255 255 255 255 255 255 255 255 255 
255 170 128 145 161 178 193 195 197 198 199 201 202 204 205 206 208 193 000 000 000 130 208 207 205 204 203 201 200 198 197 196 194 181 164 148 131 147 255 255 255 255 255 255 255 255 255 255 255 255 255 255 255 255 255 255 255 255 255 255 255 255 255 255 255 255 255 255 255 255 255 255 
255 098 000 000 000 000 000 000 000 000 000 000 000 000 000 000 000 000 000 000 000 000 000 000 000 000 000 000 000 000 000 000 000 000 000 000 000 055 255 255 255 255 255 255 255 255 255 255 255 255 255 255 255 255 255 255 255 255 255 255 255 255 255 255 255 255 255 255 255 255 255 255 
255 098 000 000 000 000 000 000 000 000 000 000 000 000 000 000 000 000 000 000 000 000 000 000 000 000 000 000 000 000 000 000 000 000 000 000 000 055 255 255 255 255 255 255 255 255 255 255 255 255 255 255 255 255 255 255 255 255 255 255 255 255 255 255 255 255 255 255 255 255 255 255 
255 098 000 000 103 173 173 173 173 173 173 173 173 173 173 173 173 160 000 000 000 108 173 173 173 173 173 173 173 173 173 173 173 173 110 000 000 055 255 255 255 255 255 255 255 255 255 255 255 255 255 255 255 255 255 255 255 255 255 255 255 255 255 255 255 255 255 255 255 255 255 255 
255 098 000 000 152 255 255 255 255 255 255 255 255 255 255 255 255 235 000 000 000 158 255 255 255 255 255 255 255 255 255 255 255 255 161 000 000 055 255 255 255 255 255 255 255 255 255 255 255 255 255 255 255 255 255 255 255 255 255 255 255 255 255 255 255 255 255 255 255 255 255 255 
255 098 000 000 152 255 245 191 201 210 220 228 219 209 198 201 255 235 000 000 000 158 255 240 168 175 182 190 194 186 178 170 223 255 161 000 000 055 255 255 255 255 255 255 255 255 255 255 255 255 255 255 255 255 255 255 255 255 255 255 255 255 255 255 255 255 255 255 255 255 255 255 
255 098 000 000 152 255 218 000 000 000 000 000 000 000 000 045 255 235 000 000 000 158 255 211 000 000 000 000 000 000 000 000 164 255 161 000 000 055 255 255 255 255 255 255 255 255 255 255 255 255 255 255 255 255 255 255 255 255 255 255 255 255 255 255 255 255 255 255 255 255 255 255 
255 098 000 000 152 255 218 000 006 017 028 036 027 015 003 045 255 234 000 000 000 158 255 212 003 009 015 022 025 019 012 005 165 255 161 000 000 055 255 255 255 255 255 255 255 255 255 255 255 255 255 255 255 255 255 255 255 255 255 255 255 255 255 255 255 255 255 255 255 255 255 255 
255 152 086 086 188 255 254 251 255 255 255 255 255 255 255 250 255 230 000 000 000 157 255 255 255 255 255 255 255 255 255 255 255 255 222 165 165 185 255 255 255 255 255 255 255 255 255 255 255 255 255 255 255 255 255 255 255 255 255 255 255 255 255 255 255 255 255 255 255 255 255 255 
255 255 255 255 255 255 255 255 255 255 255 255 255 255 255 255 255 226 000 000 000 155 255 255 255 255 255 255 255 255 255 255 255 255 255 255 255 255 255 255 255 255 255 255 255 255 255 255 255 255 255 255 255 255 255 255 255 255 255 255 255 255 255 255 255 255 255 255 255 255 255 255 
255 255 255 255 255 225 131 138 145 152 158 155 148 141 134 157 255 221 000 000 000 152 255 195 087 095 103 112 119 114 106 098 090 126 255 255 255 255 255 255 255 255 255 255 255 255 255 255 255 255 255 255 255 255 255 255 255 255 255 255 255 255 255 255 255 255 255 255 255 255 255 255 
255 255 255 255 255 194 000 000 000 000 000 000 000 000 000 056 255 209 000 000 000 142 255 166 000 000 000 000 000 000 000 000 000 061 255 255 255 255 255 255 255 255 255 255 255 255 255 255 255 255 255 255 255 255 255 255 255 255 255 255 255 255 255 255 255 255 255 255 255 255 255 255 
255 255 255 255 255 201 029 036 042 049 055 054 047 040 033 078 255 197 000 000 000 132 255 180 041 048 055 061 067 065 058 051 045 091 255 255 255 255 255 255 255 255 255 255 255 255 255 255 255 255 255 255 255 255 255 255 255 255 255 255 255 255 255 255 255 255 255 255 255 255 255 255 
255 255 255 255 255 255 255 255 255 255 255 255 255 255 255 255 255 245 212 212 212 234 255 255 255 255 255 255 255 255 255 255 255 255 255 255 255 255 255 255 255 255 255 255 255 255 255 255 255 255 255 255 255 255 255 255 255 255 255 255 255 255 255 255 255 255 255 255 255 255 255 255 
255 255 255 255 255 255 255 255 255 255 255 255 255 204 112 124 117 138 255 255 255 210 149 155 155 187 255 255 255 255 255 255 255 255 255 255 255 255 255 255 255 255 255 255 255 255 255 255 255 255 255 255 255 255 255 255 255 255 255 255 255 255 255 255 255 255 255 255 255 255 255 255 
255 255 255 255 255 255 255 255 255 255 255 255 255 202 000 000 000 197 255 255 255 184 000 000 004 207 255 255 255 255 255 255 255 255 255 253 255 255 255 255 255 255 255 255 255 255 255 255 255 255 255 255 255 255 255 255 255 255 255 255 255 255 255 255 255 255 255 255 255 255 255 255 
255 255 202 058 074 090 097 098 098 099 100 100 101 085 000 000 000 243 255 255 255 200 000 000 004 045 045 044 044 043 042 042 041 029 014 001 236 255 255 255 255 255 255 255 255 255 255 255 255 255 255 255 255 255 255 255 255 255 255 255 255 255 255 255 255 255 255 255 255 255 255 255 
255 255 189 000 000 000 000 000 000 000 000 000 000 000 000 000 000 243 255 255 255 205 000 000 000 000 000 000 000 000 000 000 000 000 000 000 236 255 255 255 255 255 255 255 255 255 255 255 255 255 255 255 255 255 255 255 255 255 255 255 255 255 255 255 255 255 255 255 255 255 255 255 
255 255 189 000 003 014 020 021 022 023 023 024 025 023 000 000 000 243 255 255 255 208 000 000 012 103 103 102 102 101 100 100 098 087 072 057 240 255 255 255 255 255 255 255 255 255 255 255 255 255 255 255 255 255 255 255 255 255 255 255 255 255 255 255 255 255 255 255 255 255 255 255 
255 255 251 246 255 255 255 255 255 255 255 255 255 229 000 000 000 243 255 255 255 208 000 000 031 255 255 255 255 255 255 255 255 255 255 255 255 255 255 255 255 255 255 255 255 255 255 255 255 255 255 255 255 255 255 255 255 255 255 255 255 255 255 255 255 255 255 255 255 255 255 255 
255 255 255 255 255 255 255 255 255 255 255 255 255 229 000 000 000 243 255 255 255 208 000 000 031 255 255 255 255 255 255 255 255 255 255 255 255 255 255 255 255 255 255 255 255 255 255 255 255 255 255 255 255 255 255 255 255 255 255 255 255 255 255 255 255 255 255 255 255 255 255 255 
255 255 255 160 134 153 161 162 163 164 164 165 166 150 000 000 000 243 255 255 255 208 000 000 016 132 132 131 130 130 129 128 125 112 100 187 255 255 255 255 255 255 255 255 255 255 255 231 177 174 216 255 255 255 255 255 255 255 255 255 255 255 255 255 255 255 255 255 255 255 255 255 
255 255 255 078 000 000 000 000 000 000 000 000 000 000 000 000 000 243 255 255 255 208 000 000 000 000 000 000 000 000 000 000 000 000 000 148 255 255 255 255 255 255 255 255 255 228 084 004 000 000 000 064 203 255 255 255 255 255 255 255 255 255 255 255 255 255 255 255 255 255 255 255 
255 255 255 078 000 000 000 000 000 000 000 000 000 000 000 000 000 243 255 255 255 208 000 000 000 000 000 000 000 000 000 000 000 000 000 148 255 255 255 255 255 255 255 255 228 036 000 042 126 133 061 000 015 200 255 255 255 255 255 255 255 255 255 255 255 255 255 255 255 255 255 255 
255 255 255 188 178 200 206 206 206 206 206 206 206 185 000 000 000 243 255 255 255 208 000 000 029 239 237 236 234 233 231 230 225 211 197 227 255 255 255 255 255 255 255 255 083 000 120 255 255 255 255 165 003 033 253 255 255 255 255 255 255 255 255 255 255 255 255 255 255 255 255 255 
255 255 255 255 255 255 255 255 255 255 255 255 255 229 000 000 000 243 255 255 255 208 000 000 031 255 255 255 255 255 255 255 255 255 255 255 255 255 255 255 255 255 255 229 004 051 255 255 255 255 255 255 104 000 180 255 255 255 255 255 255 255 255 255 255 255 255 255 255 255 255 255 
255 246 209 227 244 248 249 249 250 250 251 251 252 227 000 000 000 243 255 255 255 208 000 000 031 253 253 253 253 253 253 253 253 252 240 228 217 248 255 255 255 255 255 174 000 138 255 255 255 255 255 255 195 000 118 255 255 255 255 255 255 255 255 255 255 255 255 255 255 255 255 255 
255 210 000 000 000 000 000 000 000 000 000 000 000 000 000 000 000 243 255 255 255 208 000 000 000 000 000 000 000 000 000 000 000 000 000 000 000 212 255 255 255 255 255 171 000 147 255 255 255 255 255 255 206 000 114 255 255 255 255 255 255 255 255 255 255 255 255 255 255 255 255 255 
255 210 000 000 000 000 000 000 000 000 000 000 000 000 000 000 000 243 255 255 255 208 000 000 000 000 000 000 000 000 000 000 000 000 000 000 000 212 255 255 255 255 255 214 000 073 255 255 255 255 255 255 139 000 147 255 255 255 255 255 255 255 255 255 255 255 255 255 255 255 255 255 
255 212 019 036 052 058 059 060 060 061 062 062 063 056 000 000 000 243 255 255 255 208 000 000 007 063 063 063 063 063 063 063 063 062 048 033 018 214 255 255 255 255 255 255 063 001 169 255 255 255 255 222 026 011 239 255 255 255 255 255 255 255 255 255 255 255 255 255 255 255 255 255 
255 255 255 255 255 255 255 255 255 255 255 255 255 217 000 000 000 243 255 255 255 208 000 000 027 255 255 255 255 255 255 255 255 255 255 255 255 255 255 255 255 255 255 255 204 015 003 099 188 198 132 024 000 132 255 255 255 255 255 255 255 255 255 255 255 255 255 255 255 255 255 255 
255 255 255 255 255 255 255 255 255 255 255 255 255 197 000 000 000 243 255 255 255 208 000 000 021 255 255 255 255 255 255 255 255 255 255 255 255 255 255 255 255 255 255 255 255 201 032 000 000 000 000 006 140 255 255 255 255 255 255 255 255 255 255 255 255 255 255 255 255 255 255 255 
255 255 255 255 255 255 255 255 255 255 255 255 255 167 000 000 000 243 255 255 255 208 000 000 002 250 255 255 255 255 255 255 255 255 255 255 255 255 255 255 255 255 255 255 255 255 253 177 114 109 152 238 255 255 255 255 255 255 255 255 255 255 255 255 255 255 255 255 255 255 255 255 
255 255 255 255 255 255 255 255 255 255 255 255 255 247 235 235 235 255 255 255 255 215 034 034 034 227 255 255 255 255 255 255 255 255 255 255 255 255 255 255 255 255 255 255 255 255 255 255 255 255 255 255 255 255 255 255 255 255 255 255 255 255 255 255 255 255 255 255 255 255 255 255 
255 255 255 255 255 255 255 255 255 255 255 255 255 255 255 255 255 255 255 255 255 255 255 255 255 255 255 255 255 255 255 255 255 255 255 255 255 255 255 255 255 255 255 255 255 255 255 255 255 255 255 255 255 255 255 255 255 255 255 255 255 255 255 255 255 255 255 255 255 255 255 255 
255 255 255 255 255 255 255 255 255 255 255 255 255 255 255 255 255 255 255 255 255 255 255 255 255 255 255 255 255 255 255 255 255 255 255 255 255 255 255 255 255 255 255 255 255 255 255 255 255 255 255 255 255 255 255 255 255 255 255 255 255 255 255 255 255 255 255 255 255 255 255 255 
255 255 255 255 255 255 255 255 255 255 255 255 255 255 255 255 255 255 255 255 255 255 255 255 255 255 255 255 255 255 255 255 255 255 255 255 255 255 255 255 255 255 255 255 255 255 255 255 255 255 255 255 255 255 255 255 255 255 255 255 255 255 255 255 255 255 255 255 255 255 255 255 
255 255 255 255 255 255 255 255 255 255 255 255 255 255 255 255 255 255 255 255 255 255 255 255 255 255 255 255 255 255 255 255 255 255 255 255 255 255 255 255 255 255 255 255 255 255 255 255 255 255 255 255 255 255 255 255 255 255 255 255 255 255 255 255 255 255 255 255 255 255 255 255 
255 255 255 255 255 255 255 255 255 255 255 255 255 255 255 255 255 255 255 255 255 255 255 255 255 255 255 255 255 255 255 255 255 255 255 255 255 255 255 255 255 255 255 255 255 255 255 255 255 255 255 255 255 255 255 255 255 255 255 255 255 255 255 255 255 255 255 255 255 255 255 255 
255 255 255 255 255 255 255 255 255 255 255 255 255 255 255 255 255 255 255 255 255 255 255 255 255 255 255 255 255 255 255 255 255 255 255 255 255 255 255 255 255 255 255 255 255 255 255 255 255 255 255 255 255 255 255 255 255 255 255 255 255 255 255 255 255 255 255 255 255 255 255 255 
255 255 255 255 255 255 255 255 255 255 255 255 255 255 255 255 255 255 255 255 255 255 255 255 255 255 255 255 255 255 255 255 255 255 255 255 255 255 255 255 255 255 255 255 255 255 255 255 255 255 255 255 255 255 255 255 255 255 255 255 255 255 255 255 255 255 255 255 255 255 255 255 
255 255 255 255 255 255 255 255 255 255 255 255 255 255 255 255 255 255 255 255 255 255 255 255 255 255 255 255 255 255 255 255 255 255 255 255 255 255 255 255 255 255 255 255 255 255 255 255 255 255 255 255 255 255 255 255 255 255 255 255 255 255 255 255 255 255 255 255 255 255 255 255 
255 255 255 255 255 255 255 255 255 255 255 255 255 255 255 255 255 255 255 255 255 255 255 255 255 255 255 255 255 255 255 255 255 255 255 255 255 255 255 255 255 255 255 255 255 255 255 255 255 255 255 255 255 255 255 255 255 255 255 255 255 255 255 255 255 255 255 255 255 255 255 255 
255 255 255 255 255 255 255 255 255 255 255 255 255 255 255 255 255 255 255 255 255 255 255 255 255 255 255 255 255 255 255 255 255 255 255 255 255 255 255 255 255 255 255 255 255 255 255 255 255 255 255 255 255 255 255 255 255 255 255 255 255 255 255 255 255 255 255 255 255 255 255 255 
255 255 255 255 255 255 255 255 255 255 255 255 255 255 255 255 255 255 255 255 255 255 255 255 255 255 255 255 255 255 255 255 255 255 255 255 255 255 255 255 255 255 255 255 255 255 255 255 255 255 255 255 255 255 255 255 255 255 255 255 255 255 255 255 255 255 255 255 255 255 255 255 
255 255 255 255 255 255 255 255 255 255 255 255 255 255 255 255 255 255 255 255 255 255 255 255 255 255 255 255 255 255 255 255 255 255 255 255 255 255 255 255 255 255 255 255 255 255 255 255 255 255 255 255 255 255 255 255 255 255 255 255 255 255 255 255 255 255 255 255 255 255 255 255 
255 255 255 255 255 255 255 255 255 255 255 255 255 255 255 255 255 255 255 255 255 255 255 255 255 255 255 255 255 255 255 255 255 255 255 255 255 255 255 255 255 255 255 255 255 255 255 255 255 255 255 255 255 255 255 255 255 255 255 255 255 255 255 255 255 255 255 255 255 255 255 255 
255 255 255 255 255 255 255 255 255 255 255 255 255 255 255 255 255 255 255 255 255 255 255 255 255 255 255 255 255 255 255 255 255 255 255 255 255 255 255 255 255 255 255 255 255 255 255 255 255 255 255 255 255 255 255 255 255 255 255 255 255 255 255 255 255 255 255 255 255 255 255 255 
255 255 255 255 255 255 255 255 255 255 255 255 255 255 255 255 255 255 255 255 255 255 255 255 255 255 255 255 255 255 255 255 255 255 255 255 255 255 255 255 255 255 255 255 255 255 255 255 255 255 255 255 255 255 255 255 255 255 255 255 255 255 255 255 255 255 255 255 255 255 255 255 
255 255 255 255 255 255 255 255 255 255 255 255 255 255 255 255 255 255 255 255 255 255 255 255 255 255 255 255 255 255 255 255 255 255 255 255 255 255 255 255 255 255 255 255 255 255 255 255 255 255 255 255 255 255 255 255 255 255 255 255 255 255 255 255 255 255 255 255 255 255 255 255 
255 255 255 255 255 255 255 255 255 255 255 255 255 255 255 255 255 255 255 255 255 255 255 255 255 255 255 255 255 255 255 255 255 255 255 255 255 255 255 255 255 255 255 255 255 255 255 255 255 255 255 255 255 255 255 255 255 255 255 255 255 255 255 255 255 255 255 255 255 255 255 255 
255 255 255 255 255 255 255 255 255 255 255 255 255 255 255 255 255 255 255 255 255 255 255 255 255 255 255 255 255 255 255 255 255 255 255 255 255 255 255 255 255 255 255 255 255 255 255 255 255 255 255 255 255 255 255 255 255 255 255 255 255 255 255 255 255 255 255 255 255 255 255 255 
255 255 255 255 255 255 255 255 255 255 255 255 255 255 255 255 255 255 255 255 255 255 255 255 255 255 255 255 255 255 255 255 255 255 255 255 255 255 255 255 255 255 255 255 255 255 255 255 255 255 255 255 255 255 255 255 255 255 255 255 255 255 255 255 255 255 255 255 255 255 255 255 
255 255 255 255 255 255 255 255 255 255 255 255 255 255 255 255 255 255 255 255 255 255 255 255 255 255 255 255 255 255 255 255 255 255 255 255 255 255 255 255 255 255 255 255 255 255 255 255 255 255 255 255 255 255 255 255 255 255 255 255 255 255 255 255 255 255 255 255 255 255 255 255 
255 255 255 255 255 255 255 255 255 255 255 255 255 255 255 255 255 255 255 255 255 255 255 255 255 255 255 255 255 255 255 255 255 255 255 255 255 255 255 255 255 255 255 255 255 255 255 255 255 255 255 255 255 255 255 255 255 255 255 255 255 255 255 255 255 255 255 255 255 255 255 255 
255 255 255 255 255 255 255 255 255 255 255 255 255 255 255 255 255 255 255 255 255 255 255 255 255 255 255 255 255 255 255 255 255 255 255 255 255 255 255 255 255 255 255 255 255 255 255 255 255 255 255 255 255 255 255 255 255 255 255 255 255 255 255 255 255 255 255 255 255 255 255 255 
255 255 255 255 255 255 255 255 255 255 255 255 255 255 255 255 255 255 255 255 255 255 255 255 255 255 255 255 255 255 255 255 255 255 255 255 255 255 255 255 255 255 255 255 255 255 255 255 255 255 255 255 255 255 255 255 255 255 255 255 255 255 255 255 255 255 255 255 255 255 255 255 
255 255 255 255 255 255 255 255 255 255 255 255 255 255 255 255 255 255 255 255 255 255 255 255 255 255 255 255 255 255 255 255 255 255 255 255 255 255 255 255 255 255 255 255 255 255 255 255 255 255 255 255 255 255 255 255 255 255 255 255 255 255 255 255 255 255 255 255 255 255 255 255 
255 255 255 255 255 255 255 255 255 255 255 255 255 255 255 255 255 255 255 255 255 255 255 255 255 255 255 255 255 255 255 255 255 255 255 255 255 255 255 255 255 255 255 255 255 255 255 255 255 255 255 255 255 255 255 255 255 255 255 255 255 255 255 255 255 255 255 255 255 255 255 255 
255 255 255 255 255 255 255 255 255 255 255 255 255 255 255 255 255 255 255 255 255 255 255 255 255 255 255 255 255 255 255 255 255 255 255 255 255 255 255 255 255 255 255 255 255 255 255 255 255 255 255 255 255 255 255 255 255 255 255 255 255 255 255 255 255 255 255 255 255 255 255 255 
255 255 255 255 255 255 255 255 255 255 255 255 255 255 255 255 255 255 255 255 255 255 255 255 255 255 255 255 255 255 255 255 255 255 255 255 255 255 255 255 255 255 255 255 255 255 255 255 255 255 255 255 255 255 255 255 255 255 255 255 255 255 255 255 255 255 255 255 255 255 255 255 
255 255 255 255 255 255 255 255 255 255 255 255 255 255 255 255 255 255 255 255 255 255 255 255 255 255 255 255 255 255 255 255 255 255 255 255 255 255 255 255 255 255 255 255 255 255 255 255 255 255 255 255 255 255 255 255 255 255 255 255 255 255 255 255 255 255 255 255 255 255 255 255 
255 255 255 255 255 255 255 255 255 255 255 255 255 255 255 255 255 255 255 255 255 255 255 255 255 255 255 255 255 255 255 255 255 255 255 255 255 255 255 255 255 255 255 255 255 255 255 255 255 255 255 255 255 255 255 255 255 255 205 201 231 236 236 255 255 255 255 255 255 255 255 255 
255 255 255 255 255 255 255 255 255 255 255 255 255 255 255 255 255 255 255 255 255 255 255 255 255 255 255 255 255 255 255 255 255 255 255 255 255 255 255 255 255 255 255 255 255 255 255 255 255 255 255 255 255 255 255 255 255 255 101 000 000 000 009 229 255 255 255 255 255 255 255 255 
255 255 255 255 255 255 120 126 144 161 178 195 208 210 213 215 217 219 222 224 226 228 231 233 236 235 235 234 233 233 232 231 229 220 212 204 196 188 180 172 164 145 123 180 255 255 255 255 255 255 255 255 255 255 255 255 255 255 117 000 000 000 126 255 255 255 255 255 255 145 168 203 
255 255 255 255 255 255 016 000 000 000 000 000 000 000 000 000 000 000 000 000 000 000 000 000 000 000 000 000 000 000 000 000 000 000 000 000 000 000 000 000 000 000 000 124 255 255 255 255 255 255 255 255 255 255 255 255 255 255 134 000 000 000 178 255 255 255 255 255 255 070 000 000 
255 255 255 255 255 255 016 000 000 000 000 000 000 000 000 000 000 000 000 000 000 000 000 000 000 000 000 000 000 000 000 000 000 000 000 000 000 000 000 000 000 000 000 124 255 255 255 255 255 255 255 255 255 255 255 255 255 255 150 000 000 000 219 255 255 255 255 255 255 110 000 000 
255 255 255 255 255 255 016 000 000 000 000 000 000 000 000 000 000 000 000 000 000 000 000 000 000 000 000 000 000 000 000 000 000 000 000 000 000 000 000 000 000 000 000 124 255 255 255 255 255 255 255 255 255 255 255 255 255 255 167 000 000 000 228 255 255 255 255 255 255 125 000 000 
255 255 255 255 255 255 169 174 186 198 209 221 226 227 229 230 232 234 218 000 000 000 197 235 235 235 188 000 000 000 216 234 233 232 230 229 228 227 225 217 202 187 173 207 255 255 255 255 255 255 255 255 255 255 255 255 255 255 177 000 000 000 228 255 255 255 255 255 255 132 000 000 
255 255 255 255 255 255 255 255 255 255 255 255 255 255 255 255 255 255 236 000 000 000 213 255 255 255 204 000 000 000 234 255 255 255 255 255 255 255 255 255 255 255 255 255 255 255 255 255 255 255 255 255 255 255 255 255 255 255 180 000 000 000 226 255 255 255 255 255 255 138 000 000 
255 255 255 255 255 255 255 255 255 255 255 255 255 255 255 255 255 255 236 000 000 000 213 255 255 255 204 000 000 000 234 255 255 255 255 255 255 255 255 255 255 255 255 255 255 255 255 255 255 255 255 255 255 255 255 255 255 255 183 000 000 000 224 255 255 255 255 255 255 144 000 000 
255 255 255 255 255 255 255 255 255 255 255 255 255 255 255 255 255 255 236 000 000 000 213 255 255 255 204 000 000 000 234 255 255 255 255 255 255 255 255 255 255 255 255 255 255 255 255 255 255 255 255 255 255 255 255 255 255 255 186 000 000 000 222 255 255 255 255 255 255 149 000 000 
255 255 255 255 255 255 255 255 255 255 255 255 255 255 255 255 255 255 236 000 000 000 213 255 255 255 204 000 000 000 234 255 255 255 255 255 255 255 255 255 255 255 255 255 255 255 255 255 255 255 255 255 255 123 091 118 184 255 189 000 000 000 220 255 255 254 254 255 255 149 000 000 
255 255 255 255 255 255 255 255 255 217 227 242 254 255 255 255 255 255 236 000 000 000 213 255 255 255 204 000 000 000 234 255 255 255 255 255 255 243 228 214 253 255 255 255 255 255 255 255 255 255 255 255 255 065 000 000 106 255 193 000 000 000 218 132 070 017 194 255 255 149 000 000 
255 255 255 255 255 255 255 255 255 036 000 000 002 013 016 019 022 025 026 000 000 000 025 029 029 029 024 000 000 000 026 025 022 019 016 013 003 000 000 004 254 255 255 255 255 255 255 255 255 255 255 255 255 053 000 000 121 255 196 000 000 000 216 063 000 000 143 255 255 149 000 000 
255 255 255 255 255 255 255 255 255 057 000 000 000 000 000 000 000 000 000 000 000 000 000 000 000 000 000 000 000 000 000 000 000 000 000 000 000 000 000 026 255 255 255 255 255 255 255 255 255 255 255 255 255 042 000 000 135 255 199 000 000 000 216 127 000 000 092 255 255 149 000 000 
255 255 255 255 255 255 255 255 255 074 000 000 000 000 000 000 000 000 000 000 000 000 000 000 000 000 000 000 000 000 000 000 000 000 000 000 000 000 000 043 255 255 255 255 255 255 255 255 255 255 255 255 255 019 000 000 151 255 202 000 000 000 228 187 000 000 042 255 255 149 000 000 
255 255 255 255 255 255 255 255 255 080 000 000 024 220 220 220 220 220 199 000 000 000 189 220 220 220 176 000 000 000 202 220 220 220 220 220 045 000 000 047 255 255 255 255 255 255 255 255 255 255 255 255 234 000 000 000 181 255 206 000 000 000 242 229 000 000 002 244 255 149 000 000 
255 255 255 255 255 255 255 255 255 087 000 000 027 255 255 255 255 255 219 000 000 000 232 255 255 255 204 000 000 000 234 255 255 255 255 255 052 000 000 051 255 255 255 255 255 255 255 255 255 255 255 255 192 000 000 000 214 255 203 000 000 002 254 255 016 000 000 196 255 149 000 000 
255 255 255 255 255 255 255 255 255 088 000 000 027 255 255 255 255 255 190 000 000 002 247 255 255 255 204 000 000 000 234 255 255 255 255 255 052 000 000 052 255 255 255 255 255 255 255 255 255 255 255 255 151 000 000 001 246 255 187 000 000 015 255 255 057 000 000 149 255 149 000 000 
255 255 255 255 255 255 255 255 255 088 000 000 027 255 255 255 255 255 135 000 000 041 255 255 255 255 204 000 000 000 234 255 255 255 255 255 052 000 000 052 255 255 255 255 255 255 255 255 255 255 255 255 109 000 000 025 255 255 172 000 000 029 255 255 099 000 000 104 255 149 000 000 
255 255 255 255 255 255 255 255 255 088 000 000 027 255 255 255 255 255 081 000 000 094 255 255 255 255 204 000 000 000 234 255 255 255 255 255 052 000 000 052 255 255 255 255 255 255 255 255 255 255 255 255 063 000 000 058 255 255 156 000 000 044 255 255 141 000 000 059 255 149 000 000 
255 255 255 255 255 255 255 255 255 088 000 000 027 255 255 255 255 248 021 000 000 147 255 255 255 255 204 000 000 000 234 255 255 255 255 255 052 000 000 052 255 255 255 255 255 255 255 255 255 255 255 242 005 000 000 091 255 255 138 000 000 058 255 255 179 000 000 015 255 149 000 000 
255 255 255 255 255 255 255 255 255 088 000 000 027 255 255 255 255 146 000 000 000 211 255 255 255 255 204 000 000 000 234 255 255 255 255 255 052 000 000 052 255 255 255 255 255 255 255 255 255 255 255 173 000 000 000 127 255 255 112 000 000 075 255 255 203 000 000 000 224 149 000 000 
255 255 255 255 255 255 255 255 255 088 000 000 027 255 255 255 247 026 000 000 069 255 255 255 255 255 204 000 000 000 220 255 255 255 255 255 052 000 000 052 255 255 255 255 255 255 255 255 255 255 255 099 000 000 000 178 255 255 086 000 000 109 255 255 227 000 000 003 191 149 000 000 
255 255 255 255 255 255 255 255 255 088 000 000 027 255 255 255 106 000 000 000 188 255 255 255 255 255 204 000 000 000 092 225 229 206 175 255 052 000 000 052 255 255 255 255 255 255 255 255 255 255 246 015 000 000 000 233 255 255 053 000 000 145 255 255 250 126 186 243 255 149 000 000 
