000 000 000 000 000 000 000 000 000 000 000 254 255 255 255 255 255 255 255 255 255 252 023 000 000 034 254 255 255 255 255 255 255 223 025 000 000 006 200 255 255 252 083 000 000 006 166 255 255 255 255 255 255 255 255 255 255 255 255 255 255 255 255 255 255 255 217 000 000 000 229 255 
000 000 000 000 000 000 000 000 000 000 000 254 255 255 255 255 255 255 255 255 255 174 000 000 000 134 255 255 255 255 255 255 234 037 000 000 000 157 255 255 255 255 249 069 000 000 000 075 223 255 255 255 255 255 255 255 255 255 255 255 255 255 255 255 255 255 218 000 000 000 229 255 
068 000 000 000 216 232 226 220 208 185 162 255 255 255 255 255 255 255 255 255 255 065 000 000 009 234 255 255 255 255 255 242 051 000 000 000 131 255 255 255 255 255 255 244 057 000 000 000 010 131 233 255 255 255 255 255 255 255 255 255 255 255 255 255 255 255 219 000 000 000 229 255 
072 000 000 000 232 255 255 255 255 255 255 255 255 255 255 255 255 255 255 255 205 000 000 000 098 255 255 255 255 255 248 067 000 000 000 107 255 255 255 255 255 255 255 255 241 080 000 000 000 000 004 072 163 243 255 255 255 255 255 255 255 240 151 186 205 211 187 000 000 000 194 210 
072 000 000 000 232 255 255 255 255 255 255 255 255 255 255 255 255 255 255 255 087 000 000 000 122 255 255 255 255 233 058 000 000 000 061 019 051 072 077 082 084 079 074 066 037 062 136 003 000 000 000 000 000 007 058 145 255 255 255 255 255 224 000 000 000 000 000 000 000 000 000 000 
072 000 000 000 232 255 255 255 255 255 255 255 255 255 255 255 255 255 255 221 003 000 000 000 122 255 255 255 211 031 000 000 000 111 214 000 000 000 000 000 000 000 000 000 000 055 255 189 027 000 000 000 000 000 001 200 255 255 255 255 255 224 000 000 000 000 000 000 000 000 000 000 
072 000 000 000 232 255 255 255 255 255 255 255 255 255 255 255 255 255 255 090 000 000 000 000 122 255 255 181 013 000 000 000 134 255 215 000 000 000 001 006 007 002 000 000 000 055 255 255 245 127 010 000 000 000 086 255 255 255 255 255 255 224 000 003 023 031 034 000 000 000 026 022 
072 000 000 000 232 255 255 255 255 255 255 255 255 255 255 255 255 255 190 000 000 000 000 000 122 247 117 002 000 000 006 157 255 255 243 199 234 251 255 255 255 255 253 245 216 203 255 255 255 255 227 093 003 000 210 255 255 255 255 255 255 249 219 250 255 255 221 000 000 000 229 255 
072 000 000 000 232 255 255 255 255 255 255 255 255 255 255 255 255 250 041 000 000 000 000 000 122 120 000 000 000 028 201 255 255 255 255 255 255 255 255 255 255 255 255 255 255 255 255 255 255 255 255 255 222 139 255 255 255 255 255 255 255 255 255 255 255 255 221 000 000 000 229 255 
072 000 000 000 232 255 255 255 255 255 255 255 255 255 255 255 255 136 000 000 000 000 000 000 122 255 165 005 055 200 243 255 255 255 255 255 255 255 251 233 220 255 255 255 255 255 255 255 185 128 152 144 179 255 255 255 255 255 255 255 255 255 255 255 255 255 221 000 000 000 229 255 
072 000 000 000 232 255 255 255 255 255 255 255 255 255 255 255 192 005 000 000 043 023 000 000 122 255 255 193 205 000 000 006 010 013 016 014 011 008 001 000 045 255 255 255 255 255 255 255 165 000 000 000 166 255 255 255 255 255 255 255 255 255 255 255 255 255 221 000 000 000 229 255 
072 000 000 000 232 255 255 255 255 255 255 255 255 255 255 255 108 000 000 000 192 027 000 000 122 255 255 255 228 000 000 000 000 000 000 000 000 000 000 000 065 255 210 082 117 115 173 255 200 000 000 001 252 255 255 255 255 255 255 255 255 255 255 255 255 255 221 000 000 000 229 255 
072 000 000 000 232 255 255 255 255 255 255 255 255 255 255 255 255 113 000 096 255 027 000 000 122 255 255 255 241 000 000 000 057 065 065 065 065 033 000 000 075 255 225 000 000 007 214 255 218 000 000 001 255 255 255 255 255 255 255 255 255 255 255 255 255 255 221 000 000 000 229 255 
072 000 000 000 232 255 255 255 255 255 255 255 255 255 255 255 255 254 098 238 255 027 000 000 122 255 255 255 246 000 000 000 221 255 255 255 255 130 000 000 081 255 247 000 000 031 255 255 222 000 000 001 255 255 255 255 255 255 255 255 255 255 255 255 255 255 221 000 000 000 223 176 
072 000 000 000 232 255 255 255 255 255 255 255 255 255 255 255 255 255 255 255 255 027 000 000 122 255 255 255 250 000 000 000 221 255 255 255 255 130 000 000 086 255 252 000 000 033 255 255 227 000 000 001 255 255 255 255 255 255 255 255 255 255 255 255 255 255 221 000 000 000 012 000 
072 000 000 000 232 255 255 255 255 255 255 255 255 255 255 255 255 255 255 255 255 027 000 000 122 255 255 255 250 000 000 000 221 255 255 255 255 130 000 000 086 255 255 003 000 033 255 255 232 000 000 001 255 255 255 255 255 255 255 255 255 255 255 255 242 173 089 000 000 000 000 000 
072 000 000 000 232 255 255 255 255 255 255 255 255 255 255 255 255 255 255 255 255 027 000 000 122 255 255 255 250 000 000 000 063 072 072 072 072 037 000 000 086 255 255 005 000 033 255 255 237 000 000 001 255 255 255 255 255 255 255 255 255 192 125 061 006 000 000 000 000 000 000 015 
072 000 000 000 232 255 255 255 255 255 255 255 255 255 255 255 255 255 255 255 255 027 000 000 122 255 255 255 250 000 000 000 000 000 000 000 000 000 000 000 086 255 255 005 000 033 255 255 237 000 000 001 255 255 255 255 255 255 255 255 255 092 000 000 000 000 000 000 000 000 159 248 
072 000 000 000 232 255 255 255 255 255 255 255 255 255 255 255 255 255 255 255 255 027 000 000 122 255 255 255 250 000 000 000 019 022 022 022 022 011 000 000 086 255 255 005 000 033 255 255 237 000 000 001 255 255 255 255 255 255 255 255 255 216 000 000 000 000 029 000 000 000 229 255 
072 000 000 000 232 255 255 255 255 255 255 255 255 255 255 255 255 255 255 255 255 027 000 000 122 255 255 255 250 000 000 000 221 255 255 255 255 130 000 000 086 255 255 005 000 033 255 255 237 000 000 001 255 255 255 255 255 255 255 255 255 255 038 002 084 191 221 000 000 000 229 255 
072 000 000 000 232 255 255 255 255 255 255 255 255 255 255 255 255 255 255 255 255 027 000 000 122 255 255 255 250 000 000 000 221 255 255 255 255 130 000 000 086 255 255 005 000 033 255 255 237 000 000 001 255 255 255 255 255 255 255 255 255 255 160 212 255 255 221 000 000 000 229 255 
072 000 000 000 232 255 255 255 255 255 255 255 255 255 255 255 255 255 255 255 255 027 000 000 122 255 255 255 250 000 000 000 221 255 255 255 255 130 000 000 086 255 255 002 000 031 255 255 237 000 000 001 255 255 255 255 255 255 255 255 255 255 255 255 255 255 221 000 000 000 229 255 
072 000 000 000 232 255 255 255 255 255 255 255 255 255 255 255 255 255 255 255 255 027 000 000 122 255 255 255 250 000 000 000 169 194 194 194 194 099 000 000 086 255 254 000 000 027 255 255 237 000 000 001 255 255 255 255 255 255 255 255 255 255 255 255 255 255 221 000 000 000 229 255 
072 000 000 000 232 255 255 255 255 255 255 255 255 255 255 255 255 255 255 255 255 027 000 000 122 255 255 255 250 000 000 000 000 000 000 000 000 000 000 000 086 255 247 000 000 021 255 255 237 000 000 001 255 255 255 255 255 255 255 255 255 255 255 255 255 255 221 000 000 000 229 255 
072 000 000 000 232 255 255 255 255 255 255 255 255 255 255 255 255 255 255 255 255 027 000 000 122 255 255 255 250 000 000 000 000 000 000 000 000 000 000 000 086 255 226 000 000 004 255 255 237 000 000 001 255 255 255 255 255 255 255 255 255 255 255 255 255 255 221 000 000 000 229 255 
072 000 000 000 232 255 255 255 255 255 255 255 255 255 255 255 255 255 255 255 255 022 000 000 122 255 255 255 250 000 000 000 145 167 167 167 167 085 000 000 086 255 203 000 000 000 240 255 237 000 000 001 255 255 255 255 255 255 255 255 255 255 255 255 255 255 221 000 000 000 229 255 
067 000 000 000 233 255 255 255 255 255 255 255 255 255 255 255 255 255 255 255 255 016 000 000 122 255 255 255 249 000 000 000 221 255 255 255 255 130 000 000 086 255 229 154 154 154 244 255 237 000 000 001 255 255 255 255 255 255 255 255 255 255 255 255 255 255 221 000 000 000 229 255 
027 000 000 000 235 255 255 255 255 255 255 255 255 255 255 255 255 255 255 255 255 011 000 000 122 255 255 255 241 000 000 000 221 255 255 255 255 130 000 000 086 255 255 255 255 255 255 255 237 000 000 001 255 255 255 255 255 255 255 255 255 255 255 255 255 255 221 000 000 000 229 255 
000 000 000 000 238 255 255 255 255 255 255 255 255 255 255 255 255 255 255 255 255 005 000 000 122 255 255 255 234 000 000 000 221 255 255 255 255 129 000 000 086 255 255 255 255 255 255 255 225 000 000 002 255 255 255 255 255 255 255 255 255 255 255 255 255 255 220 000 000 000 229 255 
000 000 000 013 254 255 255 255 255 255 255 255 255 255 255 255 255 255 255 255 254 001 000 000 122 255 255 255 223 000 000 000 221 255 255 255 250 076 000 000 087 255 255 255 252 254 255 253 125 000 000 003 255 255 255 255 255 255 255 255 255 255 227 150 186 188 103 000 000 000 231 255 
000 000 000 055 255 255 255 255 255 255 255 255 255 255 255 255 255 255 255 255 235 000 000 000 122 255 255 255 197 000 000 000 221 255 229 050 026 000 000 000 098 255 255 255 244 048 017 010 000 000 000 031 255 255 255 255 255 255 255 255 255 255 255 072 000 000 000 000 000 002 243 255 
000 000 000 148 255 255 255 255 255 255 255 255 255 255 255 255 255 255 255 255 211 000 000 000 122 255 255 255 172 000 000 000 221 255 255 093 000 000 000 000 145 255 255 255 255 152 000 000 000 000 000 101 255 255 255 255 255 255 255 255 255 255 255 179 000 000 000 000 000 051 255 255 
000 012 144 254 255 255 255 255 255 255 255 255 255 255 255 255 255 255 255 255 187 000 000 000 122 255 255 255 168 044 044 044 227 255 255 190 000 000 029 117 252 255 255 255 255 238 001 000 000 026 117 251 255 255 255 255 255 255 255 255 255 255 255 252 018 000 000 000 032 205 255 255 
216 253 255 255 255 255 255 255 255 255 255 255 255 255 255 255 255 255 255 255 163 000 000 000 122 255 255 255 255 255 255 255 255 255 255 243 179 221 255 255 255 255 255 255 255 255 117 152 210 255 255 255 255 255 255 255 255 255 255 255 255 255 255 255 119 109 148 204 251 255 255 255 
255 255 255 255 255 255 255 255 255 255 255 255 255 255 255 255 255 255 255 255 241 220 220 220 237 255 255 255 255 255 255 255 255 255 255 255 255 255 255 255 255 255 255 255 255 255 255 255 255 255 255 255 255 255 255 255 255 255 255 255 255 255 255 255 255 255 255 255 255 255 255 255 
255 255 255 255 255 255 255 255 255 255 255 255 255 255 255 255 255 255 255 255 255 255 255 255 255 255 255 255 255 255 255 255 255 255 255 255 255 255 255 255 255 255 255 255 255 255 255 255 255 255 255 255 255 255 255 255 255 255 255 255 255 255 255 255 255 255 255 255 255 255 255 255 
255 255 255 255 255 255 255 255 255 255 255 255 255 255 255 255 255 255 255 255 255 255 255 255 255 255 255 255 255 255 255 255 255 255 255 255 255 255 255 255 255 255 255 255 255 255 255 255 255 255 255 255 255 255 255 255 255 255 255 255 255 255 255 255 255 255 255 255 255 255 255 255 
255 255 255 255 255 255 255 255 255 255 255 255 255 255 255 255 255 255 255 255 255 255 255 255 255 255 255 255 255 255 255 255 255 255 255 255 255 255 255 255 255 255 255 255 255 255 255 255 255 255 255 255 255 255 255 255 255 255 255 255 255 255 255 255 255 255 255 255 255 255 255 255 
255 255 255 255 255 255 255 255 255 255 255 255 255 255 255 255 255 255 255 255 255 255 255 255 255 255 255 255 255 255 255 255 255 255 255 255 255 255 255 255 255 255 255 255 255 255 255 255 255 255 255 255 255 255 255 255 255 255 255 255 255 255 255 255 255 255 255 255 255 255 255 255 
255 255 255 255 255 255 255 255 255 255 255 255 255 255 255 255 255 255 255 255 255 255 255 255 255 255 255 255 255 255 255 255 255 255 255 255 255 255 255 255 255 255 255 255 255 255 255 255 255 255 255 255 255 255 255 255 255 255 255 255 255 255 255 255 255 255 255 255 255 255 255 255 
255 255 255 255 255 255 255 255 255 255 255 255 255 255 255 255 255 255 255 255 255 255 255 255 255 255 255 255 255 255 255 255 255 255 255 255 255 255 255 255 255 255 255 255 255 255 255 255 255 255 255 255 255 255 255 255 255 255 255 255 255 255 255 255 255 255 255 255 255 255 255 255 
255 255 255 255 255 255 255 255 255 255 255 255 255 255 255 255 255 255 255 255 255 255 255 255 255 255 255 255 255 255 255 255 255 255 255 255 255 255 255 255 255 255 255 255 255 255 255 255 255 255 255 255 255 255 255 255 255 255 255 255 255 255 255 255 255 255 255 255 255 255 255 255 
255 255 255 255 255 255 255 255 255 255 255 255 255 255 255 255 255 255 255 255 255 255 255 255 255 255 255 255 255 255 255 255 255 255 255 255 255 255 255 255 255 255 255 255 255 255 255 255 255 255 255 255 255 255 255 255 255 255 255 255 255 255 255 255 255 255 255 255 255 255 255 255 
255 255 255 255 255 255 255 255 255 255 255 255 255 255 255 255 255 255 255 255 255 255 255 255 255 255 255 255 255 255 255 255 255 255 255 255 255 255 255 255 255 255 255 255 255 255 255 255 255 255 255 255 255 255 255 255 255 255 255 255 255 255 255 255 255 255 255 255 255 255 255 255 
255 255 255 255 255 255 255 255 255 255 255 255 255 255 255 255 255 255 255 255 255 255 255 255 255 255 255 255 255 255 255 255 255 255 255 255 255 255 255 255 255 255 255 255 255 255 255 255 255 255 255 255 255 255 255 255 255 255 255 255 255 255 255 255 255 255 255 255 255 255 255 255 
255 255 255 255 255 255 255 255 255 255 255 255 255 255 255 255 255 255 255 255 255 255 255 255 255 255 255 255 255 255 255 255 255 255 255 255 255 255 255 255 255 255 255 255 255 255 255 255 255 255 255 255 255 255 255 255 255 255 255 255 255 255 255 255 255 255 255 255 255 255 255 255 
255 255 255 255 255 255 255 255 255 255 255 255 255 255 255 255 255 255 255 255 255 255 255 255 255 255 255 255 255 255 255 255 255 255 255 255 255 255 255 255 255 255 255 255 255 255 255 255 255 255 255 255 255 255 255 255 255 255 255 255 255 255 255 255 255 255 255 255 255 255 255 255 
255 255 255 255 255 255 255 255 255 255 255 255 255 255 255 255 255 255 255 255 255 255 255 255 255 255 255 255 255 255 255 255 255 255 255 255 255 255 255 255 255 255 255 255 255 255 255 255 255 255 255 255 255 255 255 255 255 255 255 255 255 255 255 255 255 255 255 255 255 255 255 255 
255 255 255 255 255 255 255 255 255 255 255 255 255 255 255 255 255 255 255 255 255 255 255 255 255 255 255 255 255 255 255 255 255 255 255 255 255 255 255 255 255 255 255 255 255 255 255 255 255 255 255 255 255 255 255 255 255 255 255 255 255 255 255 255 255 255 255 255 255 255 255 255 
255 255 255 255 255 255 255 255 255 255 255 255 255 255 255 255 255 255 255 255 255 255 255 255 255 255 255 255 255 255 255 255 255 255 255 255 255 255 255 255 255 255 255 255 255 255 255 255 255 255 255 255 255 255 255 255 255 255 255 255 255 255 255 255 255 255 255 255 255 255 255 255 
255 255 255 255 255 255 255 255 255 255 255 255 255 255 255 255 255 255 255 255 255 255 255 255 255 255 255 255 255 255 255 255 255 255 255 255 255 255 255 255 255 255 255 255 255 255 255 255 255 255 255 255 255 255 255 255 255 255 255 255 255 255 255 255 255 255 255 255 255 255 255 255 
255 255 255 255 255 255 255 255 255 255 255 255 255 255 255 255 255 255 255 255 255 255 255 255 255 255 255 255 255 255 255 255 255 255 255 255 255 255 255 255 255 255 255 255 255 255 255 255 255 255 255 255 255 255 255 255 255 255 255 255 255 255 255 255 255 255 255 255 255 255 255 255 
255 255 255 255 255 255 255 255 255 255 255 255 255 255 255 255 255 255 255 255 255 255 255 255 255 255 255 255 255 255 255 255 255 255 255 255 255 255 255 255 255 255 255 255 255 255 255 255 255 255 255 255 255 255 255 255 255 255 255 255 255 255 255 255 255 255 255 255 255 255 255 255 
255 255 255 255 255 255 255 255 255 255 255 255 255 255 255 255 255 255 255 255 255 255 255 255 255 255 255 255 255 255 255 255 255 255 255 255 255 255 255 255 255 255 255 255 255 255 255 255 255 255 255 255 255 255 255 255 255 255 255 255 255 255 255 255 255 255 255 255 255 255 255 255 
255 255 255 255 255 255 255 255 255 255 255 255 255 255 255 255 255 255 255 255 255 255 255 255 255 255 255 255 255 255 255 255 255 255 255 255 255 255 255 255 255 255 255 255 255 255 255 255 255 255 255 255 255 255 255 255 255 255 255 255 255 255 255 255 255 255 255 255 255 255 255 255 
255 255 255 255 255 255 255 255 255 255 255 255 255 255 255 255 255 255 255 255 255 255 255 255 255 255 255 255 255 255 255 255 255 255 255 255 255 255 255 255 255 255 255 255 255 255 255 255 255 255 255 255 255 255 255 255 255 255 255 255 255 255 255 255 255 255 255 255 255 255 255 255 
255 255 255 255 255 255 255 255 255 255 255 255 255 255 255 255 255 255 255 255 255 255 255 255 255 255 255 255 255 255 255 255 255 255 255 255 255 255 255 255 255 255 255 255 255 255 255 255 255 255 255 255 255 255 255 255 255 255 255 255 255 255 255 255 255 255 255 255 255 255 255 255 
255 255 255 255 255 255 255 255 255 255 255 255 255 255 255 255 255 255 255 255 255 255 255 255 255 255 255 255 255 255 255 255 255 255 255 255 255 255 255 255 255 255 255 255 255 255 255 255 255 255 255 255 255 255 255 255 255 255 255 255 255 255 255 255 255 255 255 255 255 255 255 255 
255 255 255 255 255 255 255 255 255 255 255 255 255 255 255 255 255 255 255 255 255 255 255 255 255 255 255 255 255 255 255 255 255 255 255 255 255 255 255 255 255 255 255 255 255 255 255 255 255 255 255 255 255 255 255 255 255 255 255 255 255 255 255 255 255 255 255 255 255 255 255 255 
255 255 255 255 255 255 255 255 255 255 255 255 255 255 255 255 255 255 255 255 255 255 255 255 255 255 255 255 255 255 255 255 255 255 255 255 255 255 255 255 255 255 255 255 255 255 255 255 255 255 255 255 255 255 255 255 255 255 255 255 255 255 255 255 255 255 255 255 255 255 255 255 
255 255 255 255 255 255 255 255 255 255 255 255 255 255 255 255 255 255 255 255 255 255 255 255 255 255 255 255 255 255 255 255 255 255 255 255 255 255 255 255 255 255 255 255 255 255 255 255 255 255 255 255 255 255 255 255 255 255 255 255 255 255 255 255 255 255 255 255 255 255 255 255 
255 255 255 255 255 255 255 255 255 255 255 255 255 255 255 255 255 255 255 255 255 255 255 255 255 255 255 255 255 255 255 255 255 255 255 255 255 255 255 255 255 255 255 255 255 255 255 255 255 255 255 255 255 255 255 255 255 255 255 255 255 255 255 255 255 255 255 255 255 255 255 255 
255 255 255 255 255 255 255 255 255 255 255 255 255 255 255 255 255 255 255 255 255 255 255 255 255 255 255 255 255 255 255 255 255 255 255 255 255 255 255 255 255 255 255 214 219 249 255 255 255 255 255 255 255 255 255 255 255 255 255 255 255 255 255 255 255 255 255 255 255 255 255 255 
255 255 255 255 255 255 255 255 255 252 139 162 187 197 195 194 246 255 255 255 255 255 255 255 255 255 255 255 255 255 255 255 255 255 255 255 255 255 255 255 255 255 255 103 000 000 000 003 095 255 255 255 255 255 255 255 255 255 255 255 255 255 255 255 255 255 255 255 255 255 255 255 
255 255 255 255 255 255 255 255 255 255 008 000 000 000 000 028 234 255 255 255 255 255 255 255 255 255 255 255 255 255 255 255 255 255 255 255 255 255 255 255 255 255 255 127 000 000 000 053 236 255 255 255 255 255 255 255 255 255 255 255 255 255 255 255 255 255 255 255 255 255 255 255 
255 255 255 255 255 255 255 255 255 255 029 000 000 000 000 153 255 255 255 255 255 255 255 255 255 255 255 255 255 255 255 255 255 255 255 255 255 255 255 255 255 255 255 151 000 000 000 176 255 255 255 255 255 255 255 255 255 255 255 255 255 255 255 255 255 255 255 255 255 255 255 255 
255 255 255 255 255 255 255 255 255 255 050 000 000 000 003 238 255 255 255 255 255 255 255 255 255 255 255 255 255 255 255 255 255 255 255 255 255 255 255 255 255 255 255 157 000 000 000 219 255 255 255 255 255 225 232 250 255 255 255 255 255 255 255 255 255 255 255 255 252 247 225 197 
255 255 255 255 255 255 255 255 255 255 065 000 000 000 028 255 255 255 255 255 255 255 255 255 255 255 255 255 255 255 255 255 255 255 255 255 255 255 255 255 255 255 255 159 000 000 000 220 255 255 255 255 255 055 000 000 009 011 012 014 016 017 019 018 013 009 005 001 000 000 000 000 
255 255 255 255 255 255 255 255 255 255 054 000 000 000 050 255 255 255 255 255 255 255 255 255 255 255 255 255 255 255 255 255 255 255 255 255 255 255 255 255 255 255 255 162 000 000 000 220 255 255 255 255 255 055 000 000 000 000 000 000 000 000 000 000 000 000 000 000 000 000 000 000 
255 255 255 255 255 255 255 255 255 255 040 000 000 000 071 255 255 255 255 255 255 255 255 255 255 255 255 255 255 255 255 255 255 255 255 255 255 255 255 255 255 255 255 162 000 000 000 220 255 255 255 255 255 055 000 000 000 000 000 000 000 000 000 000 000 000 000 000 000 000 000 000 
255 255 255 255 255 255 255 255 255 255 027 000 000 000 093 255 255 255 255 255 255 255 255 255 255 255 255 255 255 255 255 255 255 255 255 255 255 255 255 255 255 255 255 162 000 000 000 220 255 255 255 255 255 109 081 096 107 109 111 112 114 116 117 117 117 117 040 000 000 000 000 005 
255 255 255 255 255 255 255 255 255 255 014 000 000 000 126 255 255 255 255 255 255 255 255 255 255 255 255 255 255 255 255 255 255 255 255 255 255 255 255 255 255 255 255 162 000 000 000 220 255 255 217 198 255 255 255 255 255 255 255 255 255 255 255 255 255 199 005 000 000 000 024 196 
255 255 255 255 255 255 255 255 255 254 002 000 000 000 165 255 255 255 255 255 255 255 255 255 255 255 255 255 255 255 255 255 255 255 255 255 255 227 072 106 139 209 255 162 000 000 000 220 214 088 002 044 254 255 255 255 255 255 255 255 255 255 255 255 239 031 000 000 000 041 228 255 
255 255 255 255 255 255 255 255 255 243 000 000 000 000 195 255 255 255 255 255 255 255 255 255 255 255 255 255 255 255 255 255 255 255 255 255 255 216 000 000 000 140 255 162 000 000 000 220 167 000 000 000 176 255 255 255 255 255 255 255 255 255 255 255 081 000 000 000 031 228 255 255 
255 255 255 255 255 255 255 255 255 220 000 000 000 000 160 255 255 255 255 255 255 255 255 255 255 255 255 255 255 255 255 255 255 255 255 255 255 213 000 000 000 165 255 162 000 000 000 220 253 039 000 000 054 255 255 255 255 255 255 255 255 255 255 147 000 000 000 022 218 255 255 255 
255 255 255 255 255 255 255 255 255 172 000 000 000 000 112 255 255 255 255 255 255 255 255 255 255 255 255 255 255 255 255 255 255 255 255 255 255 199 000 000 000 191 255 162 000 000 000 220 255 131 000 000 000 204 255 255 255 255 255 255 255 255 206 007 000 000 014 206 255 255 255 255 
255 255 255 255 255 255 255 255 255 123 000 000 000 000 061 255 255 255 255 255 255 255 255 255 255 255 255 255 255 255 255 255 255 255 255 255 255 163 000 000 000 217 255 162 000 000 000 220 255 219 000 000 000 106 255 255 255 255 255 255 255 246 039 000 000 003 190 255 255 255 255 255 
255 255 255 255 255 255 255 255 255 074 000 000 000 000 004 237 255 255 255 255 255 255 255 255 255 255 255 255 255 255 255 255 255 255 255 255 255 126 000 000 000 242 255 162 000 000 000 220 255 255 050 000 000 017 247 255 255 255 255 255 255 115 000 000 000 125 255 255 255 255 255 255 
255 255 255 255 255 255 255 255 254 018 000 000 000 000 000 159 255 255 255 255 255 255 255 255 255 255 255 255 255 255 255 255 255 255 255 255 255 089 000 000 013 255 255 162 000 000 000 220 255 255 116 000 008 098 236 255 255 255 255 255 198 002 000 000 056 251 255 255 255 255 255 255 
255 255 255 255 255 255 255 255 204 000 000 000 030 000 000 077 255 255 255 255 255 255 255 255 255 255 255 255 255 255 255 255 255 255 255 255 255 053 000 000 040 255 255 162 000 000 000 220 255 255 185 133 235 255 255 255 255 255 255 247 040 000 000 012 221 255 255 255 255 255 255 255 
255 255 255 255 255 255 255 255 114 000 000 000 160 002 000 008 243 255 255 255 255 255 255 255 255 255 255 255 255 255 255 255 255 255 255 255 255 016 000 000 068 255 255 162 000 000 000 220 255 255 255 255 255 255 255 255 255 255 255 117 000 000 000 147 255 255 255 255 255 255 255 255 
255 255 255 255 255 255 255 253 026 000 000 012 247 042 000 000 169 255 255 255 255 255 255 255 255 255 255 255 255 255 255 255 255 255 255 255 214 000 000 000 096 255 255 162 000 000 000 220 255 255 255 255 255 255 255 255 255 255 200 003 000 000 057 253 255 255 255 255 255 255 255 255 
255 255 255 255 255 255 255 179 000 000 000 088 255 109 000 000 058 255 255 255 255 255 255 255 255 255 255 255 255 255 255 255 255 255 255 255 129 000 000 000 124 255 255 162 000 000 000 220 255 255 255 255 255 255 255 255 255 248 041 000 000 006 213 255 255 255 255 255 255 255 255 255 
255 255 255 255 255 255 254 049 000 000 000 185 255 189 000 000 000 180 255 255 255 255 255 255 255 255 255 255 255 255 255 255 255 255 255 255 100 022 000 000 152 255 255 162 000 000 000 220 255 255 255 255 255 255 255 255 255 119 000 000 000 124 255 255 255 255 255 255 255 255 255 255 
255 255 255 255 255 255 171 000 000 000 053 255 255 251 018 000 000 048 254 255 255 255 255 255 255 255 255 255 255 255 255 255 255 255 255 255 255 255 240 203 230 255 255 162 000 000 000 220 255 255 255 255 255 255 255 255 202 003 000 000 029 245 255 255 255 255 255 255 255 255 255 255 
255 255 255 255 255 253 042 000 000 000 177 255 255 255 093 000 000 000 169 255 255 255 255 255 255 255 255 255 255 255 255 255 255 255 255 255 255 255 255 255 255 255 255 162 000 000 000 220 255 255 255 255 255 255 255 255 059 000 000 000 167 255 255 255 255 255 255 255 255 255 255 255 
255 255 255 255 255 158 000 000 000 047 254 255 255 255 191 000 000 000 035 242 255 255 255 255 255 255 255 255 255 255 255 255 255 255 255 255 255 255 255 255 255 255 255 162 000 000 000 220 255 255 255 255 255 255 255 181 000 000 000 061 255 255 255 255 255 255 255 255 255 255 255 255 
255 255 255 255 211 012 000 000 000 170 255 255 255 255 255 062 000 000 000 079 254 255 255 255 255 255 255 255 255 255 255 255 255 255 255 255 255 255 255 255 255 255 255 162 000 000 000 220 255 255 255 255 255 255 254 049 000 000 002 207 255 255 255 255 255 255 255 255 255 255 255 255 
255 255 255 238 035 000 000 000 041 253 255 255 255 255 255 189 000 000 000 000 129 255 255 255 255 255 255 255 255 255 255 255 255 255 255 255 255 255 255 255 255 255 255 162 000 000 000 220 255 255 255 255 255 255 169 000 000 000 102 255 255 255 255 255 255 255 255 255 255 255 255 255 
255 255 252 070 000 000 000 000 168 255 255 255 255 255 255 255 068 000 000 000 001 178 255 255 255 255 255 255 255 255 255 255 255 255 255 255 255 255 255 255 255 255 255 162 000 000 000 220 255 255 255 255 255 252 039 000 000 006 229 255 255 255 255 255 255 255 255 255 255 255 255 255 
255 255 117 000 000 000 000 095 255 255 255 255 255 255 255 255 229 021 000 000 000 008 171 255 255 255 255 255 255 255 255 255 255 255 255 255 255 255 255 255 255 255 255 162 000 000 000 220 255 255 255 255 255 160 000 000 000 098 255 255 255 255 255 255 255 255 255 255 255 255 255 255 
255 167 000 000 000 000 046 246 255 255 255 255 255 255 255 255 255 184 001 000 000 000 001 131 254 255 255 255 255 255 255 255 255 255 255 255 255 255 255 255 255 255 255 162 000 000 000 220 255 255 255 255 255 066 000 000 001 215 255 255 255 255 255 255 255 255 255 255 255 255 255 255 
151 005 000 000 000 014 218 255 255 255 255 255 255 255 255 255 255 255 127 000 000 000 000 000 075 238 255 255 255 255 255 255 255 255 255 255 255 255 255 255 255 255 255 162 000 000 000 220 255 255 255 255 239 004 000 000 074 255 255 255 255 255 255 255 255 255 255 255 255 255 255 250 
000 000 000 000 000 174 255 255 255 255 255 255 255 255 255 255 255 255 255 107 000 000 000 000 000 023 152 252 255 255 255 255 255 255 255 255 255 255 255 255 255 255 255 162 000 000 000 220 255 255 255 255 166 000 000 000 151 255 255 255 255 255 255 255 255 255 255 255 255 255 255 196 
000 000 000 000 117 255 255 255 255 255 255 255 255 255 255 255 255 255 255 254 105 000 000 000 000 000 000 041 178 255 255 255 255 255 255 255 255 255 255 255 255 255 255 162 000 000 000 220 255 255 255 255 094 000 000 000 219 255 255 255 255 255 255 255 255 255 255 255 255 255 255 124 
000 000 000 129 255 255 255 255 255 255 255 255 255 255 255 255 255 255 255 255 255 112 000 000 000 000 000 000 000 062 168 246 255 255 255 255 255 255 255 255 255 255 255 160 000 000 000 219 255 255 255 255 070 000 000 000 246 255 255 255 255 255 255 255 255 255 255 255 255 255 235 015 
000 007 165 255 255 255 255 255 255 255 255 255 255 255 255 255 255 255 255 255 255 255 159 011 000 000 000 000 000 000 000 024 226 255 255 255 255 255 255 255 255 255 255 157 000 000 000 214 255 255 255 255 070 000 000 000 098 222 255 255 255 255 255 255 255 255 255 243 207 153 035 000 
020 195 255 255 255 255 255 255 255 255 255 255 255 255 255 255 255 255 255 255 255 255 255 216 048 000 000 000 000 000 006 198 255 255 255 255 255 255 255 255 255 255 255 154 000 000 000 209 255 255 255 255 120 000 000 000 000 000 019 044 055 061 052 041 031 020 010 000 000 000 000 000 
220 255 255 255 255 255 255 255 255 255 255 255 255 255 255 255 255 255 255 255 255 255 255 255 248 110 000 000 000 000 137 255 255 255 255 255 255 255 255 255 255 255 255 149 000 000 000 202 255 255 255 255 217 007 000 000 000 000 000 000 000 000 000 000 000 000 000 000 000 000 000 000 
255 255 255 255 255 255 255 255 255 255 255 255 255 255 255 255 255 255 255 255 255 255 255 255 255 255 183 039 000 053 253 255 255 255 255 255 255 255 255 255 255 255 255 133 000 000 000 182 255 255 255 255 255 206 043 000 000 000 000 000 000 000 000 000 000 000 000 000 000 000 000 025 
255 255 255 255 255 255 255 255 255 255 255 255 255 255 255 255 255 255 255 255 255 255 255 255 255 255 255 251 146 179 255 255 255 255 255 255 255 255 255 255 255 255 255 116 000 000 000 161 255 255 255 255 255 255 255 224 161 124 104 092 081 077 087 098 109 120 130 141 167 200 234 255 
255 255 255 255 255 255 255 255 255 255 255 255 255 255 255 255 255 255 255 255 255 255 255 255 255 255 255 255 255 255 255 255 255 255 255 255 255 255 255 255 255 255 255 099 000 000 000 139 255 255 255 255 255 255 255 255 255 255 255 255 255 255 255 255 255 255 255 255 255 255 255 255 
255 255 255 255 255 255 255 255 255 255 255 255 255 255 255 255 255 255 255 255 255 255 255 255 255 255 255 255 255 255 255 255 255 255 255 255 255 255 255 255 255 255 255 189 154 154 154 204 255 255 255 255 255 255 255 255 255 255 255 255 255 255 255 255 255 255 255 255 255 255 255 255 
255 255 255 255 255 255 255 255 255 255 255 255 255 255 255 255 255 255 255 255 255 255 255 255 255 255 255 255 255 255 255 255 255 255 255 255 255 255 255 255 255 255 255 255 255 255 255 255 255 255 255 255 255 255 255 255 255 255 255 255 255 255 255 255 255 255 255 255 255 255 255 255 
255 255 255 255 255 255 255 255 255 255 255 255 255 255 255 255 255 255 255 255 255 255 255 255 255 255 255 255 255 255 255 255 255 255 255 255 255 255 255 255 255 255 255 255 255 255 255 255 255 255 255 255 255 255 255 255 255 255 255 255 255 255 255 255 255 255 255 255 255 255 255 255 
255 255 255 255 255 255 255 255 255 255 255 255 255 255 255 255 255 255 255 255 255 255 255 255 255 255 255 255 255 255 255 255 255 255 255 255 255 255 255 255 255 255 255 255 255 255 255 255 255 255 255 255 255 255 255 255 255 255 255 255 255 255 255 255 255 255 255 255 255 255 255 255 
255 255 255 255 255 255 255 255 255 255 255 255 255 255 255 255 255 255 255 255 255 255 255 255 255 255 255 255 255 255 255 255 255 255 255 255 255 255 255 255 255 255 255 255 255 255 255 255 255 255 255 255 255 255 255 255 255 255 255 255 255 255 255 255 255 255 255 255 255 255 255 255 
255 255 255 255 255 255 255 255 255 255 255 255 255 255 255 255 255 255 255 255 255 255 255 255 255 255 255 255 255 255 255 255 255 255 255 255 255 255 255 255 255 255 255 255 255 255 255 255 255 255 255 255 255 255 255 255 255 255 255 255 255 255 255 255 255 255 255 255 255 255 255 255 
255 255 255 255 255 255 255 255 255 255 255 255 255 255 255 255 255 255 255 255 255 255 255 255 255 255 255 255 255 255 255 255 255 255 255 255 255 255 255 255 255 255 255 255 255 255 255 255 255 255 255 255 255 255 255 255 255 255 255 255 255 255 255 255 255 255 255 255 255 255 255 255 
255 255 255 255 255 255 255 255 255 255 255 255 255 255 255 255 255 255 255 255 255 255 255 255 255 255 255 255 255 255 255 255 255 255 255 255 255 255 255 255 255 255 255 255 255 255 255 255 255 255 255 255 255 255 255 255 255 255 255 255 255 255 255 255 255 255 255 255 255 255 255 255 
255 255 255 255 255 255 255 255 255 255 255 255 255 255 255 255 255 255 255 255 255 255 255 255 255 255 255 255 255 255 255 255 255 255 255 255 255 255 255 255 255 255 255 255 255 255 255 255 255 255 255 255 255 255 255 255 255 255 255 255 255 255 255 255 255 255 255 255 255 255 255 255 
255 255 255 255 255 255 255 255 255 255 255 255 255 255 255 255 255 255 255 255 255 255 255 255 255 255 255 255 255 255 255 255 255 255 255 255 255 255 255 255 255 255 255 255 255 255 255 255 255 255 255 255 255 255 255 255 255 255 255 255 255 255 255 255 255 255 255 255 255 255 255 255 
255 255 255 255 255 255 255 255 255 255 255 255 255 255 255 255 255 255 255 255 255 255 255 255 255 255 255 255 255 255 255 255 255 255 255 255 255 255 255 255 255 255 255 255 255 255 255 255 255 255 255 255 255 255 255 255 255 255 255 255 255 255 255 255 255 255 255 255 255 255 255 255 
255 255 255 255 255 255 255 255 255 255 255 255 255 255 255 255 255 255 255 255 255 255 255 255 255 255 255 255 255 255 255 255 255 255 255 255 255 255 255 255 255 255 255 255 255 255 255 255 255 255 255 255 255 255 255 255 255 255 255 255 255 255 255 255 255 255 255 255 255 255 255 255 
255 255 255 255 255 255 255 255 255 255 255 255 255 255 255 255 255 255 255 255 255 255 255 255 255 255 255 255 255 255 255 255 255 255 255 255 255 255 255 255 255 255 255 255 255 255 255 255 255 255 255 255 255 255 255 255 255 255 255 255 255 255 255 255 255 255 255 255 255 255 255 255 
255 255 255 255 255 255 255 255 255 255 255 255 255 255 255 255 255 255 255 255 255 255 255 255 255 255 255 255 255 255 255 255 255 255 255 255 255 255 255 255 255 255 255 255 255 255 255 255 255 255 255 255 255 255 255 255 255 255 255 255 255 255 255 255 255 255 255 255 255 255 255 255 
255 255 255 255 255 255 255 255 255 255 255 255 255 255 255 255 255 255 255 255 255 255 255 255 255 255 255 255 255 255 255 255 255 255 255 255 255 255 255 255 255 255 255 255 255 255 255 255 255 255 255 255 255 255 255 255 255 255 255 255 255 255 255 255 255 255 255 255 255 255 255 255 
255 255 255 255 255 255 255 255 255 255 255 255 255 255 255 255 255 255 255 255 255 255 255 255 255 255 255 255 255 255 255 255 255 255 255 255 255 255 255 255 255 255 255 255 255 255 255 255 255 255 255 255 255 255 255 255 255 255 255 255 255 255 255 255 255 255 255 255 255 255 255 255 
255 255 255 255 255 255 255 255 255 255 255 255 255 255 255 255 255 255 255 255 255 255 255 255 255 255 255 255 255 255 255 255 255 255 255 255 255 255 255 255 255 255 255 255 255 255 255 255 255 255 255 255 255 255 255 255 255 255 255 255 255 255 255 255 255 255 255 255 255 255 255 255 
255 255 255 255 255 255 255 255 255 255 255 255 255 255 255 255 255 255 255 255 255 255 255 255 255 255 255 255 255 255 255 255 255 255 255 255 255 255 255 255 255 255 255 255 255 255 255 255 255 255 255 255 255 255 255 255 255 255 255 255 255 255 255 255 255 255 255 255 255 255 255 255 
255 255 255 255 255 255 255 255 255 255 255 255 255 255 255 255 255 255 255 255 255 255 255 255 255 255 255 255 255 255 255 255 255 255 255 255 255 255 255 255 255 255 255 255 255 255 255 255 255 255 255 255 255 255 255 255 255 255 255 255 255 255 255 255 255 255 255 255 255 255 255 255 
255 255 255 255 255 255 255 255 255 255 255 255 255 255 255 255 255 255 255 255 255 255 255 255 255 255 255 255 255 255 255 255 255 255 255 255 255 255 255 255 255 255 255 255 255 255 255 255 255 255 255 255 255 255 255 255 255 255 255 255 255 255 255 255 255 255 255 255 255 255 255 255 
255 255 255 255 255 255 255 255 255 255 255 255 255 255 255 255 255 255 255 255 255 255 255 255 255 255 255 255 255 255 255 255 255 255 255 255 255 255 255 255 255 255 255 255 255 255 255 255 255 255 255 255 255 255 255 255 255 255 255 255 255 255 255 255 255 255 255 255 255 255 255 255 
255 255 255 255 255 255 255 255 255 255 255 255 255 255 255 255 255 255 255 255 255 255 255 255 255 255 255 255 255 255 255 255 255 255 255 255 255 255 255 255 255 255 255 255 255 255 255 255 255 255 255 255 255 255 255 255 255 255 255 255 255 255 255 255 255 255 255 255 255 255 255 255 
255 255 255 255 255 255 255 255 255 255 255 255 255 255 255 255 255 255 255 255 255 255 255 255 255 255 255 255 255 255 255 255 255 255 255 255 255 255 255 255 255 255 255 255 255 255 255 255 255 255 255 255 255 255 255 255 255 255 255 255 255 255 255 255 255 255 255 255 255 255 255 255 
255 255 255 255 255 255 255 255 255 255 255 255 255 255 255 255 255 255 255 255 255 255 255 255 255 255 255 255 255 255 255 255 255 255 255 255 255 255 255 255 255 255 255 255 255 255 255 255 255 255 255 255 255 255 255 255 255 255 255 255 255 255 255 255 255 255 255 255 255 255 255 255 
255 255 255 255 255 255 255 255 255 255 255 255 255 255 255 255 255 255 255 255 255 255 255 255 255 255 255 255 255 255 255 255 255 255 255 255 255 255 255 255 255 255 255 255 255 255 255 255 255 255 255 255 255 255 255 255 255 255 255 255 255 255 255 255 255 255 255 255 255 255 255 255 
255 255 255 255 255 255 255 255 255 255 255 255 255 255 255 255 255 255 255 255 255 255 255 255 255 255 255 255 255 255 255 255 255 255 255 255 255 255 255 255 255 255 255 255 255 255 255 255 255 255 255 255 255 255 255 255 255 255 255 255 255 255 255 255 255 255 255 255 255 255 255 255 
255 255 255 255 255 255 255 255 255 255 255 255 255 255 255 255 255 255 255 255 255 255 255 255 255 255 255 255 255 255 255 255 255 255 255 255 255 255 255 255 255 255 255 255 255 255 255 255 255 255 255 255 255 255 255 255 255 255 255 255 255 255 255 255 255 255 255 255 255 255 255 255 
255 255 255 255 255 255 255 255 255 255 255 255 255 255 255 255 255 255 255 255 255 255 255 255 255 255 255 255 255 255 255 255 255 255 255 255 255 255 255 255 255 255 255 255 255 255 255 255 255 255 255 255 255 255 255 255 255 255 255 255 255 255 255 255 255 255 255 255 255 255 255 255 
255 255 255 255 255 255 255 255 255 255 255 255 255 255 255 255 255 255 255 255 255 255 255 255 255 255 255 255 255 255 255 255 255 255 255 255 255 255 255 255 255 255 255 255 255 255 255 255 255 255 255 255 255 255 255 255 255 255 255 255 255 255 255 255 255 255 255 255 255 255 255 255 
255 255 255 255 255 168 176 249 255 255 255 255 255 255 255 255 255 255 255 255 255 255 255 255 255 255 255 255 255 255 255 255 255 255 255 255 255 255 255 255 255 255 255 255 255 255 255 255 255 255 255 255 255 255 255 255 255 255 255 255 255 255 255 255 255 255 255 255 255 255 255 255 
255 255 255 255 255 098 000 012 053 117 255 255 255 255 255 255 255 255 255 255 255 255 255 255 255 255 255 255 255 255 255 255 255 255 255 255 255 255 255 255 255 255 255 255 255 255 255 255 255 203 251 255 255 255 255 255 255 255 255 255 255 255 255 255 255 255 255 255 255 255 255 255 
255 255 255 255 255 050 000 000 002 199 255 255 255 255 255 255 255 255 255 255 255 255 255 255 255 255 255 255 255 255 255 255 255 255 255 255 255 255 255 255 255 255 255 255 255 255 235 142 044 000 156 255 255 255 255 255 255 255 183 137 169 190 192 194 196 199 201 203 205 203 201 200 
255 255 255 255 249 006 000 000 090 255 255 255 249 025 039 054 069 084 090 092 095 097 099 102 104 106 103 101 098 096 094 091 089 078 063 048 033 115 255 255 255 255 255 255 255 255 112 000 000 000 031 249 255 255 255 255 255 255 141 000 000 000 000 000 000 000 000 000 000 000 000 000 
255 255 255 255 201 000 000 002 216 255 255 255 248 000 000 000 000 000 000 000 000 000 000 000 000 000 000 000 000 000 000 000 000 000 000 000 000 101 255 255 255 255 255 255 255 255 240 021 000 000 000 148 255 255 255 255 255 255 162 000 000 000 000 000 000 000 000 000 000 000 000 000 
255 255 255 255 130 000 000 067 255 255 255 255 248 000 000 000 000 000 000 000 000 000 000 000 000 000 000 000 000 000 000 000 000 000 000 000 000 101 255 255 255 255 255 255 255 255 255 121 000 000 000 025 248 255 255 255 255 255 177 000 000 000 007 010 010 010 010 010 010 010 010 010 
255 255 255 255 057 000 000 161 255 255 255 255 252 152 173 021 000 000 179 244 244 244 242 000 000 000 231 241 239 236 234 231 229 218 200 182 164 191 255 255 255 255 255 255 255 255 255 221 001 000 000 000 160 255 255 255 255 255 183 000 000 000 163 255 255 255 255 255 255 255 255 255 
068 091 100 108 003 000 000 098 102 094 079 052 206 255 255 028 000 000 187 255 255 255 252 000 000 000 242 255 255 255 255 255 255 255 255 255 255 255 255 255 255 255 255 255 255 255 255 255 067 000 000 000 051 255 255 255 255 255 190 000 000 000 163 255 255 255 255 255 255 255 255 255 
000 000 000 000 000 000 000 000 000 000 000 000 197 255 255 028 000 000 187 255 255 255 252 000 000 000 242 255 255 172 078 115 117 114 224 255 255 255 255 255 255 255 255 255 255 255 255 255 167 000 000 000 000 198 255 255 255 255 197 000 000 000 163 255 255 255 255 255 255 255 255 255 
000 000 000 000 000 000 000 000 000 000 000 000 197 255 255 028 000 000 187 255 255 255 252 000 000 000 242 255 255 199 000 000 000 146 255 255 255 255 255 255 255 255 255 255 255 255 255 255 248 011 000 000 000 120 255 255 255 255 203 000 000 000 163 255 255 255 255 255 255 255 255 255 
192 209 218 018 000 017 233 234 231 227 207 180 235 255 255 028 000 000 187 255 255 255 252 000 000 000 242 255 255 210 000 000 000 231 255 255 255 255 255 255 255 255 255 255 255 255 255 255 255 077 016 106 205 255 255 255 255 255 209 000 000 000 163 255 255 255 255 255 255 255 255 255 
255 255 197 000 000 099 255 255 255 255 255 255 255 255 255 028 000 000 187 255 255 255 252 000 000 000 242 255 255 214 000 000 000 231 255 255 255 255 255 255 255 255 255 255 255 255 255 255 255 222 247 255 255 255 255 255 255 255 210 000 000 000 163 255 255 255 255 255 255 255 255 255 
255 255 116 000 000 186 240 255 255 255 255 255 255 255 255 028 000 000 122 166 166 166 165 000 000 000 242 255 255 217 000 000 000 231 255 255 255 255 255 255 255 255 255 255 255 255 255 255 255 255 255 255 255 255 255 255 255 255 211 000 000 000 163 255 255 255 255 255 255 255 255 255 
255 255 035 000 021 252 069 013 032 059 233 255 255 255 255 028 000 000 000 000 000 000 000 000 000 000 242 255 255 218 000 000 000 231 255 255 255 255 255 255 255 255 255 255 255 255 255 255 255 255 255 255 255 255 255 255 255 255 213 000 000 000 057 089 089 089 089 089 089 089 089 089 
255 198 000 000 104 255 088 000 000 125 255 255 255 255 255 028 000 000 000 000 000 000 000 000 000 000 242 255 255 218 000 000 000 231 255 255 255 255 255 255 255 255 255 255 255 255 255 255 255 255 255 255 255 255 255 255 255 255 213 000 000 000 000 000 000 000 000 000 000 000 000 000 
255 083 000 000 192 255 089 000 000 146 255 255 255 255 255 028 000 000 143 195 195 195 193 000 000 000 242 255 255 218 000 000 000 231 255 255 255 255 255 255 255 255 255 217 069 101 112 113 114 115 114 089 106 255 255 255 255 255 201 000 000 000 000 000 000 000 000 000 000 000 000 000 
221 002 000 025 253 255 090 000 000 146 255 255 255 255 255 028 000 000 187 255 255 255 252 000 000 000 242 255 255 218 000 000 000 231 255 255 255 255 255 255 255 255 255 207 000 000 000 000 000 000 000 000 087 255 255 255 255 255 189 000 000 000 135 205 205 205 205 205 205 205 205 205 
096 000 000 110 255 255 091 000 000 146 255 255 255 255 255 028 000 000 187 255 255 255 252 000 000 000 242 255 255 218 000 000 000 231 255 255 255 255 255 255 255 255 255 207 000 000 000 000 000 000 000 000 119 255 255 255 255 255 176 000 000 000 176 255 255 255 255 255 255 255 255 255 
000 000 000 198 255 255 092 000 000 128 196 159 108 238 255 028 000 000 187 255 255 255 252 000 000 000 242 255 255 218 000 000 000 231 255 255 255 255 255 255 255 255 255 207 000 000 000 000 000 000 000 000 143 255 255 255 255 255 164 000 000 000 187 255 255 255 255 255 227 245 255 255 
000 000 000 067 051 035 009 000 000 000 000 000 005 253 255 028 000 000 187 255 255 255 252 000 000 000 242 255 255 218 000 000 000 231 255 255 255 255 255 255 255 255 255 235 170 202 207 209 168 000 000 000 153 255 255 255 255 255 152 000 000 000 211 255 255 255 255 202 023 047 223 255 
002 000 000 000 000 000 000 000 000 000 000 000 010 255 255 028 000 000 187 255 255 255 252 000 000 000 242 255 255 218 000 000 000 231 255 255 255 255 255 255 255 255 255 255 255 255 255 255 203 000 000 000 162 255 255 255 255 255 134 000 000 000 242 255 255 255 192 009 000 000 019 188 
046 000 032 054 069 084 034 000 000 069 125 131 141 255 255 028 000 000 043 058 058 058 058 000 000 000 242 255 255 218 000 000 000 231 255 255 255 255 255 255 255 255 255 255 255 255 255 255 203 000 000 000 167 255 255 255 255 255 081 000 000 017 255 255 255 255 248 091 000 000 000 003 
205 230 255 255 255 255 093 000 000 146 255 255 255 255 255 028 000 000 000 000 000 000 000 000 000 000 242 255 255 218 000 000 000 231 255 255 255 255 255 255 255 255 255 255 255 255 255 255 203 000 000 000 167 255 255 255 255 255 024 000 000 048 255 255 255 255 255 255 132 001 000 000 
255 255 255 255 255 255 093 000 000 146 255 255 255 255 255 028 000 000 035 048 048 048 048 000 000 000 242 255 255 218 000 000 000 231 255 255 255 255 255 255 255 255 255 255 255 255 255 255 203 000 000 000 167 255 255 255 255 222 000 000 000 089 255 255 255 255 255 255 255 156 000 000 
255 255 255 255 255 255 093 000 000 146 255 255 255 255 255 028 000 000 187 255 255 255 252 000 000 000 242 255 255 218 000 000 000 231 255 255 255 255 255 255 255 255 255 255 255 255 255 255 203 000 000 000 167 255 255 255 255 164 000 000 000 155 255 255 255 255 255 255 255 255 137 000 
255 255 255 255 255 255 093 000 000 146 255 255 254 254 255 028 000 000 187 255 255 255 252 000 000 000 242 255 255 218 000 000 000 231 255 255 255 255 255 255 255 255 255 255 255 255 255 255 203 000 000 000 167 255 255 255 255 058 000 000 000 223 255 255 255 255 255 255 255 255 255 117 
255 255 255 255 255 255 093 000 000 131 180 119 036 249 255 028 000 000 187 255 255 255 252 000 000 000 242 255 255 218 000 000 000 231 255 255 255 255 255 255 255 255 255 255 255 255 255 255 203 000 000 000 167 255 255 255 183 000 000 000 034 255 255 255 255 255 255 255 255 255 255 255 
255 255 255 249 212 171 052 000 000 000 000 000 026 255 255 028 000 000 187 255 255 255 252 000 000 000 242 232 255 218 000 000 000 231 255 255 255 255 255 255 255 255 255 255 255 255 255 255 203 000 000 000 167 255 255 255 053 000 000 000 122 255 255 255 255 255 255 255 255 255 255 255 
059 039 017 001 000 000 000 000 000 000 000 000 012 255 255 028 000 000 187 255 255 255 252 000 000 000 060 081 255 218 000 000 000 231 255 255 255 255 255 255 255 255 255 255 255 255 255 255 203 000 000 000 167 255 255 174 000 000 000 006 231 255 255 255 255 255 255 255 255 255 255 255 
000 000 000 000 000 000 000 000 000 056 144 200 246 255 255 028 000 000 187 255 254 206 136 000 000 000 000 094 255 218 000 000 000 231 255 255 255 255 255 255 255 255 255 255 255 255 255 255 203 000 000 000 167 255 236 025 000 000 000 097 255 255 255 255 255 255 255 255 255 255 255 255 
002 000 000 002 047 107 053 000 000 144 255 255 255 255 255 028 000 000 109 088 021 000 000 000 000 000 007 099 255 218 000 000 000 231 255 255 255 255 255 255 255 255 255 255 255 255 255 255 203 000 000 000 167 255 114 000 000 000 004 215 255 255 255 255 255 255 255 255 255 255 255 255 
071 109 182 241 255 255 089 000 000 141 255 255 235 187 138 012 000 000 000 000 000 000 000 000 000 000 237 255 255 218 000 000 000 231 255 218 185 255 255 255 255 255 255 255 255 255 255 255 203 000 000 000 167 255 255 226 147 046 120 255 255 255 255 255 255 255 255 255 255 255 255 255 
255 255 255 255 255 255 085 000 000 137 255 255 179 000 000 000 000 000 000 000 039 127 208 000 000 000 237 255 255 218 000 000 000 231 255 153 002 094 193 255 255 255 255 255 255 255 255 234 107 000 000 000 008 051 118 197 253 255 253 255 255 255 255 255 255 255 255 255 255 255 255 255 
255 255 255 255 255 255 082 000 000 134 255 255 255 052 000 000 000 014 113 207 255 255 244 000 000 000 232 255 255 219 000 000 000 224 255 058 000 000 055 255 255 255 255 255 255 255 169 017 000 000 000 000 000 000 000 000 023 099 174 242 255 255 255 255 255 255 255 255 255 255 255 255 
255 255 255 255 255 255 078 000 000 130 255 255 255 143 000 030 141 241 255 255 255 255 239 000 000 000 228 255 255 226 000 000 000 047 077 000 000 000 128 255 255 255 255 255 241 092 000 000 000 000 000 000 000 000 000 000 000 000 000 001 032 073 115 157 188 196 204 212 220 228 229 213 
255 255 255 255 255 255 069 000 000 117 255 255 255 224 166 251 255 255 255 255 255 255 233 000 000 000 218 255 255 253 011 000 000 000 000 000 000 002 224 255 255 255 255 217 036 000 000 000 000 048 163 187 162 083 005 000 000 000 000 000 000 000 000 000 000 000 000 000 000 000 000 000 
255 255 255 255 255 255 050 000 000 099 255 255 255 255 255 255 255 255 255 255 255 255 224 000 000 000 200 255 255 255 094 000 000 000 000 000 000 097 255 255 255 255 235 022 000 000 000 000 095 254 255 255 255 255 232 135 052 002 000 000 000 000 000 000 000 000 000 000 000 000 000 000 
255 255 255 255 255 255 031 000 000 082 255 255 255 255 255 255 255 255 255 255 255 255 207 000 000 000 181 255 255 255 250 160 111 095 093 108 156 253 255 255 255 255 255 205 046 000 000 081 252 255 255 255 255 255 255 255 255 237 171 102 046 018 000 000 000 000 000 000 000 000 000 000 
255 255 255 255 255 255 011 000 000 064 255 255 255 255 255 255 255 255 255 255 255 255 191 000 000 000 162 255 255 255 255 255 255 255 255 255 255 255 255 255 255 255 255 255 248 097 036 244 255 255 255 255 255 255 255 255 255 255 255 255 255 255 247 220 193 166 148 143 138 134 129 124 
255 255 255 255 255 254 123 122 122 149 255 255 255 255 255 255 255 255 255 255 255 255 209 099 099 099 190 255 255 255 255 255 255 255 255 255 255 255 255 255 255 255 255 255 255 255 233 255 255 255 255 255 255 255 255 255 255 255 255 255 255 255 255 255 255 255 255 255 255 255 255 255 
255 255 255 255 255 255 255 255 255 255 255 255 255 255 255 255 255 255 255 255 255 255 255 255 255 255 255 255 255 255 255 255 255 255 255 255 255 255 255 255 255 255 255 255 255 255 255 255 255 255 255 255 255 255 255 255 255 255 255 255 255 255 255 255 255 255 255 255 255 255 255 255 
255 255 255 255 255 255 255 255 255 255 255 255 255 255 255 255 255 255 255 255 255 255 255 255 255 255 255 255 255 255 255 255 255 255 255 255 255 255 255 255 255 255 255 255 255 255 255 255 255 255 255 255 255 255 255 255 255 255 255 255 255 255 255 255 255 255 255 255 255 255 255 255 
255 255 255 255 255 255 255 255 255 255 255 255 255 255 255 255 255 255 255 255 255 255 255 255 255 255 255 255 255 255 255 255 255 255 255 255 255 255 255 255 255 255 255 255 255 255 255 255 255 255 255 255 255 255 255 255 255 255 255 255 255 255 255 255 255 255 255 255 255 255 255 255 
255 255 255 255 255 255 255 255 255 255 255 255 255 255 255 255 255 255 255 255 255 255 255 255 255 255 255 255 255 255 255 255 255 255 255 255 255 255 255 255 255 255 255 255 255 255 255 255 255 255 255 255 255 255 255 255 255 255 255 255 255 255 255 255 255 255 255 255 255 255 255 255 
255 255 255 255 255 255 255 255 255 255 255 255 255 255 255 255 255 255 255 255 255 255 255 255 255 255 255 255 255 255 255 255 255 255 255 255 255 255 255 255 255 255 255 255 255 255 255 255 255 255 255 255 255 255 255 255 255 255 255 255 255 255 255 255 255 255 255 255 255 255 255 255 
255 255 255 255 255 255 255 255 255 255 255 255 255 255 255 255 255 255 255 255 255 255 255 255 255 255 255 255 255 255 255 255 255 255 255 255 255 255 255 255 255 255 255 255 255 255 255 255 255 255 255 255 255 255 255 255 255 255 255 255 255 255 255 255 255 255 255 255 255 255 255 255 
255 255 255 255 255 255 255 255 255 255 255 255 255 255 255 255 255 255 255 255 255 255 255 255 255 255 255 255 255 255 255 255 255 255 255 255 255 255 255 255 255 255 255 255 255 255 255 255 255 255 255 255 255 255 255 255 255 255 255 255 255 255 255 255 255 255 255 255 255 255 255 255 
255 255 255 255 255 255 255 255 255 255 255 255 255 255 255 255 255 255 255 255 255 255 255 255 255 255 255 255 255 255 255 255 255 255 255 255 255 255 255 255 255 255 255 255 255 255 255 255 255 255 255 255 255 255 255 255 255 255 255 255 255 255 255 255 255 255 255 255 255 255 255 255 
255 255 255 255 255 255 255 255 255 255 255 255 255 255 255 255 255 255 255 255 255 255 255 255 255 255 255 255 255 255 255 255 255 255 255 255 255 255 255 255 255 255 255 255 255 255 255 255 255 255 255 255 255 255 255 255 255 255 255 255 255 255 255 255 255 255 255 255 255 255 255 255 
