255 255 255 091 000 000 000 000 000 000 000 000 000 000 000 000 000 000 000 000 000 000 000 000 000 000 000 000 000 000 000 000 038 255 255 255 255 255 255 255 255 255 255 255 255 255 205 000 000 007 028 036 039 043 046 050 054 004 000 000 042 042 031 020 003 000 107 255 255 227 044 000 
255 255 255 084 000 000 000 000 000 000 000 000 000 000 000 000 000 000 000 000 000 000 000 000 000 000 000 000 000 000 000 000 038 255 255 255 255 255 255 255 255 255 255 255 255 255 205 000 000 000 000 000 000 000 000 000 000 000 000 000 000 000 000 000 000 000 107 255 208 027 000 000 
255 255 255 078 000 000 000 000 000 000 000 000 000 000 000 000 000 000 000 000 000 000 000 000 000 000 000 000 000 000 000 000 038 255 255 255 255 255 255 255 255 255 255 255 255 255 205 000 006 026 046 054 057 060 064 067 071 009 000 000 056 063 055 047 028 004 107 186 013 000 000 004 
255 255 255 072 000 000 000 167 171 171 171 171 171 171 171 171 171 171 171 171 171 171 171 171 171 171 171 171 171 168 164 154 141 255 255 255 255 255 255 255 255 255 255 255 255 255 250 242 255 255 255 255 255 255 255 255 255 032 000 000 206 255 255 255 255 253 148 005 000 000 034 200 
255 255 255 065 000 000 000 254 255 255 255 255 255 255 255 255 255 255 255 255 255 255 255 255 255 255 255 255 255 255 255 255 255 255 255 255 255 255 255 255 255 255 255 255 255 255 255 255 255 255 255 255 255 255 255 255 255 032 000 000 206 255 255 255 247 106 000 000 000 091 241 255 
255 255 255 058 000 000 007 255 255 255 255 255 255 255 255 255 255 255 255 255 255 255 255 255 255 255 255 255 255 255 255 255 255 255 255 255 255 255 255 255 255 255 255 255 255 255 255 255 255 255 255 255 255 255 255 255 255 032 000 000 206 255 255 210 043 000 000 013 162 255 255 255 
255 255 255 036 000 000 016 255 255 255 255 255 255 255 255 255 255 255 255 255 255 255 255 255 255 255 255 255 255 255 255 255 255 255 255 255 255 255 255 255 255 074 041 056 071 086 101 117 128 129 131 133 135 137 139 140 142 018 000 000 117 144 122 008 000 000 002 104 133 127 120 114 
255 255 255 014 000 000 034 255 255 255 255 255 255 255 255 255 255 255 255 255 255 255 255 255 255 255 255 255 255 255 255 255 255 255 255 255 255 255 255 255 255 051 000 000 000 000 000 000 000 000 000 000 000 000 000 000 000 000 000 000 000 000 000 000 000 000 000 000 000 000 000 000 
255 255 247 000 000 000 056 255 255 255 255 255 255 255 255 255 255 255 255 255 255 255 255 255 255 255 255 255 255 255 255 255 255 255 255 255 255 255 255 255 255 051 000 000 000 000 000 000 000 000 000 000 000 000 000 000 000 000 000 000 000 000 000 000 000 000 000 000 000 000 000 000 
255 255 224 000 000 000 043 149 149 149 149 149 149 149 149 149 149 149 149 149 149 148 136 123 110 143 255 255 255 255 255 255 255 255 255 255 255 255 255 255 255 131 110 122 134 146 158 171 180 184 187 191 195 199 202 206 210 147 022 000 000 000 085 208 213 208 204 200 196 191 187 183 
255 255 201 000 000 000 000 000 000 000 000 000 000 000 000 000 000 000 000 000 000 000 000 000 000 097 255 255 255 255 255 255 255 255 255 255 255 255 255 255 255 255 255 255 255 255 255 255 255 255 255 255 255 255 255 209 073 000 000 000 039 182 255 255 255 255 255 255 255 255 255 255 
255 255 178 000 000 000 000 000 000 000 000 000 000 000 000 000 000 000 000 000 000 000 000 000 000 118 255 255 255 255 255 255 255 255 255 255 255 255 255 255 255 255 255 255 255 255 255 255 253 255 255 255 255 184 069 000 000 000 026 154 252 255 255 255 255 255 255 255 255 255 255 255 
255 255 155 000 000 000 000 000 000 000 000 000 000 000 000 000 000 000 000 000 000 000 000 000 000 121 255 255 255 255 255 255 255 255 255 255 255 255 255 255 255 255 255 255 255 255 255 255 208 011 036 051 038 000 000 000 000 002 066 075 075 075 075 075 075 075 071 066 061 056 044 021 
255 255 110 000 000 000 182 233 233 233 233 233 233 233 233 233 233 233 233 233 233 080 000 000 000 124 255 255 255 255 255 255 255 255 255 255 255 255 255 255 255 255 255 255 255 255 255 253 173 000 000 000 000 000 000 000 000 000 000 000 000 000 000 000 000 000 000 000 000 000 000 000 
255 255 037 000 000 000 240 255 255 255 255 255 255 255 255 255 255 255 255 255 255 087 000 000 000 126 255 255 255 255 255 255 255 255 255 255 255 255 255 255 255 255 255 255 255 202 113 026 000 000 000 000 005 007 007 007 007 007 007 007 007 007 007 007 007 007 007 007 007 000 000 000 
255 221 000 000 000 036 255 255 255 255 255 255 255 255 255 255 255 255 255 255 255 087 000 000 000 127 255 255 255 255 255 255 255 255 255 255 255 255 255 255 255 219 156 093 030 000 000 000 000 000 000 000 185 255 255 255 255 255 255 255 255 255 255 255 255 255 255 255 255 028 000 000 
255 149 000 000 000 101 255 255 255 255 255 255 255 255 255 255 255 255 255 255 255 087 000 000 000 127 255 255 255 255 255 255 255 255 255 255 255 255 255 255 189 006 000 000 000 000 000 001 072 000 000 000 185 255 255 255 255 255 255 255 255 255 255 255 255 255 255 255 255 028 000 000 
255 076 000 000 000 167 255 255 255 255 255 255 255 255 255 255 255 255 255 255 255 087 000 000 000 127 255 255 255 255 255 255 255 255 255 255 255 255 255 255 255 145 000 000 000 013 109 218 253 000 000 000 143 196 196 196 196 196 196 196 196 196 196 196 196 196 196 196 196 022 000 000 
229 010 000 000 003 233 255 255 255 255 255 255 255 255 255 255 255 255 255 255 255 087 000 000 000 127 255 255 255 255 255 255 255 255 255 255 255 255 255 255 255 255 067 068 163 245 255 255 253 000 000 000 000 000 000 000 000 000 000 000 000 000 000 000 000 000 000 000 000 000 000 000 
084 000 000 000 081 255 255 255 255 255 255 255 255 255 255 255 255 255 255 255 255 087 000 000 000 127 255 255 255 255 255 255 255 255 255 255 255 255 255 255 255 255 253 255 255 255 255 255 253 000 000 000 000 000 000 000 000 000 000 000 000 000 000 000 000 000 000 000 000 000 000 000 
000 000 000 000 187 255 255 255 255 255 255 255 255 255 255 255 255 255 255 255 255 087 000 000 000 127 255 255 255 255 255 255 255 255 255 255 255 255 255 255 255 255 255 255 255 255 255 255 253 000 000 000 137 188 188 188 188 188 188 188 188 188 188 188 188 188 188 188 188 021 000 000 
000 000 000 040 254 255 255 255 255 255 255 255 255 255 255 255 255 255 255 255 255 087 000 000 000 127 255 255 255 255 255 255 255 255 255 255 255 255 255 255 255 255 255 255 255 255 255 255 253 000 000 000 185 255 255 255 255 255 255 255 255 255 255 255 255 255 255 255 255 028 000 000 
000 000 000 179 255 255 255 255 255 255 255 255 255 255 255 255 255 255 255 255 255 087 000 000 000 127 255 255 255 255 255 255 255 255 255 255 255 255 255 255 255 255 255 255 255 255 255 255 253 000 000 000 185 255 255 255 255 255 255 255 255 255 255 255 255 255 255 255 255 028 000 000 
000 000 074 255 255 255 255 255 255 255 255 255 255 255 255 255 255 255 255 255 255 087 000 000 000 125 255 255 255 255 255 255 255 255 255 255 255 255 255 255 255 255 255 255 255 255 255 255 253 000 000 000 019 026 026 026 026 026 026 026 026 026 026 026 026 026 026 026 026 003 000 000 
000 006 217 255 255 255 255 255 255 255 255 255 255 255 255 255 255 255 255 255 255 087 000 000 000 123 255 255 255 255 255 255 255 255 255 255 255 255 255 255 255 255 255 255 255 255 255 255 246 000 000 000 000 000 000 000 000 000 000 000 000 000 000 000 000 000 000 000 000 000 000 000 
000 136 255 255 255 255 255 255 255 255 255 255 255 255 255 255 255 255 255 255 255 087 000 000 000 116 255 255 255 255 255 255 255 255 255 255 255 255 255 255 255 255 255 255 255 255 255 255 238 000 000 000 066 090 090 090 090 090 090 090 090 090 090 090 090 090 090 090 090 010 000 000 
147 253 255 255 255 255 255 255 255 255 255 255 255 255 255 255 255 255 255 255 255 087 000 000 000 097 255 255 255 255 255 255 255 255 255 255 255 255 255 255 255 255 255 255 255 255 255 255 208 000 000 000 185 255 255 255 255 255 255 255 255 255 255 255 255 255 255 255 255 028 000 000 
255 255 255 255 255 255 255 255 255 255 255 255 255 255 255 255 255 255 255 255 255 116 042 042 042 109 255 255 255 255 255 255 255 255 255 255 255 255 255 255 255 255 255 255 255 255 255 255 177 019 019 019 191 255 255 255 255 255 255 255 255 255 255 255 255 255 255 255 255 176 165 165 
255 255 255 255 255 255 255 255 255 255 255 255 255 255 255 255 255 255 255 255 255 255 255 255 255 255 255 255 255 255 255 255 255 255 255 255 255 255 255 255 255 255 255 255 255 255 255 255 255 255 255 255 255 255 255 255 255 255 255 255 255 255 255 255 255 255 255 255 255 255 255 255 
255 255 255 255 255 255 255 255 255 255 255 255 255 255 255 255 255 255 255 255 255 255 255 255 255 255 255 255 255 255 255 255 255 255 255 255 255 255 255 255 255 255 255 255 255 255 255 255 255 255 255 255 255 255 255 255 255 255 255 255 255 255 255 255 255 255 255 255 255 255 255 255 
255 255 255 255 255 255 255 255 255 255 255 255 255 255 255 255 255 255 255 255 255 255 255 255 255 255 255 255 255 255 255 255 255 255 255 255 255 255 255 255 255 255 255 255 255 255 255 255 255 255 255 255 255 255 255 255 255 255 255 255 255 255 255 255 255 255 255 255 255 255 255 255 
255 255 255 255 255 255 255 255 255 255 255 255 255 255 255 255 255 255 255 255 255 255 255 255 255 255 255 255 255 255 255 255 255 255 255 255 255 255 255 255 255 255 255 255 255 255 255 255 255 255 255 255 255 255 255 255 255 255 255 255 255 255 255 255 255 255 255 255 255 255 255 255 
255 255 255 255 255 255 255 255 255 255 255 255 255 255 255 255 255 255 255 255 255 255 255 255 255 255 255 255 255 255 255 255 255 255 255 255 255 255 255 255 255 255 255 255 255 255 255 255 255 255 255 255 255 255 255 255 255 255 255 255 255 255 255 255 255 255 255 255 255 255 255 255 
255 255 255 255 255 255 255 255 255 255 255 255 255 255 255 255 255 255 255 255 255 255 255 255 255 255 255 255 255 255 255 255 255 255 255 255 255 255 255 255 255 255 255 255 255 255 255 255 255 255 255 255 255 255 255 255 255 255 255 255 255 255 255 255 255 255 255 255 255 255 255 255 
255 255 255 255 255 255 255 255 255 255 255 255 255 255 255 255 255 255 255 255 255 255 255 255 255 255 255 255 255 255 255 255 255 255 255 255 255 255 255 255 255 255 255 255 255 255 255 255 255 255 255 255 255 255 255 255 255 255 255 255 255 255 255 255 255 255 255 255 255 255 255 255 
255 255 255 255 255 255 255 255 255 255 255 255 255 255 255 255 255 255 255 255 255 255 255 255 255 255 255 255 255 255 255 255 255 255 255 255 255 255 255 255 255 255 255 255 255 255 255 255 255 255 255 255 255 255 255 255 255 255 255 255 255 255 255 255 255 255 255 255 255 255 255 255 
255 255 255 255 255 255 255 255 255 255 255 255 255 255 255 255 255 255 255 255 255 255 255 255 255 255 255 255 255 255 255 255 255 255 255 255 255 255 255 255 255 255 255 255 255 255 255 255 255 255 255 255 255 255 255 255 255 255 255 255 255 255 255 255 255 255 255 255 255 255 255 255 
255 255 255 255 255 255 255 255 255 255 255 255 255 255 255 255 255 255 255 255 255 255 255 255 255 255 255 255 255 255 255 255 255 255 255 255 255 255 255 255 255 255 255 255 255 255 255 255 255 255 255 255 255 255 255 255 255 255 255 255 255 255 255 255 255 255 255 255 255 255 255 255 
255 255 255 255 255 255 255 255 255 255 255 255 255 255 255 255 255 255 255 255 255 255 255 255 255 255 255 255 255 255 255 255 255 255 255 255 255 255 255 255 255 255 255 255 255 255 255 255 255 255 255 255 255 255 255 255 255 255 255 255 255 255 255 255 255 255 255 255 255 255 255 255 
255 255 255 255 255 255 255 255 255 255 255 255 255 255 255 255 255 255 255 255 255 255 255 255 255 255 255 255 255 255 255 255 255 255 255 255 255 255 255 255 255 255 255 255 255 255 255 255 255 255 255 255 255 255 255 255 255 255 255 255 255 255 255 255 255 255 255 255 255 255 255 255 
255 255 255 255 255 255 255 255 255 255 255 255 255 255 255 255 255 255 255 255 255 255 255 255 255 255 255 255 255 255 255 255 255 255 255 255 255 255 255 255 255 255 255 255 255 255 255 255 255 255 255 255 255 255 255 255 255 255 255 255 255 255 255 255 255 255 255 255 255 255 255 255 
255 255 255 255 255 255 255 255 255 255 255 255 255 255 255 255 255 255 255 255 255 255 255 255 255 255 255 255 255 255 255 255 255 255 255 255 255 255 255 255 255 255 255 255 255 255 255 255 255 255 255 255 255 255 255 255 255 255 255 255 255 255 255 255 255 255 255 255 255 255 255 255 
255 255 255 255 255 255 255 255 255 255 255 255 255 255 255 255 255 255 255 255 255 255 255 255 255 255 255 255 255 255 255 255 255 255 255 255 255 255 255 255 255 255 255 255 255 255 255 255 255 255 255 255 255 255 255 255 255 255 255 255 255 255 255 255 255 255 255 255 255 255 255 255 
255 255 255 255 255 255 255 255 255 255 255 255 255 255 255 255 255 255 255 255 255 255 255 255 255 255 255 255 255 255 255 255 255 255 255 255 255 255 255 255 255 255 255 255 255 255 255 255 255 255 255 255 255 255 255 255 255 255 255 255 255 255 255 255 255 255 255 255 255 255 255 255 
255 255 255 255 255 255 255 255 255 255 255 255 255 255 255 255 255 255 255 255 255 255 255 255 255 255 255 255 255 255 255 255 255 255 255 255 255 255 255 255 255 255 255 255 255 255 255 255 255 255 255 255 255 255 255 255 255 255 255 255 255 255 255 255 255 255 255 255 255 255 255 255 
255 255 255 255 255 255 255 255 255 255 255 255 255 255 255 255 255 255 255 255 255 255 255 255 255 255 255 255 255 255 255 255 255 255 255 255 255 255 255 255 255 255 255 255 255 255 255 255 255 255 255 255 255 255 255 255 255 255 255 255 255 255 255 255 255 255 255 255 255 255 255 255 
255 255 255 255 255 255 255 255 255 255 255 255 255 255 255 255 255 255 255 255 255 255 255 255 255 255 255 255 255 255 255 255 255 255 255 255 255 255 255 255 255 255 255 255 255 255 255 255 255 255 255 255 255 255 255 255 255 255 255 255 255 255 255 255 255 255 255 255 255 255 255 255 
255 255 255 255 255 255 255 255 255 255 255 255 255 255 255 255 255 255 255 255 255 255 255 255 255 255 255 255 255 255 255 255 255 255 255 255 255 255 255 255 255 255 255 255 255 255 255 255 255 255 255 255 255 255 255 255 255 255 255 255 255 255 255 255 255 255 255 255 255 255 255 255 
255 255 255 255 255 255 255 255 255 255 255 255 255 255 255 255 255 255 255 255 255 255 255 255 255 255 255 255 255 255 255 255 255 255 255 255 255 255 255 255 255 255 255 255 255 255 255 255 255 255 255 255 255 255 255 255 255 255 255 255 255 255 255 255 255 255 255 255 255 255 255 255 
255 255 255 255 255 255 255 255 255 255 255 255 255 255 255 255 255 255 255 255 255 255 255 255 255 255 255 255 255 255 255 255 255 255 255 255 255 255 255 255 255 255 255 255 255 255 255 255 255 255 255 255 255 255 255 255 255 255 255 255 255 255 255 255 255 255 255 255 255 255 255 255 
255 255 255 255 255 255 255 255 255 255 255 255 255 255 255 255 255 255 255 255 255 255 255 255 255 255 255 255 255 255 255 255 255 255 255 255 255 255 255 255 255 255 255 255 255 255 255 255 255 255 255 255 255 255 255 255 255 255 255 255 255 255 255 255 255 255 255 255 255 255 255 255 
255 255 255 255 255 255 255 255 255 255 255 255 255 255 255 255 255 255 255 255 255 255 255 255 255 255 255 255 255 255 255 255 255 255 255 255 255 255 255 255 255 255 255 255 255 255 255 255 255 255 255 255 255 255 255 255 255 255 255 255 255 255 255 255 255 255 255 255 255 255 255 255 
255 255 255 255 255 255 255 255 255 255 255 255 255 255 255 255 255 255 255 255 255 255 255 255 255 255 255 255 255 255 255 255 255 255 255 255 255 255 255 255 255 255 255 255 255 255 255 255 255 255 255 255 255 255 255 255 255 255 255 255 255 255 255 255 255 255 255 255 255 255 255 255 
255 255 255 255 255 255 255 255 255 255 255 255 255 255 255 255 255 255 255 255 255 255 255 255 255 255 255 255 255 255 255 255 255 255 255 255 255 255 255 255 255 255 255 255 255 255 255 255 255 255 255 255 255 255 255 255 255 255 255 255 255 255 255 255 255 255 255 255 255 255 255 255 
255 255 255 255 255 255 255 255 255 255 255 255 255 255 255 255 255 255 255 255 255 255 255 255 255 255 255 255 255 255 255 255 255 255 255 255 255 255 255 255 255 255 255 255 255 255 255 255 255 255 255 255 255 255 255 255 255 255 255 255 255 255 255 255 255 255 255 255 255 255 255 255 
255 255 255 255 255 255 255 255 255 255 255 255 255 255 255 255 255 255 255 255 255 255 255 255 255 255 255 255 255 255 255 255 255 255 255 255 255 255 255 255 255 255 255 255 255 255 255 255 255 255 255 255 255 255 255 255 255 255 255 255 255 255 255 255 255 255 255 255 255 255 255 255 
255 255 221 138 235 255 255 255 255 255 255 255 255 255 255 255 255 255 255 255 255 255 255 255 255 255 255 255 255 255 255 255 255 255 255 255 255 255 255 255 255 255 255 255 255 255 253 111 173 212 232 255 255 255 255 255 255 255 255 255 255 255 255 229 247 255 255 255 255 255 255 255 
255 255 130 000 006 077 137 201 255 255 255 255 255 255 255 255 255 255 255 255 255 255 255 255 255 255 255 255 255 255 255 255 255 255 255 255 255 255 255 255 255 255 255 255 255 255 255 000 000 000 035 251 255 255 255 255 255 255 255 255 255 255 255 058 000 007 004 123 255 255 255 255 
255 240 022 000 000 000 002 105 255 255 255 255 255 255 255 255 255 255 255 255 255 255 255 255 255 255 255 255 255 255 255 255 255 255 255 231 135 206 255 255 255 255 255 255 255 255 255 003 000 000 181 255 255 255 255 255 255 255 255 255 255 255 255 101 000 000 019 250 255 255 255 255 
255 114 000 000 000 013 196 255 255 255 255 255 255 255 255 255 255 255 255 255 255 255 255 255 255 255 255 255 255 255 255 255 255 230 080 004 000 102 255 255 255 255 255 255 255 255 246 000 000 021 252 255 255 255 255 255 255 255 255 255 255 255 255 127 000 000 051 255 255 255 255 255 
215 005 000 000 006 188 255 255 255 255 255 255 255 255 255 255 255 255 255 255 249 230 211 248 255 255 255 255 255 255 255 255 255 253 050 000 000 014 246 255 255 255 255 255 255 255 227 000 000 103 255 255 255 255 255 255 255 255 255 255 255 255 255 130 000 000 051 255 255 255 255 255 
064 000 000 000 008 031 031 031 031 031 031 031 031 028 027 025 024 022 021 011 000 000 073 255 255 255 255 255 255 255 255 255 255 255 177 000 000 000 150 255 255 255 255 135 130 148 133 000 000 113 166 165 158 150 126 123 255 255 255 255 255 255 255 134 000 000 051 255 255 255 255 255 
000 000 000 000 000 000 000 000 000 000 000 000 000 000 000 000 000 000 000 000 000 020 231 255 255 255 255 255 255 255 255 255 255 255 254 038 000 000 027 247 255 255 255 084 000 000 000 000 000 000 000 000 000 000 000 064 255 255 255 255 255 255 255 138 000 000 051 255 255 255 255 255 
000 000 014 029 029 029 029 029 029 029 029 029 029 029 029 029 004 000 000 000 003 182 255 255 255 255 255 255 255 255 255 255 255 255 255 150 000 000 000 141 255 255 255 102 000 000 004 006 006 006 006 006 004 000 000 084 255 255 255 255 255 255 255 142 000 000 051 255 255 255 255 255 
000 012 215 255 255 255 255 255 255 255 255 255 255 255 255 173 001 000 000 000 144 255 255 255 255 255 255 255 255 255 255 255 255 255 255 243 007 000 049 180 255 255 255 108 000 000 172 255 255 255 255 255 169 000 000 089 255 255 255 255 255 255 255 142 000 000 051 255 255 255 255 255 
002 176 255 255 255 255 255 255 255 255 255 255 255 255 197 012 000 000 000 104 255 255 255 255 255 255 255 255 255 255 255 255 255 255 255 255 126 183 255 255 255 255 255 110 000 000 172 255 255 255 255 255 169 000 000 091 255 225 246 255 255 255 255 142 000 000 051 255 254 234 255 255 
026 207 255 255 255 255 255 255 255 255 255 255 255 147 005 000 000 000 068 251 255 255 255 255 255 255 255 255 255 255 255 255 255 255 255 255 255 255 255 255 255 255 255 110 000 000 172 255 255 255 255 255 169 000 000 091 255 043 000 019 029 036 040 022 000 000 005 019 005 035 255 255 
000 006 135 253 255 255 255 255 255 255 255 245 091 000 000 000 000 074 243 255 255 255 255 255 255 255 255 255 255 255 255 255 255 255 255 255 255 255 255 255 255 255 255 110 000 000 119 176 176 176 176 176 117 000 000 091 255 043 000 000 000 000 000 000 000 000 000 000 000 035 255 255 
000 000 000 061 228 255 255 255 255 255 219 045 000 000 000 000 108 252 255 255 255 255 255 255 255 255 255 255 255 255 252 245 255 255 255 255 255 255 242 255 255 255 255 110 000 000 000 000 000 000 000 000 000 000 000 091 255 043 000 000 000 000 000 000 000 000 000 000 000 035 255 255 
058 000 000 000 023 195 255 255 254 159 015 000 000 000 002 145 255 255 255 255 255 255 255 255 255 255 255 255 255 255 224 001 027 038 043 041 036 020 050 255 255 255 255 110 000 000 000 000 000 000 000 000 000 000 000 091 255 190 201 225 234 240 243 136 000 000 047 223 205 189 255 255 
251 114 000 000 000 005 149 192 050 000 000 000 000 044 198 255 255 255 255 255 255 255 255 255 255 255 255 255 255 255 224 000 000 000 000 000 000 000 082 255 255 255 255 110 000 000 170 252 252 252 252 252 168 000 000 091 255 255 255 255 255 255 255 142 000 000 051 255 255 255 255 255 
255 255 146 002 000 000 000 000 000 000 000 009 134 250 255 255 255 255 255 255 255 255 255 255 255 255 255 255 255 255 224 000 000 000 000 000 000 000 108 255 255 255 255 110 000 000 172 255 255 255 255 255 169 000 000 091 255 255 255 255 255 255 255 142 000 000 051 255 255 255 255 255 
255 255 239 080 000 000 000 000 000 000 070 220 255 255 255 255 255 255 255 255 255 255 255 255 255 255 255 255 255 255 239 136 163 168 170 059 000 000 116 255 255 255 255 110 000 000 172 255 255 255 255 255 169 000 000 091 255 255 255 255 255 255 255 142 000 000 051 255 255 255 255 255 
189 091 009 000 000 000 000 000 048 184 255 255 255 255 255 255 255 255 255 255 255 255 255 255 255 255 255 255 255 255 255 255 255 255 255 087 000 000 124 255 255 255 255 110 000 000 148 219 219 219 219 219 146 000 000 091 255 227 173 124 192 255 255 142 000 000 051 255 255 255 255 255 
000 000 000 000 000 000 031 029 175 250 255 255 255 255 255 255 255 255 255 255 255 255 255 255 255 255 255 255 255 255 255 255 255 255 255 087 000 000 129 255 255 255 255 110 000 000 000 000 000 000 000 000 000 000 000 091 255 119 000 000 116 255 255 142 000 000 051 255 255 255 255 255 
000 000 000 000 031 158 095 000 000 008 046 197 255 255 255 255 255 255 255 255 255 255 255 255 255 255 255 255 255 255 255 255 255 255 255 087 000 000 129 255 255 255 255 110 000 000 000 000 000 000 000 000 000 000 000 091 255 192 000 000 066 255 255 142 000 000 051 255 255 255 255 255 
000 008 087 182 251 119 000 000 000 020 173 255 255 255 255 255 255 255 255 255 255 255 255 255 255 254 255 255 255 255 255 255 255 255 255 087 000 000 129 255 255 255 255 110 000 000 141 209 209 209 209 209 139 000 000 091 255 247 003 000 017 255 255 142 000 000 051 255 255 255 255 255 
154 240 255 253 104 000 000 000 000 053 080 080 080 080 080 080 078 077 075 073 071 069 052 030 020 237 255 255 255 255 255 255 255 255 255 087 000 000 129 255 255 255 255 110 000 000 172 255 255 255 255 255 169 000 000 091 255 255 042 000 000 219 255 142 000 000 051 255 255 255 255 255 
255 255 251 090 000 000 000 000 000 000 000 000 000 000 000 000 000 000 000 000 000 000 000 000 113 255 255 255 255 255 255 255 255 255 255 087 000 000 129 255 255 255 255 110 000 000 172 255 255 255 255 255 169 000 000 091 255 255 090 000 000 159 255 142 000 000 051 255 255 255 255 255 
255 229 066 000 000 000 000 000 000 000 000 000 000 000 000 000 000 000 000 000 000 000 000 005 227 255 255 255 255 255 255 255 255 255 255 087 000 000 129 255 255 255 255 110 000 000 172 249 228 207 186 165 098 000 000 091 255 255 138 000 000 098 255 142 000 000 051 255 255 255 255 255 
178 020 000 000 000 040 186 191 191 191 191 191 191 191 191 191 191 191 191 051 000 000 000 116 255 255 255 255 255 255 255 255 255 255 255 087 000 000 129 255 242 055 056 023 000 000 007 000 000 000 000 000 000 000 000 091 255 255 175 000 000 036 255 142 000 000 051 255 255 255 255 255 
000 000 000 000 000 188 255 255 255 255 255 255 255 255 255 255 255 255 210 004 000 000 027 243 255 255 255 255 255 255 255 255 255 255 255 087 000 000 129 255 255 027 000 000 000 000 000 000 000 000 000 000 033 000 000 091 255 255 192 036 101 168 255 142 000 000 051 255 255 255 255 255 
000 000 000 000 000 008 150 255 255 255 255 255 255 255 255 255 255 254 057 000 000 000 170 255 255 255 255 255 255 255 255 255 255 255 255 087 000 000 129 255 255 078 007 045 086 126 166 193 217 076 000 044 166 000 000 091 255 255 255 255 255 255 255 142 000 000 051 255 255 255 255 255 
000 000 071 003 000 000 000 085 240 255 255 255 255 255 255 255 255 127 000 000 000 069 255 255 255 255 255 255 255 255 255 255 255 255 255 087 000 000 129 255 209 222 246 255 255 255 255 255 154 000 000 185 169 000 000 091 255 255 255 255 255 255 255 142 000 000 051 255 255 255 255 255 
014 170 255 193 029 000 000 000 034 206 255 255 255 255 255 255 159 000 000 000 008 217 255 255 255 255 255 255 255 255 255 255 255 255 255 087 000 000 129 241 040 250 255 255 255 255 255 211 009 000 073 255 169 000 000 091 255 255 255 255 255 255 255 142 000 000 051 255 255 255 255 255 
228 255 255 255 238 082 000 000 000 010 172 255 255 255 255 156 004 000 000 002 173 255 255 255 255 255 255 255 255 255 255 255 255 255 255 087 000 000 129 088 000 193 255 255 255 255 225 030 000 012 217 255 169 000 000 091 255 255 255 255 255 255 255 142 000 000 051 255 255 255 255 255 
255 255 255 255 255 255 146 003 000 000 001 131 255 253 120 000 000 000 000 152 255 255 255 255 255 255 255 255 255 255 255 255 255 255 255 087 000 000 031 000 000 111 255 255 255 231 037 000 000 164 255 255 169 000 000 091 255 255 255 255 255 255 255 142 000 000 051 255 255 255 255 255 
255 255 255 255 255 255 255 174 008 000 000 000 085 058 000 000 000 000 127 255 255 255 255 255 255 255 255 255 255 255 255 255 255 255 255 078 000 000 000 000 025 228 255 255 236 044 000 000 099 255 255 255 169 000 000 091 255 255 255 255 255 255 255 142 000 000 051 255 255 255 255 255 
255 255 255 255 255 255 255 255 194 016 000 000 000 000 000 000 002 124 255 255 255 255 255 255 255 255 255 255 255 255 255 255 255 255 254 038 000 000 000 008 201 255 255 235 051 000 000 045 246 255 255 255 169 000 000 091 255 255 255 255 255 255 255 142 000 000 051 255 255 255 255 255 
255 255 255 255 255 255 255 231 149 044 000 000 000 000 000 038 198 255 255 255 255 255 255 255 255 255 255 255 255 255 255 255 255 255 163 000 000 000 000 165 255 255 205 030 000 000 012 216 255 255 255 255 169 000 000 091 255 255 255 255 255 255 255 142 000 000 051 255 255 255 255 255 
255 255 250 204 149 094 040 001 000 000 000 000 000 001 111 246 255 255 255 255 255 255 255 255 255 255 255 255 255 255 255 255 255 237 032 000 000 000 120 255 254 154 008 000 000 000 164 255 255 255 255 255 169 000 000 091 255 255 255 255 255 255 255 142 000 000 051 255 255 255 255 255 
086 054 008 000 000 000 000 000 000 000 000 009 100 210 255 255 255 255 255 255 255 255 255 255 255 255 255 255 255 255 255 255 255 104 000 000 000 069 253 255 199 058 000 000 000 130 255 255 255 255 255 255 134 000 000 091 255 255 255 214 237 255 251 083 000 000 051 255 255 255 255 255 
000 000 000 000 000 000 000 000 000 049 146 237 255 255 255 255 255 255 255 255 255 255 255 255 255 255 255 255 255 255 255 255 255 250 067 000 022 235 255 255 255 255 168 016 130 255 255 255 255 126 099 072 002 000 000 095 255 255 255 197 000 014 013 000 000 000 052 255 255 255 255 255 
000 000 000 000 000 009 074 148 222 255 255 255 255 255 255 255 255 255 255 255 255 255 255 255 255 255 255 255 255 255 255 255 255 255 239 035 157 255 255 255 255 255 255 223 255 255 255 255 255 189 000 000 000 000 000 153 255 255 255 255 047 000 000 000 000 000 083 255 255 255 255 255 
002 039 086 134 184 246 255 255 255 255 255 255 255 255 255 255 255 255 255 255 255 255 255 255 255 255 255 255 255 255 255 255 255 255 255 205 254 255 255 255 255 255 255 255 255 255 255 255 255 254 028 000 000 000 088 244 255 255 255 255 128 000 000 000 000 040 206 255 255 255 255 255 
245 255 255 255 255 255 255 255 255 255 255 255 255 255 255 255 255 255 255 255 255 255 255 255 255 255 255 255 255 255 255 255 255 255 255 255 255 255 255 255 255 255 255 255 255 255 255 255 255 255 133 110 158 219 255 255 255 255 255 255 188 068 101 150 204 251 255 255 255 255 255 255 
255 255 255 255 255 255 255 255 255 255 255 255 255 255 255 255 255 255 255 255 255 255 255 255 255 255 255 255 255 255 255 255 255 255 255 255 255 255 255 255 255 255 255 255 255 255 255 255 255 255 255 255 255 255 255 255 255 255 255 255 255 255 255 255 255 255 255 255 255 255 255 255 
255 255 255 255 255 255 255 255 255 255 255 255 255 255 255 255 255 255 255 255 255 255 255 255 255 255 255 255 255 255 255 255 255 255 255 255 255 255 255 255 255 255 255 255 255 255 255 255 255 255 255 255 255 255 255 255 255 255 255 255 255 255 255 255 255 255 255 255 255 255 255 255 
255 255 255 255 255 255 255 255 255 255 255 255 255 255 255 255 255 255 255 255 255 255 255 255 255 255 255 255 255 255 255 255 255 255 255 255 255 255 255 255 255 255 255 255 255 255 255 255 255 255 255 255 255 255 255 255 255 255 255 255 255 255 255 255 255 255 255 255 255 255 255 255 
255 255 255 255 255 255 255 255 255 255 255 255 255 255 255 255 255 255 255 255 255 255 255 255 255 255 255 255 255 255 255 255 255 255 255 255 255 255 255 255 255 255 255 255 255 255 255 255 255 255 255 255 255 255 255 255 255 255 255 255 255 255 255 255 255 255 255 255 255 255 255 255 
255 255 255 255 255 255 255 255 255 255 255 255 255 255 255 255 255 255 255 255 255 255 255 255 255 255 255 255 255 255 255 255 255 255 255 255 255 255 255 255 255 255 255 255 255 255 255 255 255 255 255 255 255 255 255 255 255 255 255 255 255 255 255 255 255 255 255 255 255 255 255 255 
255 255 255 255 255 255 255 255 255 255 255 255 255 255 255 255 255 255 255 255 255 255 255 255 255 255 255 255 255 255 255 255 255 255 255 255 255 255 255 255 255 255 255 255 255 255 255 255 255 255 255 255 255 255 255 255 255 255 255 255 255 255 255 255 255 255 255 255 255 255 255 255 
255 255 255 255 255 255 255 255 255 255 255 255 255 255 255 255 255 255 255 255 255 255 255 255 255 255 255 255 255 255 255 255 255 255 255 255 255 255 255 255 255 255 255 255 255 255 255 255 255 255 255 255 255 255 255 255 255 255 255 255 255 255 255 255 255 255 255 255 255 255 255 255 
255 255 255 255 255 255 255 255 255 255 255 255 255 255 255 255 255 255 255 255 255 255 255 255 255 255 255 255 255 255 255 255 255 255 255 255 255 255 255 255 255 255 255 255 255 255 255 255 255 255 255 255 255 255 255 255 255 255 255 255 255 255 255 255 255 255 255 255 255 255 255 255 
255 255 255 255 255 255 255 255 255 255 255 255 255 255 255 255 255 255 255 255 255 255 255 255 255 255 255 255 255 255 255 255 255 255 255 255 255 255 255 255 255 255 255 255 255 255 255 255 255 255 255 255 255 255 255 255 255 255 255 255 255 255 255 255 255 255 255 255 255 255 255 255 
255 255 255 255 255 255 255 255 255 255 255 255 255 255 255 255 255 255 255 255 255 255 255 255 255 255 255 255 255 255 255 255 255 255 255 255 255 255 255 255 255 255 255 255 255 255 255 255 255 255 255 255 255 255 255 255 255 255 255 255 255 255 255 255 255 255 255 255 255 255 255 255 
255 255 255 255 255 255 255 255 255 255 255 255 255 255 255 255 255 255 255 255 255 255 255 255 255 255 255 255 255 255 255 255 255 255 255 255 255 255 255 255 255 255 255 255 255 255 255 255 255 255 255 255 255 255 255 255 255 255 255 255 255 255 255 255 255 255 255 255 255 255 255 255 
255 255 255 255 255 255 255 255 255 255 255 255 255 255 255 255 255 255 255 255 255 255 255 255 255 255 255 255 255 255 255 255 255 255 255 255 255 255 255 255 255 255 255 255 255 255 255 255 255 255 255 255 255 255 255 255 255 255 255 255 255 255 255 255 255 255 255 255 255 255 255 255 
255 255 255 255 255 255 255 255 255 255 255 255 255 255 255 255 255 255 255 255 255 255 255 255 255 255 255 255 255 255 255 255 255 255 255 255 255 255 255 255 255 255 255 255 255 255 255 255 255 255 255 255 255 255 255 255 255 255 255 255 255 255 255 255 255 255 255 255 255 255 255 255 
255 255 255 255 255 255 255 255 255 255 255 255 255 255 255 255 255 255 255 255 255 255 255 255 255 255 255 255 255 255 255 255 255 255 255 255 255 255 255 255 255 255 255 255 255 255 255 255 255 255 255 255 255 255 255 255 255 255 255 255 255 255 255 255 255 255 255 255 255 255 255 255 
255 255 255 255 255 255 255 255 255 255 255 255 255 255 255 255 255 255 255 255 255 255 255 255 255 255 255 255 255 255 255 255 255 255 255 255 255 255 255 255 255 255 255 255 255 255 255 255 255 255 255 255 255 255 255 255 255 255 255 255 255 255 255 255 255 255 255 255 255 255 255 255 
255 255 255 255 255 255 255 255 255 255 255 255 255 255 255 255 255 255 255 255 255 255 255 255 255 255 255 255 255 255 255 255 255 255 255 255 255 255 255 255 255 255 255 255 255 255 255 255 255 255 255 255 255 255 255 255 255 255 255 255 255 255 255 255 255 255 255 255 255 255 255 255 
255 255 255 255 255 255 255 255 255 255 255 255 255 255 255 255 255 255 255 255 255 255 255 255 255 255 255 255 255 255 255 255 255 255 255 255 255 255 255 255 255 255 255 255 255 255 255 255 255 255 255 255 255 255 255 255 255 255 255 255 255 255 255 255 255 255 255 255 255 255 255 255 
255 255 255 255 255 255 255 255 255 255 255 255 255 255 255 255 255 255 255 255 255 255 255 255 255 255 255 255 255 255 255 255 255 255 255 255 255 255 255 255 255 255 255 255 255 255 255 255 255 255 255 255 255 255 255 255 255 255 255 255 255 255 255 255 255 255 255 255 255 255 255 255 
255 255 255 255 255 255 255 255 255 255 255 255 255 255 255 255 255 255 255 255 255 255 255 255 255 255 255 255 255 255 255 255 255 255 255 255 255 255 255 255 255 255 255 255 255 255 255 255 255 255 255 255 255 255 255 255 255 255 255 255 255 255 255 255 255 255 255 255 255 255 255 255 
255 255 255 255 255 255 255 255 255 255 255 255 255 255 255 255 255 255 255 255 255 255 255 255 255 255 255 255 255 255 255 255 255 255 255 255 255 255 255 255 255 255 255 255 255 255 255 255 255 255 255 255 255 255 255 255 255 255 255 255 255 255 255 255 255 255 255 255 255 255 255 255 
255 255 255 255 255 255 255 255 255 255 255 255 255 255 255 255 255 255 255 255 255 255 255 255 255 255 255 255 255 255 255 255 255 255 255 255 255 255 255 255 255 255 255 255 255 255 255 255 255 255 255 255 255 255 255 255 255 255 255 255 255 255 255 255 255 255 255 255 255 255 255 255 
255 255 255 255 255 255 255 255 255 255 255 255 255 255 255 255 255 255 255 255 255 255 255 255 255 255 255 255 255 255 255 255 255 255 255 255 255 255 255 255 255 255 255 255 255 255 255 255 255 255 255 255 255 255 255 255 255 255 255 255 255 255 255 255 255 255 255 255 255 255 255 255 
255 255 255 255 255 255 255 255 255 255 255 255 255 255 255 255 255 255 255 255 255 255 255 255 255 255 255 255 255 255 255 255 255 255 255 255 255 255 255 255 255 255 255 255 255 255 255 255 255 255 255 255 255 255 255 255 255 255 255 255 255 255 255 255 255 255 255 255 255 255 255 255 
255 255 255 255 255 255 255 255 255 255 255 255 255 255 255 255 255 255 255 255 255 255 255 255 255 255 255 255 255 255 255 255 255 255 255 255 255 255 255 255 255 255 255 255 255 255 255 255 255 255 255 255 255 255 255 255 255 255 255 255 255 255 255 255 255 255 255 255 255 255 255 255 
255 255 255 255 255 255 255 255 255 255 255 255 255 255 255 255 255 255 255 255 255 255 255 255 255 255 255 255 255 255 255 255 255 255 255 255 255 255 255 255 255 255 255 255 255 255 255 255 255 255 255 255 255 255 255 255 255 255 255 255 255 255 255 255 255 255 255 255 255 255 255 255 
255 255 255 255 255 255 255 255 255 255 255 255 255 255 255 255 255 255 255 255 255 255 255 255 255 255 255 255 255 255 255 255 255 255 255 255 255 255 255 255 255 255 255 255 255 255 255 255 255 255 255 255 255 255 255 255 255 255 255 255 255 255 255 255 255 255 255 255 255 255 255 255 
255 255 255 255 255 255 255 255 255 255 255 255 255 255 255 255 255 255 255 255 255 255 255 255 255 255 255 255 255 255 255 255 255 255 255 255 255 255 255 255 255 255 255 255 255 255 255 255 255 255 255 255 255 255 255 255 255 255 255 255 255 255 255 255 255 255 255 255 255 255 255 255 
255 255 255 255 255 255 255 255 255 255 255 255 255 255 255 255 255 255 255 255 255 255 255 255 255 255 255 255 255 255 255 255 255 255 255 255 255 255 255 255 255 255 255 255 255 255 255 255 255 255 255 255 255 255 255 255 255 255 255 255 255 255 255 255 255 255 255 255 255 255 255 255 
255 255 255 255 255 255 253 082 108 131 134 135 250 255 255 255 255 255 255 255 255 255 255 255 255 255 255 255 255 255 255 255 255 255 255 255 255 255 255 255 255 255 255 255 255 255 255 255 255 255 255 255 255 255 255 255 255 255 255 255 255 255 255 255 255 255 255 255 255 255 255 255 
245 255 255 255 255 255 255 019 000 000 000 115 255 255 255 255 255 124 116 201 245 255 255 255 255 255 255 255 255 255 255 255 255 255 255 255 255 255 255 255 255 255 255 255 255 255 255 255 180 115 150 167 173 181 248 255 255 255 255 255 255 255 255 255 255 255 255 255 255 255 255 255 
109 255 255 255 255 255 255 041 000 000 000 227 255 255 255 255 255 034 000 000 001 038 235 255 255 255 255 255 255 255 255 255 255 255 255 255 255 255 255 255 255 255 255 255 255 255 255 255 162 000 000 000 000 043 240 255 255 255 255 255 255 255 255 255 255 255 255 255 255 255 255 255 
001 191 255 255 255 255 255 045 000 000 003 255 255 255 255 255 202 000 000 000 010 200 255 255 255 255 255 255 255 255 255 255 255 255 255 255 255 255 255 255 255 255 255 255 255 255 255 255 190 000 000 000 000 173 255 255 255 255 255 255 255 255 255 255 255 255 255 255 255 255 255 255 
000 025 224 255 255 255 255 047 000 000 005 255 255 255 255 255 102 000 000 000 153 255 255 255 255 255 255 255 255 255 255 255 255 255 255 255 255 255 255 255 255 255 255 255 255 255 255 255 203 000 000 000 000 227 255 255 255 255 255 255 255 255 255 255 255 255 255 255 255 255 255 255 
000 000 119 255 255 255 255 049 000 000 005 255 255 255 255 245 014 000 000 071 255 255 255 255 255 255 255 255 255 255 255 255 255 255 255 255 255 255 255 255 255 255 255 255 255 255 255 255 205 000 000 000 009 255 255 255 255 255 255 255 255 255 255 255 255 255 255 255 255 255 255 255 
056 196 255 255 255 255 255 052 000 000 005 255 255 255 255 141 000 000 002 209 255 255 255 255 255 255 255 255 255 255 255 255 255 255 255 255 255 255 255 255 255 255 255 255 255 255 255 255 207 000 000 000 016 255 255 255 255 255 255 255 255 255 255 255 255 255 255 255 255 255 255 255 
101 101 101 101 101 101 101 021 000 000 002 101 101 101 101 019 000 000 016 086 082 079 075 071 068 060 050 040 189 255 255 255 255 255 255 255 255 255 255 255 255 255 255 255 255 255 255 255 209 000 000 000 017 255 255 255 255 255 255 255 255 255 255 255 255 255 255 255 255 255 255 255 
000 000 000 000 000 000 000 000 000 000 000 000 000 000 000 000 000 000 000 000 000 000 000 000 000 000 000 000 178 255 255 255 255 255 255 255 255 255 255 255 255 255 255 255 255 255 255 255 211 000 000 000 017 255 255 255 255 255 255 255 255 255 255 255 255 255 255 255 255 255 255 255 
000 000 000 000 000 000 000 000 000 000 000 000 000 000 000 000 000 000 000 000 000 000 000 000 000 000 000 000 178 255 255 255 255 255 255 255 255 255 255 255 255 255 255 255 255 255 255 255 213 000 000 000 017 255 255 255 255 255 255 255 255 255 255 255 255 255 255 255 255 255 255 255 
193 193 193 193 193 193 193 193 193 193 193 193 193 193 193 193 193 193 193 193 193 193 193 193 104 000 000 000 178 255 255 255 255 255 255 255 255 255 255 255 255 255 255 255 255 255 255 255 215 000 000 000 017 255 255 255 255 255 255 255 255 255 255 255 255 255 255 255 255 255 255 255 
255 255 255 255 255 255 255 255 255 255 255 255 255 255 255 255 255 255 255 255 255 255 255 255 137 000 000 000 178 255 255 255 255 255 255 255 255 255 255 255 255 255 255 255 255 255 255 255 217 000 000 000 017 255 255 255 255 255 255 255 255 255 255 255 255 255 255 255 255 255 255 255 
188 200 204 205 206 207 208 209 209 210 209 208 207 206 206 205 203 192 180 169 178 255 255 255 137 000 000 000 178 255 255 255 255 255 255 255 255 255 255 255 255 255 255 255 255 255 255 255 219 000 000 000 006 098 098 098 098 098 098 095 092 089 086 083 074 055 036 023 255 255 255 255 
000 000 000 000 000 000 000 000 000 000 000 000 000 000 000 000 000 000 000 000 064 255 255 255 137 000 000 000 178 255 255 255 255 255 255 255 255 255 255 255 255 255 255 255 255 255 255 255 219 000 000 000 000 000 000 000 000 000 000 000 000 000 000 000 000 000 000 005 255 255 255 255 
000 000 000 000 000 000 000 000 000 000 000 000 000 000 000 000 000 000 000 000 083 255 255 255 167 063 063 063 198 255 255 255 255 255 255 255 255 255 255 255 255 255 255 255 255 255 255 255 219 000 000 000 000 000 000 000 000 000 000 000 000 000 000 000 000 000 000 005 255 255 255 255 
000 079 107 107 107 107 107 107 107 107 107 107 107 107 107 107 107 015 000 000 088 255 255 255 255 255 255 255 255 255 255 255 255 255 255 255 255 255 255 255 255 255 255 255 255 255 255 255 219 000 000 000 000 000 000 000 000 000 000 000 000 000 000 000 000 000 000 005 255 255 255 255 
000 187 255 255 255 255 255 255 255 255 255 255 255 255 255 255 255 036 000 000 090 255 255 255 255 255 255 255 255 255 255 255 255 255 255 255 255 255 255 255 255 255 255 255 255 255 255 255 219 000 000 000 017 251 251 251 251 251 251 250 248 245 243 241 232 212 192 173 255 255 255 255 
000 135 184 184 184 184 184 184 184 184 184 184 184 184 184 184 184 026 000 000 089 255 255 255 255 255 255 255 255 255 255 255 255 255 255 255 255 255 255 255 255 255 255 255 255 255 255 255 219 000 000 000 017 255 255 255 255 255 255 255 255 255 255 255 255 255 255 255 255 255 255 255 
000 000 000 000 000 000 000 000 000 000 000 000 000 000 000 000 000 000 000 000 085 255 255 255 255 255 255 255 255 255 255 255 255 255 255 255 255 255 255 255 255 255 255 255 255 255 255 255 219 000 000 000 017 255 255 255 255 255 255 255 255 255 255 255 255 255 255 255 255 255 255 255 
000 000 000 000 000 000 000 000 000 000 000 000 000 000 000 000 000 000 000 000 068 255 255 255 255 255 255 255 255 255 255 255 255 255 255 255 255 255 255 255 255 255 255 255 255 255 255 255 219 000 000 000 017 255 255 255 255 255 255 255 255 255 255 255 255 255 255 255 255 255 255 255 
122 130 132 132 132 132 132 132 132 132 132 132 132 132 132 132 131 125 117 109 134 255 255 255 255 255 255 255 255 255 255 255 255 255 255 255 255 255 255 255 255 255 255 255 255 255 255 255 219 000 000 000 017 255 255 255 255 255 255 255 255 255 255 255 255 255 255 255 255 255 255 255 
255 255 255 255 255 255 255 255 255 255 255 255 255 255 255 255 255 255 255 255 255 255 255 255 255 255 255 255 255 255 255 255 255 255 255 255 255 255 255 255 255 255 255 255 255 255 255 255 219 000 000 000 017 255 255 255 255 255 255 255 255 255 255 255 255 255 255 255 255 255 255 255 
255 255 255 255 255 255 255 255 255 255 255 255 255 255 255 255 255 255 255 255 255 255 245 255 255 255 255 255 255 255 255 255 255 255 255 255 255 255 255 255 255 255 255 255 255 255 255 255 219 000 000 000 017 255 255 255 255 255 255 255 255 255 255 255 255 255 255 255 255 255 255 255 
045 046 048 050 052 054 056 057 060 059 058 057 056 055 054 052 051 050 048 035 020 005 001 252 255 255 255 255 255 255 255 255 255 255 255 255 255 255 255 255 255 255 255 255 255 255 255 255 219 000 000 000 017 255 255 255 255 255 255 255 255 255 255 255 255 255 255 255 255 255 255 255 
000 000 000 000 000 000 000 000 000 000 000 000 000 000 000 000 000 000 000 000 000 000 014 255 255 255 255 255 255 255 255 255 255 255 255 255 255 255 255 255 255 255 255 255 255 255 255 255 219 000 000 000 017 255 255 255 255 255 255 255 255 255 255 255 255 255 255 255 255 255 255 255 
000 000 000 000 000 000 000 000 000 000 000 000 000 000 000 000 000 000 000 000 000 000 019 255 255 255 255 255 255 255 255 255 255 255 255 255 255 255 255 255 255 255 255 255 255 255 255 255 219 000 000 000 017 255 255 255 255 255 255 255 255 255 255 255 255 255 255 255 255 255 255 255 
255 255 255 255 255 255 255 255 255 255 255 255 255 255 255 255 255 255 250 000 000 000 020 255 255 255 255 255 255 255 255 255 255 255 255 255 255 255 255 255 255 255 255 255 255 255 255 255 219 000 000 000 017 255 255 255 255 255 255 255 255 255 255 255 255 255 255 255 255 255 255 255 
255 255 255 255 255 255 255 255 255 255 255 255 255 255 255 255 255 255 250 000 000 000 020 255 255 255 255 255 255 255 255 255 255 255 255 255 255 255 255 255 255 255 255 255 255 255 255 255 219 000 000 000 017 255 255 255 255 255 255 255 255 255 255 255 255 255 255 255 255 255 255 255 
255 255 255 255 255 255 207 029 093 128 134 235 255 255 255 255 255 255 250 000 000 000 020 255 255 255 255 255 255 255 255 255 255 255 255 255 255 255 255 255 255 255 255 255 255 255 255 255 219 000 000 000 017 255 255 255 255 255 255 255 255 255 255 255 255 255 255 255 255 255 255 255 
255 255 255 255 255 255 160 000 000 000 055 249 255 255 255 255 255 255 250 000 000 000 020 255 255 255 255 255 255 255 255 255 255 255 255 255 255 255 255 255 255 255 255 255 255 255 255 255 219 000 000 000 017 255 255 255 255 255 255 255 255 255 255 255 255 255 255 255 255 255 255 255 
255 255 255 255 255 255 056 000 000 005 221 255 255 255 255 255 255 255 250 000 000 000 019 255 255 255 255 255 255 255 255 255 255 255 255 255 255 255 255 255 255 255 255 255 255 255 255 255 219 000 000 000 017 255 255 255 255 255 255 255 255 255 255 255 255 255 255 255 255 255 255 255 
255 255 255 255 255 189 000 000 000 094 255 255 255 255 255 255 255 255 250 000 000 000 013 255 255 255 255 255 255 255 255 255 255 255 255 255 255 255 255 255 255 255 255 255 255 255 255 255 219 000 000 000 017 255 255 255 255 255 255 255 255 255 255 255 255 255 255 255 255 255 255 255 
255 255 255 255 250 060 000 000 002 212 255 255 228 102 190 254 255 255 250 000 000 000 001 251 255 255 255 255 255 255 255 255 255 255 255 255 255 255 255 255 255 255 255 255 255 255 255 255 219 000 000 000 017 255 255 255 255 255 255 255 255 255 255 255 255 255 255 255 255 255 255 255 
255 255 255 244 076 000 000 000 103 255 255 255 073 000 000 029 122 227 253 122 122 122 122 246 255 255 255 255 255 255 255 255 255 131 034 047 060 073 086 099 106 109 112 115 118 122 125 128 113 000 000 000 009 131 130 128 127 125 124 123 121 120 118 117 113 100 087 074 062 049 036 085 
255 254 179 037 000 000 000 076 251 255 255 158 000 000 000 000 000 004 086 197 255 255 255 255 255 255 255 255 255 255 255 255 255 117 000 000 000 000 000 000 000 000 000 000 000 000 000 000 000 000 000 000 000 000 000 000 000 000 000 000 000 000 000 000 000 000 000 000 000 000 000 066 
155 041 000 000 000 000 063 247 255 255 255 230 140 046 000 000 000 000 000 000 053 164 250 255 255 255 255 255 255 255 255 255 255 117 000 000 000 000 000 000 000 000 000 000 000 000 000 000 000 000 000 000 000 000 000 000 000 000 000 000 000 000 000 000 000 000 000 000 000 000 000 066 
000 000 000 000 000 099 243 255 255 255 255 255 255 255 204 079 000 000 000 000 000 000 025 136 244 255 255 255 255 255 255 255 255 117 000 000 000 000 000 000 000 000 000 000 000 000 000 000 000 000 000 000 000 000 000 000 000 000 000 000 000 000 000 000 000 000 000 000 000 000 000 066 
000 000 000 060 196 255 255 255 255 255 255 255 255 255 255 255 204 074 000 000 000 000 000 000 022 142 248 255 255 255 255 255 255 194 151 164 176 189 202 214 227 234 236 237 239 240 241 243 244 245 247 248 249 249 247 246 244 243 242 240 239 238 236 235 230 217 204 192 179 166 154 172 
006 080 183 255 255 255 255 255 255 255 255 255 255 255 255 255 255 255 199 068 000 000 000 000 000 060 250 255 255 255 255 255 255 255 255 255 255 255 255 255 255 255 255 255 255 255 255 255 255 255 255 255 255 255 255 255 255 255 255 255 255 255 255 255 255 255 255 255 255 255 255 255 
237 255 255 255 255 255 255 255 255 255 255 255 255 255 255 255 255 255 255 255 193 054 000 000 027 232 255 255 255 255 255 255 255 255 255 255 255 255 255 255 255 255 255 255 255 255 255 255 255 255 255 255 255 255 255 255 255 255 255 255 255 255 255 255 255 255 255 255 255 255 255 255 
255 255 255 255 255 255 255 255 255 255 255 255 255 255 255 255 255 255 255 255 255 251 117 009 202 255 255 255 255 255 255 255 255 255 255 255 255 255 255 255 255 255 255 255 255 255 255 255 255 255 255 255 255 255 255 255 255 255 255 255 255 255 255 255 255 255 255 255 255 255 255 255 
255 255 255 255 255 255 255 255 255 255 255 255 255 255 255 255 255 255 255 255 255 255 255 229 255 255 255 255 255 255 255 255 255 255 255 255 255 255 255 255 255 255 255 255 255 255 255 255 255 255 255 255 255 255 255 255 255 255 255 255 255 255 255 255 255 255 255 255 255 255 255 255 
255 255 255 255 255 255 255 255 255 255 255 255 255 255 255 255 255 255 255 255 255 255 255 255 255 255 255 255 255 255 255 255 255 255 255 255 255 255 255 255 255 255 255 255 255 255 255 255 255 255 255 255 255 255 255 255 255 255 255 255 255 255 255 255 255 255 255 255 255 255 255 255 
255 255 255 255 255 255 255 255 255 255 255 255 255 255 255 255 255 255 255 255 255 255 255 255 255 255 255 255 255 255 255 255 255 255 255 255 255 255 255 255 255 255 255 255 255 255 255 255 255 255 255 255 255 255 255 255 255 255 255 255 255 255 255 255 255 255 255 255 255 255 255 255 
255 255 255 255 255 255 255 255 255 255 255 255 255 255 255 255 255 255 255 255 255 255 255 255 255 255 255 255 255 255 255 255 255 255 255 255 255 255 255 255 255 255 255 255 255 255 255 255 255 255 255 255 255 255 255 255 255 255 255 255 255 255 255 255 255 255 255 255 255 255 255 255 
255 255 255 255 255 255 255 255 255 255 255 255 255 255 255 255 255 255 255 255 255 255 255 255 255 255 255 255 255 255 255 255 255 255 255 255 255 255 255 255 255 255 255 255 255 255 255 255 255 255 255 255 255 255 255 255 255 255 255 255 255 255 255 255 255 255 255 255 255 255 255 255 
255 255 255 255 255 255 255 255 255 255 255 255 255 255 255 255 255 255 255 255 255 255 255 255 255 255 255 255 255 255 255 255 255 255 255 255 255 255 255 255 255 255 255 255 255 255 255 255 255 255 255 255 255 255 255 255 255 255 255 255 255 255 255 255 255 255 255 255 255 255 255 255 
255 255 255 255 255 255 255 255 255 255 255 255 255 255 255 255 255 255 255 255 255 255 255 255 255 255 255 255 255 255 255 255 255 255 255 255 255 255 255 255 255 255 255 255 255 255 255 255 255 255 255 255 255 255 255 255 255 255 255 255 255 255 255 255 255 255 255 255 255 255 255 255 
255 255 255 255 255 255 255 255 255 255 255 255 255 255 255 255 255 255 255 255 255 255 255 255 255 255 255 255 255 255 255 255 255 255 255 255 255 255 255 255 255 255 255 255 255 255 255 255 255 255 255 255 255 255 255 255 255 255 255 255 255 255 255 255 255 255 255 255 255 255 255 255 
255 255 255 255 255 255 255 255 255 255 255 255 255 255 255 255 255 255 255 255 255 255 255 255 255 255 255 255 255 255 255 255 255 255 255 255 255 255 255 255 255 255 255 255 255 255 255 255 255 255 255 255 255 255 255 255 255 255 255 255 255 255 255 255 255 255 255 255 255 255 255 255 
255 255 255 255 255 255 255 255 255 255 255 255 255 255 255 255 255 255 255 255 255 255 255 255 255 255 255 255 255 255 255 255 255 255 255 255 255 255 255 255 255 255 255 255 255 255 255 255 255 255 255 255 255 255 255 255 255 255 255 255 255 255 255 255 255 255 255 255 255 255 255 255 
255 255 255 255 255 255 255 255 255 255 255 255 255 255 255 255 255 255 255 255 255 255 255 255 255 255 255 255 255 255 255 255 255 255 255 255 255 255 255 255 255 255 255 255 255 255 255 255 255 255 255 255 255 255 255 255 255 255 255 255 255 255 255 255 255 255 255 255 255 255 255 255 
255 255 255 255 255 255 255 255 255 255 255 255 255 255 255 255 255 255 255 255 255 255 255 255 255 255 255 255 255 255 255 255 255 255 255 255 255 255 255 255 255 255 255 255 255 255 255 255 255 255 255 255 255 255 255 255 255 255 255 255 255 255 255 255 255 255 255 255 255 255 255 255 
255 255 255 255 255 255 255 255 255 255 255 255 255 255 255 255 255 255 255 255 255 255 255 255 255 255 255 255 255 255 255 255 255 255 255 255 255 255 255 255 255 255 255 255 255 255 255 255 255 255 255 255 255 255 255 255 255 255 255 255 255 255 255 255 255 255 255 255 255 255 255 255 
255 255 255 255 255 255 255 255 255 255 255 255 255 255 255 255 255 255 255 255 255 255 255 255 255 255 255 255 255 255 255 255 255 255 255 255 255 255 255 255 255 255 255 255 255 255 255 255 255 255 255 255 255 255 255 255 255 255 255 255 255 255 255 255 255 255 255 255 255 255 255 255 
255 255 255 255 255 255 255 255 255 255 255 255 255 255 255 255 255 255 255 255 255 255 255 255 255 255 255 255 255 255 255 255 255 255 255 255 255 255 255 255 255 255 255 255 255 255 255 255 255 255 255 255 255 255 255 255 255 255 255 255 255 255 255 255 255 255 255 255 255 255 255 255 
