255 255 255 255 255 113 000 000 080 255 255 255 255 255 255 255 255 255 255 255 255 255 255 255 255 255 255 255 255 255 255 255 255 255 255 255 255 255 255 255 255 255 255 255 255 255 255 118 000 000 000 041 253 000 000 000 150 255 255 255 255 118 000 000 048 255 255 255 255 255 255 048 
255 255 255 255 255 113 000 000 080 255 255 255 255 255 255 255 255 255 255 255 255 255 255 255 255 255 255 255 255 255 255 255 255 255 255 255 255 255 255 255 255 255 255 255 255 255 255 193 018 000 000 175 255 000 000 000 150 255 255 255 255 113 000 000 048 255 255 255 255 255 255 043 
255 255 255 255 255 113 000 000 080 255 255 255 255 255 255 255 255 255 255 255 255 255 255 255 255 255 255 255 255 255 255 255 255 255 255 255 255 255 255 255 255 255 255 255 255 255 255 255 209 009 079 255 255 000 000 000 150 255 255 255 255 108 000 000 032 167 167 167 167 167 167 026 
255 255 255 255 255 113 000 000 080 255 255 255 255 255 255 255 255 255 255 255 255 255 255 255 255 255 255 255 255 255 255 255 255 255 255 255 255 255 255 255 255 255 255 255 255 255 255 255 255 161 227 255 255 000 000 000 150 255 255 255 255 091 000 000 000 000 000 000 000 000 000 000 
255 255 255 255 255 113 000 000 080 255 255 255 255 255 255 255 255 255 255 255 255 255 255 255 255 255 255 255 255 255 255 255 255 255 255 255 255 255 255 255 255 255 255 255 255 255 255 255 255 255 255 255 255 000 000 000 150 255 255 255 255 067 000 000 000 000 000 000 000 000 000 000 
004 004 004 004 004 002 000 000 080 255 255 255 255 255 255 255 255 255 255 255 255 255 255 255 255 255 255 255 255 255 255 255 255 255 255 255 255 255 255 255 255 255 255 255 255 255 255 255 255 255 255 255 255 000 000 000 150 255 255 255 255 082 059 075 091 102 107 111 116 121 124 000 
000 000 000 000 000 000 000 000 080 255 255 255 255 255 255 255 255 255 255 255 255 255 255 255 255 255 255 255 255 255 255 255 255 255 255 255 255 255 255 255 255 255 255 255 255 255 255 255 255 255 255 255 255 000 000 000 150 255 255 255 255 255 255 255 255 255 255 255 255 255 237 000 
067 067 067 067 067 030 000 000 080 255 255 255 255 255 255 255 255 255 255 255 255 255 255 255 255 255 255 255 255 255 255 255 255 255 255 255 255 255 255 255 255 255 255 255 255 255 255 255 255 255 255 255 255 000 000 000 150 255 255 255 255 255 255 208 082 247 255 255 255 255 214 000 
255 255 255 255 255 113 000 000 080 255 255 255 255 255 255 255 255 255 255 255 255 255 255 255 255 255 255 255 255 255 255 255 255 255 255 255 255 255 255 255 255 255 255 255 255 255 255 255 255 255 255 255 255 000 000 000 150 255 255 255 255 255 130 005 000 116 255 255 255 255 167 000 
255 255 255 255 255 113 000 000 080 255 255 255 255 255 255 255 255 255 255 255 255 255 255 255 255 255 255 255 255 255 255 255 255 255 255 255 255 255 255 255 255 255 255 255 255 255 255 255 255 255 255 255 255 000 000 000 150 255 255 255 255 255 111 000 000 000 143 255 255 255 101 000 
255 255 255 255 255 113 000 000 080 255 255 255 255 255 255 255 255 255 201 096 035 031 071 173 252 255 255 255 255 255 255 255 255 255 255 255 255 255 255 255 255 255 255 255 255 255 255 255 255 255 255 255 255 000 000 000 150 255 255 255 255 255 250 063 000 000 001 157 255 255 034 000 
255 255 255 255 255 113 000 000 080 255 255 255 255 255 255 255 255 131 000 000 013 021 000 000 071 247 255 255 255 255 255 255 255 255 255 255 255 255 255 255 255 255 255 255 255 255 255 255 255 255 255 255 255 000 000 000 150 255 255 255 255 255 255 243 057 000 000 002 123 182 000 000 
255 255 255 255 255 113 000 000 080 255 255 255 255 255 255 255 154 000 030 180 253 255 208 068 000 084 255 255 255 255 255 255 255 255 255 255 255 255 255 255 255 255 255 255 255 255 255 255 255 255 255 255 255 000 000 000 150 255 255 255 255 255 255 255 240 052 000 000 000 003 000 000 
255 255 255 255 255 113 000 000 080 255 255 255 255 255 255 254 036 010 223 255 255 255 255 248 056 001 216 255 255 255 255 255 255 255 255 255 255 255 255 255 255 255 255 255 255 255 255 255 255 255 255 255 252 000 000 000 150 255 255 255 255 255 255 255 255 238 069 000 000 000 000 000 
255 255 255 255 255 113 000 000 080 255 255 255 255 255 255 200 000 098 255 255 255 255 255 255 173 000 124 255 255 255 255 255 255 255 255 255 255 255 255 255 255 255 255 255 255 255 255 255 255 255 255 255 246 000 000 000 150 255 255 255 255 255 255 255 255 255 229 018 000 000 000 000 
255 255 255 255 255 113 000 000 080 255 255 255 255 255 255 179 000 140 255 255 255 255 255 255 218 000 101 255 255 255 255 255 255 255 255 255 255 255 255 255 255 255 255 255 255 255 255 255 255 255 255 255 241 000 000 000 150 255 255 255 255 255 255 255 255 197 027 000 000 000 000 000 
255 255 255 255 255 088 000 000 080 255 255 255 255 255 255 195 000 106 255 255 255 255 255 255 189 000 114 255 255 255 255 255 255 255 255 255 255 255 255 255 255 255 255 255 255 255 255 255 255 255 255 255 235 000 000 000 150 255 255 255 255 255 255 204 080 001 000 000 000 035 145 033 
255 170 125 138 082 006 000 000 081 255 255 255 255 255 255 252 030 014 232 255 255 255 255 255 085 000 191 255 255 255 255 255 255 255 255 255 255 255 255 255 255 255 255 255 255 255 255 255 255 255 255 255 222 000 000 000 150 255 255 255 255 197 072 000 000 000 000 000 054 234 255 251 
255 211 000 000 000 000 000 000 095 255 255 255 255 255 255 255 144 000 042 208 255 255 240 113 000 047 255 255 255 255 255 255 255 255 255 255 255 255 255 255 255 255 255 255 255 255 255 255 255 255 255 255 194 000 000 000 150 255 209 131 054 000 000 000 000 000 010 134 249 255 255 255 
255 255 041 000 000 000 000 000 155 255 255 255 255 255 255 255 255 114 000 000 043 056 009 000 039 224 255 255 255 255 255 255 255 255 255 255 255 255 255 255 255 255 255 255 255 255 255 255 255 255 255 255 165 000 000 000 150 255 196 026 000 000 000 000 000 081 225 255 255 255 255 255 
255 255 109 000 000 001 036 141 254 255 255 255 255 255 255 255 255 255 177 068 003 000 036 128 236 255 255 255 255 255 255 255 255 255 255 255 255 255 255 255 255 255 255 255 255 255 255 255 255 255 255 255 137 000 000 000 150 255 255 217 025 000 000 038 182 255 255 255 255 255 255 255 
255 255 200 170 196 241 255 255 255 255 255 255 255 255 255 255 255 255 255 255 254 252 255 255 255 255 255 255 255 255 255 255 255 255 255 255 255 255 255 255 255 255 255 255 255 255 255 255 255 255 255 255 190 134 134 134 206 255 255 255 199 072 180 253 255 255 255 255 255 255 255 255 
255 255 255 255 255 255 255 255 255 255 255 255 255 255 255 255 255 255 255 255 255 255 255 255 255 255 255 255 255 255 255 255 255 255 255 255 255 255 255 255 255 255 255 255 255 255 255 255 255 255 255 255 255 255 255 255 255 255 255 255 255 255 255 255 255 255 255 255 255 255 255 255 
255 255 255 255 255 255 255 255 255 255 255 255 255 255 255 255 255 255 255 255 255 255 255 255 255 255 255 255 255 255 255 255 255 255 255 255 255 255 255 255 255 255 255 255 255 255 255 255 255 255 255 255 255 255 255 255 255 255 255 255 255 255 255 255 255 255 255 255 255 255 255 255 
255 255 255 255 255 255 255 255 255 255 255 255 255 255 255 255 255 255 255 255 255 255 255 255 255 255 255 255 255 255 255 255 255 255 255 255 255 255 255 255 255 255 255 255 255 255 255 255 255 255 255 255 255 255 255 255 255 255 255 255 255 255 255 255 255 255 255 255 255 255 255 255 
255 255 255 255 255 255 255 255 255 255 255 255 255 255 255 255 255 255 255 255 255 255 255 255 255 255 255 255 255 255 255 255 255 255 255 255 255 255 255 255 255 255 255 255 255 255 255 255 255 255 255 255 255 255 255 255 255 255 255 255 255 255 255 255 255 255 255 255 255 255 255 255 
255 255 255 255 255 255 255 255 255 255 255 255 255 255 255 255 255 255 255 255 255 255 255 255 255 255 255 255 255 255 255 255 255 255 255 255 255 255 255 255 255 255 255 255 255 255 255 255 255 255 255 255 255 255 255 255 255 255 255 255 255 255 255 255 255 255 255 255 255 255 255 255 
255 255 255 255 255 255 255 255 255 255 255 255 255 255 255 255 255 255 255 255 255 255 255 255 255 255 255 255 255 255 255 255 255 255 255 255 255 255 255 255 255 255 255 255 255 255 255 255 255 255 255 255 255 255 255 255 255 255 255 255 255 255 255 255 255 255 255 255 255 255 255 255 
255 255 255 255 255 255 255 255 255 255 255 255 255 255 255 255 255 255 255 255 255 255 255 255 255 255 255 255 255 255 255 255 255 255 255 255 255 255 255 255 255 255 255 255 255 255 255 255 255 255 255 255 255 255 255 255 255 255 255 255 255 255 255 255 255 255 255 255 255 255 255 255 
255 255 255 255 255 255 255 255 255 255 255 255 255 255 255 255 255 255 255 255 255 255 255 255 255 255 255 255 255 255 255 255 255 255 255 255 255 255 255 255 255 255 255 255 255 255 255 255 255 255 255 255 255 255 255 255 255 255 255 255 255 255 255 255 255 255 255 255 255 255 255 255 
255 255 255 255 255 255 255 255 255 255 255 255 255 255 255 255 255 255 255 255 255 255 255 255 255 255 255 255 255 255 255 255 255 255 255 255 255 255 255 255 255 255 255 255 255 255 255 255 255 255 255 255 255 255 255 255 255 255 255 255 255 255 255 255 255 255 255 255 255 255 255 255 
255 255 255 255 255 255 255 255 255 255 255 255 255 255 255 255 255 255 255 255 255 255 255 255 255 255 255 255 255 255 255 255 255 255 255 255 255 255 255 255 255 255 255 255 255 255 255 255 255 255 255 255 255 255 255 255 255 255 255 255 255 255 255 255 255 255 255 255 255 255 255 255 
255 255 255 255 255 255 255 255 255 255 255 255 255 255 255 255 255 255 255 255 255 255 255 255 255 255 255 255 255 255 255 255 255 255 255 255 255 255 255 255 255 255 255 255 255 255 255 255 255 255 255 255 255 255 255 255 255 255 255 255 255 255 255 255 255 255 255 255 255 255 255 255 
255 255 255 255 255 255 255 255 255 255 255 255 255 255 255 255 255 255 255 255 255 255 255 255 255 255 255 255 255 255 255 255 255 255 255 255 255 255 255 255 255 255 255 255 255 255 255 255 255 255 255 255 255 255 255 255 255 255 255 255 255 255 255 255 255 255 255 255 255 255 255 255 
255 255 255 255 255 255 255 255 255 255 255 255 255 255 255 255 255 255 255 255 255 255 255 255 255 255 255 255 255 255 255 255 255 255 255 255 255 255 255 255 255 255 255 255 255 255 255 255 255 255 255 255 255 255 255 255 255 255 255 255 255 255 255 255 255 255 255 255 255 255 255 255 
255 255 255 255 255 255 255 255 255 255 255 255 255 255 255 255 255 255 255 255 255 255 255 255 255 255 255 255 255 255 255 255 255 255 255 255 255 255 255 255 255 255 255 255 255 255 255 255 255 255 255 255 255 255 255 255 255 255 255 255 255 255 255 255 255 255 255 255 255 255 255 255 
255 255 255 255 255 255 255 255 255 255 255 255 255 255 255 255 255 255 255 255 255 255 255 255 255 255 255 255 255 255 255 255 255 255 255 255 255 255 255 255 255 255 255 255 255 255 255 255 255 255 255 255 255 255 255 255 255 255 255 255 255 255 255 255 255 255 255 255 255 255 255 255 
255 255 255 255 255 255 255 255 255 255 255 255 255 255 255 255 255 255 255 255 255 255 255 255 255 255 255 255 255 255 255 255 255 255 255 255 255 255 255 255 255 255 255 255 255 255 255 255 255 255 255 255 255 255 255 255 255 255 255 255 255 255 255 255 255 255 255 255 255 255 255 255 
255 255 255 255 255 255 255 255 255 255 255 255 255 255 255 255 255 255 255 255 255 255 255 255 255 255 255 255 255 255 255 255 255 255 255 255 255 255 255 255 255 255 255 255 255 255 255 255 255 255 255 255 255 255 255 255 255 255 255 255 255 255 255 255 255 255 255 255 255 255 255 255 
255 255 255 255 255 255 255 255 255 255 255 255 255 255 255 255 255 255 255 255 255 255 255 255 255 255 255 255 255 255 255 255 255 255 255 255 255 255 255 255 255 255 255 255 255 255 255 255 255 255 255 255 255 255 255 255 255 255 255 255 255 255 255 255 255 255 255 255 255 255 255 255 
255 255 255 255 255 255 255 255 255 255 255 255 255 255 255 255 255 255 255 255 255 255 255 255 255 255 255 255 255 255 255 255 255 255 255 255 255 255 255 255 255 255 255 255 255 255 255 255 255 255 255 255 255 255 255 255 255 255 255 255 255 255 255 255 255 255 255 255 255 255 255 255 
255 255 255 255 255 255 255 255 255 255 255 255 255 255 255 255 255 255 255 255 255 255 255 255 255 255 255 255 255 255 255 255 255 255 255 255 255 255 255 255 255 255 255 255 255 255 255 255 255 255 255 255 255 255 255 255 255 255 255 255 255 255 255 255 255 255 255 255 255 255 255 255 
255 255 255 255 255 255 255 255 255 255 255 255 255 255 255 255 255 255 255 255 255 255 255 255 255 255 255 255 255 255 255 255 255 255 255 255 255 255 255 255 255 255 255 255 255 255 255 255 255 255 255 255 255 255 255 255 255 255 255 255 255 255 255 255 255 255 255 255 255 255 255 255 
255 255 255 255 255 255 255 255 255 255 255 255 255 255 255 255 255 255 255 255 255 255 255 255 255 255 255 255 255 255 255 255 255 255 255 255 255 255 255 255 255 255 255 255 255 255 255 255 255 255 255 255 255 255 255 255 255 255 255 255 255 255 255 255 255 255 255 255 255 255 255 255 
255 255 255 255 255 255 255 255 255 255 255 255 255 255 255 255 255 255 255 255 255 255 255 255 255 255 255 255 255 255 255 255 255 255 255 255 255 255 255 255 255 255 255 255 255 255 255 255 255 255 255 255 255 255 255 255 255 255 255 255 255 255 255 255 255 255 255 255 255 255 255 255 
255 255 255 255 255 255 255 255 255 255 255 255 255 255 255 255 255 255 255 255 255 255 255 255 255 255 255 255 255 255 255 255 255 255 255 255 255 255 255 255 255 255 255 255 255 255 255 255 255 255 255 255 255 255 255 255 255 255 255 255 255 255 255 255 255 255 255 255 255 255 255 255 
255 255 255 255 255 255 255 255 255 255 255 255 255 255 255 255 255 255 255 255 255 255 255 255 255 255 255 255 255 255 255 255 255 255 255 255 255 255 255 255 255 255 255 255 255 255 255 255 255 255 255 255 255 255 255 255 255 255 255 255 255 255 255 255 255 255 255 255 255 255 255 255 
255 255 255 255 255 255 255 255 255 255 255 255 255 255 255 255 255 255 255 255 255 255 255 255 255 255 255 255 255 255 255 255 255 255 255 255 255 255 255 255 255 255 255 255 255 255 255 255 255 255 255 255 255 255 255 255 255 255 255 255 255 255 255 255 255 255 255 255 255 255 255 255 
255 255 255 255 255 255 255 255 255 255 255 255 255 255 255 255 255 255 255 255 255 255 255 255 255 255 255 255 255 255 255 255 255 255 255 255 255 255 255 255 255 255 255 255 255 255 255 255 255 255 255 255 255 255 255 255 255 255 255 255 255 255 255 255 255 255 255 255 255 255 255 255 
255 255 255 255 255 255 255 255 255 255 255 255 255 255 255 255 255 255 255 255 255 255 255 255 226 223 255 255 255 255 255 255 255 255 255 255 255 255 255 255 255 255 255 255 255 255 255 255 255 255 255 255 255 255 255 255 255 255 255 255 255 255 255 255 255 255 255 255 255 255 255 255 
255 255 255 255 255 255 255 255 255 255 255 255 255 255 255 255 255 255 255 255 255 203 124 047 000 065 255 255 255 255 255 255 255 255 255 255 255 255 255 255 255 255 255 255 255 255 255 255 255 255 255 255 255 255 255 255 255 255 255 255 255 255 255 255 255 255 255 255 255 255 255 255 
255 255 255 255 255 255 255 255 255 255 255 255 255 255 255 255 255 255 255 255 255 114 000 000 000 000 190 255 255 255 255 255 255 255 255 255 255 255 255 255 255 255 255 255 255 255 255 255 255 255 255 255 255 255 255 255 255 255 255 255 255 255 255 255 255 255 255 255 255 255 255 255 
255 255 255 255 255 255 255 255 255 255 255 255 255 255 255 255 255 255 255 255 255 245 019 000 000 000 067 255 255 255 255 255 255 255 255 255 255 255 255 255 255 255 255 255 255 255 255 255 255 255 255 255 255 255 255 255 255 255 255 255 255 255 255 255 255 255 255 255 255 255 255 255 
255 255 255 255 255 255 255 255 255 255 255 255 255 255 255 255 255 255 255 255 255 255 125 000 000 000 000 214 255 255 255 255 255 255 255 255 255 255 255 255 255 255 255 255 255 255 255 255 255 255 255 255 255 255 255 255 255 255 255 255 255 255 255 255 255 255 255 255 255 255 255 255 
255 255 255 255 255 255 255 255 255 255 255 255 255 255 255 255 255 255 255 255 255 255 234 007 000 000 000 123 255 255 255 255 255 255 255 255 255 255 255 255 255 255 255 255 255 255 255 255 255 255 255 255 255 255 255 255 255 255 255 255 255 255 255 255 255 255 255 255 255 255 255 255 
255 255 255 255 255 255 242 246 255 255 255 255 255 255 255 255 255 255 255 255 255 255 255 076 058 134 211 255 255 255 255 255 255 255 255 255 255 255 255 255 255 255 252 240 251 255 255 255 255 255 255 255 255 255 255 255 255 255 255 255 255 255 255 255 255 255 255 255 255 255 255 255 
255 255 255 255 255 255 081 000 004 016 029 041 054 067 071 072 074 075 077 078 080 081 083 081 086 087 085 083 082 080 079 077 076 074 073 072 070 060 047 034 022 009 000 000 202 255 255 255 255 255 255 255 255 255 255 255 255 255 255 255 255 255 255 255 255 255 255 255 255 255 255 255 
255 255 255 255 255 255 081 000 000 000 000 000 000 000 000 000 000 000 000 000 000 000 000 000 000 000 000 000 000 000 000 000 000 000 000 000 000 000 000 000 000 000 000 000 202 255 255 255 255 255 255 255 255 255 255 255 255 255 255 255 255 255 255 255 255 255 255 255 255 255 255 255 
255 255 255 255 255 255 081 000 000 000 000 000 000 000 000 000 000 000 000 000 000 000 000 000 000 000 000 000 000 000 000 000 000 000 000 000 000 000 000 000 000 000 000 000 202 255 255 255 255 255 255 255 255 255 255 255 255 255 255 255 255 255 255 255 255 255 255 255 255 255 255 255 
255 255 255 255 255 255 081 000 011 023 035 048 060 069 072 075 077 080 083 086 089 091 094 011 000 000 007 095 093 091 090 088 086 085 083 082 080 075 062 048 034 021 007 000 202 255 255 255 255 255 255 255 255 255 255 255 255 255 255 255 255 255 255 255 255 255 255 255 255 255 255 255 
255 255 255 255 255 255 248 253 255 255 255 255 255 255 255 255 255 255 255 255 255 255 255 030 000 000 018 255 255 255 255 255 255 255 255 255 255 255 255 255 255 255 255 249 252 255 255 255 255 255 255 255 255 255 255 255 255 255 255 255 255 255 255 255 255 255 255 255 255 255 255 255 
255 255 255 255 255 255 255 255 255 255 255 255 255 255 255 255 255 255 255 255 255 255 255 030 000 000 018 255 255 255 255 255 255 255 255 255 255 255 255 255 255 255 255 255 255 255 255 255 255 255 255 255 255 255 255 255 255 255 255 255 255 255 255 255 255 255 255 255 255 255 255 255 
255 255 255 255 255 255 255 255 255 255 255 255 255 255 255 255 255 255 255 255 255 255 255 030 000 000 018 255 255 255 255 255 255 255 255 255 255 255 255 255 255 255 255 255 255 255 255 255 255 255 255 255 255 255 255 255 255 255 255 255 255 255 255 255 255 255 255 255 255 255 255 255 
255 255 255 255 255 255 255 255 255 255 255 255 255 255 255 255 255 255 255 255 255 255 255 030 000 000 018 255 255 255 255 255 255 255 255 255 255 255 255 255 255 255 255 255 255 255 255 255 255 255 255 255 255 255 255 255 255 255 255 255 255 255 255 255 255 255 255 255 255 255 255 255 
255 255 255 255 255 255 255 255 255 255 255 255 255 255 255 255 255 255 255 255 255 255 255 030 000 000 018 255 255 255 255 255 255 255 255 255 255 255 255 255 255 255 255 255 255 255 255 255 255 255 255 255 255 255 255 255 255 255 255 255 255 255 255 255 255 255 255 255 255 255 255 255 
255 255 255 255 255 255 255 255 255 255 255 049 039 051 063 074 085 089 093 098 102 106 110 013 000 000 008 110 106 102 099 095 091 087 080 068 056 045 033 165 255 255 255 255 255 255 255 255 255 255 255 255 255 255 255 255 255 255 255 255 255 255 255 255 255 255 255 255 255 255 255 255 
255 255 255 255 255 255 255 255 255 255 255 022 000 000 000 000 000 000 000 000 000 000 000 000 000 000 000 000 000 000 000 000 000 000 000 000 000 000 000 154 255 255 255 255 255 255 255 255 255 255 255 255 255 255 255 255 255 255 255 255 255 255 255 255 255 255 255 255 255 255 255 255 
255 255 255 255 255 255 255 255 255 255 255 022 000 000 000 000 000 000 000 000 000 000 000 000 000 000 000 000 000 000 000 000 000 000 000 000 000 000 000 154 255 255 255 255 255 255 255 255 255 255 255 255 255 255 255 255 255 255 255 255 255 255 255 255 255 255 255 255 255 255 255 255 
255 255 255 255 255 255 255 255 255 255 255 022 000 000 015 103 103 103 103 103 103 103 103 012 000 000 007 103 103 103 103 103 103 103 103 060 000 000 000 154 255 255 255 255 255 255 255 255 255 255 255 255 255 255 255 255 255 255 255 255 255 255 255 255 255 255 255 255 255 255 255 255 
255 255 255 255 255 255 255 255 255 255 255 022 000 000 037 255 255 255 255 255 255 255 255 030 000 000 018 255 255 255 255 255 255 255 255 149 000 000 000 154 255 255 255 255 255 255 255 255 255 255 255 255 255 255 255 255 255 255 255 255 255 255 255 255 255 255 255 255 255 255 255 255 
255 255 255 255 255 255 255 255 255 255 255 022 000 000 037 255 255 255 255 255 255 255 255 030 000 000 018 255 255 255 255 255 255 255 255 149 000 000 000 154 255 255 255 255 255 255 255 255 255 255 255 255 255 255 255 255 255 255 255 255 255 255 255 255 255 255 255 255 255 255 255 255 
255 255 255 255 255 255 255 255 255 255 255 022 000 000 037 255 255 255 255 255 255 255 255 030 000 000 018 255 255 255 255 255 255 255 255 149 000 000 000 154 255 255 255 255 255 255 255 255 255 255 255 255 255 255 255 255 255 255 255 255 255 255 255 255 255 255 255 255 255 255 255 255 
255 255 255 255 255 255 255 255 255 255 255 022 000 000 037 255 255 255 255 255 255 255 255 030 000 000 018 255 255 255 255 255 255 255 255 149 000 000 000 154 255 255 255 255 255 255 255 255 255 255 255 255 255 255 255 255 255 255 255 255 255 255 255 255 255 255 255 255 255 255 255 255 
255 255 255 255 255 255 255 255 255 255 255 022 000 000 037 255 255 255 255 255 255 255 255 030 000 000 018 255 255 255 255 255 255 255 255 149 000 000 000 154 255 255 255 255 255 255 255 255 255 255 255 255 255 255 255 255 255 255 255 255 255 255 255 255 255 255 255 255 255 255 255 255 
255 255 255 255 255 255 255 255 255 255 255 022 000 000 037 255 255 255 255 255 255 255 255 030 000 000 018 255 255 255 255 255 255 255 255 149 000 000 000 154 255 255 255 255 255 255 255 255 255 255 255 255 255 255 255 255 255 255 255 255 255 255 255 255 255 255 255 255 255 255 255 255 
255 255 255 255 255 255 255 255 255 255 255 022 000 000 037 255 255 255 255 255 255 255 255 030 000 000 018 255 255 255 255 255 255 255 255 149 000 000 000 154 255 255 255 255 255 255 255 255 255 255 255 255 255 255 255 255 255 255 255 255 255 255 255 255 255 255 255 255 255 255 255 255 
255 255 255 255 255 255 255 255 255 255 255 022 000 000 037 255 255 255 255 255 255 255 255 030 000 000 018 255 255 255 255 255 255 255 255 149 000 000 000 154 255 255 255 255 255 255 255 255 255 255 255 255 255 255 255 255 255 255 255 255 255 255 255 255 255 255 255 255 255 255 255 255 
255 255 255 255 255 255 255 255 255 255 255 022 000 000 037 255 255 255 255 255 255 255 255 030 000 000 018 255 255 255 255 255 255 255 255 149 000 000 000 154 255 255 255 255 255 255 255 255 255 255 255 255 255 255 255 255 255 255 255 255 255 255 255 255 255 255 255 255 255 255 255 255 
255 255 255 255 255 255 255 255 255 255 255 022 000 000 037 255 255 255 255 255 255 255 255 030 000 000 018 255 255 255 255 255 255 255 255 149 000 000 000 154 255 255 255 255 255 255 255 255 255 255 255 255 211 119 095 108 189 255 255 255 255 255 255 255 255 255 255 255 255 255 255 255 
255 255 255 255 255 255 255 255 255 255 255 022 000 000 037 255 255 255 255 255 255 255 255 030 000 000 018 255 255 255 255 255 255 255 255 149 000 000 000 154 255 255 255 255 255 255 255 255 255 255 247 079 000 000 000 000 000 047 228 255 255 255 255 255 255 255 255 255 255 255 255 255 
255 255 255 255 255 255 255 255 255 255 255 020 000 000 037 255 255 255 255 255 255 255 255 030 000 000 018 255 255 255 255 255 255 255 255 148 000 000 000 154 255 255 255 255 255 255 255 255 255 253 069 000 055 169 214 185 080 000 036 233 255 255 255 255 255 255 255 255 255 255 255 255 
255 255 255 255 255 255 255 255 255 255 255 016 000 000 037 255 255 255 255 255 255 255 255 030 000 000 018 255 255 255 255 255 255 255 255 100 000 000 000 157 255 255 255 255 255 255 255 255 255 180 000 070 249 255 255 255 255 116 000 124 255 255 255 255 255 255 255 255 255 255 255 255 
255 255 255 255 255 255 255 255 255 255 255 013 000 000 037 255 255 255 255 255 255 255 255 030 000 000 018 255 255 255 161 080 112 135 101 008 000 000 000 173 255 255 255 255 255 255 255 255 255 080 000 210 255 255 255 255 255 247 019 023 254 255 255 255 255 255 255 255 255 255 255 255 
255 255 255 255 255 255 255 255 255 255 252 002 000 000 037 255 255 255 255 255 255 255 255 024 000 000 013 255 255 255 255 063 000 000 000 000 000 000 001 234 255 255 255 255 255 255 255 255 255 043 019 255 255 255 255 255 255 255 079 000 240 255 255 255 255 255 255 255 255 255 255 255 
255 255 255 255 255 255 255 255 255 255 229 000 000 000 037 255 255 255 255 255 255 255 255 017 000 000 007 255 255 255 255 178 000 000 000 000 000 000 122 255 255 255 255 255 255 255 255 255 255 050 010 250 255 255 255 255 255 255 068 000 246 255 255 255 255 255 255 255 255 255 255 255 
255 255 255 255 255 255 255 255 255 255 204 000 000 000 037 255 255 255 255 255 255 255 255 011 000 000 001 255 255 255 255 254 023 000 000 009 076 173 255 255 255 255 255 255 255 255 255 255 255 117 000 165 255 255 255 255 255 232 005 044 255 255 255 255 255 255 255 255 255 255 255 255 
255 255 255 255 255 255 255 255 255 255 246 218 218 218 224 255 255 255 255 255 255 255 252 002 000 000 000 244 255 255 255 255 133 138 185 246 255 255 255 255 255 255 255 255 255 255 255 255 255 223 003 017 201 255 255 255 242 061 000 154 255 255 255 255 255 255 255 255 255 255 255 255 
255 255 255 255 255 255 255 255 255 255 255 255 255 255 255 255 255 255 255 255 255 255 232 000 000 000 000 222 255 255 255 255 255 255 255 255 255 255 255 255 255 255 255 255 255 255 255 255 255 255 164 002 002 075 123 099 016 000 079 248 255 255 255 255 255 255 255 255 255 255 255 255 
255 255 255 255 255 255 255 255 255 255 255 255 255 255 255 255 255 255 255 255 255 255 210 000 000 000 000 199 255 255 255 255 255 255 255 255 255 255 255 255 255 255 255 255 255 255 255 255 255 255 255 179 052 000 000 000 023 123 252 255 255 255 255 255 255 255 255 255 255 255 255 255 
255 255 255 255 255 255 255 255 255 255 255 255 255 255 255 255 255 255 255 255 255 255 188 000 000 000 000 177 255 255 255 255 255 255 255 255 255 255 255 255 255 255 255 255 255 255 255 255 255 255 255 255 255 211 185 198 251 255 255 255 255 255 255 255 255 255 255 255 255 255 255 255 
255 255 255 255 255 255 255 255 255 255 255 255 255 255 255 255 255 255 255 255 255 255 245 223 223 223 223 244 255 255 255 255 255 255 255 255 255 255 255 255 255 255 255 255 255 255 255 255 255 255 255 255 255 255 255 255 255 255 255 255 255 255 255 255 255 255 255 255 255 255 255 255 
255 255 255 255 255 255 255 255 255 255 255 255 255 255 255 255 255 255 255 255 255 255 255 255 255 255 255 255 255 255 255 255 255 255 255 255 255 255 255 255 255 255 255 255 255 255 255 255 255 255 255 255 255 255 255 255 255 255 255 255 255 255 255 255 255 255 255 255 255 255 255 255 
255 255 255 255 255 255 255 255 255 255 255 255 255 255 255 255 255 255 255 255 255 255 255 255 255 255 255 255 255 255 255 255 255 255 255 255 255 255 255 255 255 255 255 255 255 255 255 255 255 255 255 255 255 255 255 255 255 255 255 255 255 255 255 255 255 255 255 255 255 255 255 255 
255 255 255 255 255 255 255 255 255 255 255 255 255 255 255 255 255 255 255 255 255 255 255 255 255 255 255 255 255 255 255 255 255 255 255 255 255 255 255 255 255 255 255 255 255 255 255 255 255 255 255 255 255 255 255 255 255 255 255 255 255 255 255 255 255 255 255 255 255 255 255 255 
255 255 255 255 255 255 255 255 255 255 255 255 255 255 255 255 255 255 255 255 255 255 255 255 255 255 255 255 255 255 255 255 255 255 255 255 255 255 255 255 255 255 255 255 255 255 255 255 255 255 255 255 255 255 255 255 255 255 255 255 255 255 255 255 255 255 255 255 255 255 255 255 
255 255 255 255 255 255 255 255 255 255 255 255 255 255 255 255 255 255 255 255 255 255 255 255 255 255 255 255 255 255 255 255 255 255 255 255 255 255 255 255 255 255 255 255 255 255 255 255 255 255 255 255 255 255 255 255 255 255 255 255 255 255 255 255 255 255 255 255 255 255 255 255 
255 255 255 255 255 255 255 255 255 255 255 255 255 255 255 255 255 255 255 255 255 255 255 255 255 255 255 255 255 255 255 255 255 255 255 255 255 255 255 255 255 255 255 255 255 255 255 255 255 255 255 255 255 255 255 255 255 255 255 255 255 255 255 255 255 255 255 255 255 255 255 255 
255 255 255 255 255 255 255 255 255 255 255 255 255 255 255 255 255 255 255 255 255 255 255 255 255 255 255 255 255 255 255 255 255 255 255 255 255 255 255 255 255 255 255 255 255 255 255 255 255 255 255 255 255 255 255 255 255 255 255 255 255 255 255 255 255 255 255 255 255 255 255 255 
255 255 255 255 255 255 255 255 255 255 255 255 255 255 255 255 255 255 255 255 255 255 255 255 255 255 255 255 255 255 255 255 255 255 255 255 255 255 255 255 255 255 255 255 255 255 255 255 255 255 255 255 255 255 255 255 255 255 255 255 255 255 255 255 255 255 255 255 255 255 255 255 
255 255 255 255 255 255 255 255 255 255 255 255 255 255 255 255 255 255 255 255 255 255 255 255 255 255 255 255 255 255 255 255 255 255 255 255 255 255 255 255 255 255 255 255 255 255 255 255 255 255 255 255 255 255 255 255 255 255 255 255 255 255 255 255 255 255 255 255 255 255 255 255 
255 255 255 255 255 255 255 255 255 255 255 255 255 255 255 255 255 255 255 255 255 255 255 255 255 255 255 255 255 255 255 255 255 255 255 255 255 255 255 255 255 255 255 255 255 255 255 255 255 255 255 255 255 255 255 255 255 255 255 255 255 255 255 255 255 255 255 255 255 255 255 255 
255 255 255 255 255 255 255 255 255 255 255 255 255 255 255 255 255 255 255 255 255 255 255 255 255 255 255 255 255 255 255 255 255 255 255 255 255 255 255 255 255 255 255 255 255 255 255 255 255 255 255 255 255 255 255 255 255 255 255 255 255 255 255 255 255 255 255 255 255 255 255 255 
255 255 255 255 255 255 255 255 255 255 255 255 255 255 255 255 255 255 255 255 255 255 255 255 255 255 255 255 255 255 255 255 255 255 255 255 255 255 255 255 255 255 255 255 255 255 255 255 255 255 255 255 255 255 255 255 255 255 255 255 255 255 255 255 255 255 255 255 255 255 255 255 
255 255 255 255 255 255 255 255 255 255 255 255 255 255 255 255 255 255 255 255 255 255 255 255 255 255 255 255 255 255 255 255 255 255 255 255 255 255 255 255 255 255 255 255 255 255 255 255 255 255 255 255 255 255 255 255 255 255 255 255 255 255 255 255 255 255 255 255 255 255 255 255 
255 255 255 255 255 255 255 255 255 255 255 255 255 255 255 255 255 255 255 255 255 255 255 255 255 255 255 255 255 255 255 255 255 255 255 255 255 255 255 255 255 255 255 255 255 255 255 255 255 255 255 255 255 255 255 255 255 255 255 255 255 255 255 255 255 255 255 255 255 255 255 255 
255 255 255 255 255 255 255 255 255 255 255 255 255 255 255 255 255 255 255 255 255 255 255 255 255 255 255 255 255 255 255 255 255 255 255 255 255 255 255 255 255 255 255 255 255 255 255 255 255 255 255 255 255 255 255 255 255 255 255 255 255 255 255 255 255 255 255 255 255 255 255 255 
255 255 255 255 255 255 255 255 255 255 255 255 255 255 255 255 255 255 255 255 255 255 255 255 255 255 255 255 255 255 255 255 255 255 255 255 255 255 255 255 255 255 255 255 255 255 255 255 255 255 255 255 255 255 255 255 255 255 255 255 255 255 255 255 255 255 255 255 255 255 255 255 
255 255 255 255 255 255 255 255 255 255 255 255 255 255 255 255 255 255 255 255 255 255 255 255 255 255 255 255 255 255 255 255 255 255 255 255 255 255 255 255 255 255 255 255 255 255 255 255 255 255 255 255 255 255 255 255 255 255 255 255 255 255 255 255 255 255 255 255 255 255 255 255 
255 255 255 255 255 255 255 255 255 255 255 255 255 255 255 255 255 255 255 255 255 255 255 255 255 255 255 255 255 255 255 255 255 255 255 255 255 255 255 255 255 255 255 255 255 255 255 255 255 255 255 255 255 255 255 255 255 255 255 255 255 255 255 255 255 255 255 255 255 255 255 255 
255 255 255 255 255 255 255 255 255 255 255 255 255 255 255 255 255 255 255 255 255 255 255 255 255 255 255 255 255 255 255 255 255 255 255 255 255 255 255 255 255 255 255 255 255 255 255 255 255 255 255 255 255 255 255 255 255 255 255 255 255 255 255 255 255 255 255 255 255 255 255 255 
255 255 255 255 255 255 255 255 255 255 255 255 255 255 255 255 255 255 255 255 255 255 255 255 255 255 255 255 255 255 255 255 255 255 255 255 255 255 255 255 255 255 255 255 255 255 255 255 255 255 255 255 255 255 255 255 255 255 255 255 255 255 255 255 255 255 255 255 255 255 255 255 
255 255 255 255 255 255 255 255 255 255 255 255 255 255 255 255 255 255 255 255 255 255 255 255 255 255 255 255 255 255 255 255 255 255 255 255 255 255 255 255 255 255 255 255 255 255 255 255 255 255 255 255 255 255 255 255 255 255 255 255 255 255 255 255 255 255 255 255 255 255 255 255 
255 255 255 255 255 255 255 255 255 255 255 255 255 255 255 255 255 255 255 255 255 255 255 255 255 255 255 255 255 255 255 255 255 255 255 255 255 255 255 255 255 255 255 255 255 255 255 255 255 255 255 255 255 255 255 255 255 255 255 255 255 255 255 255 255 255 255 255 255 255 255 255 
255 255 255 255 255 255 255 255 255 255 255 255 255 255 255 255 255 255 255 255 255 255 255 255 255 255 255 255 255 255 255 255 255 255 255 255 255 255 255 255 255 255 255 255 255 255 255 255 255 255 255 255 255 255 255 255 255 255 255 255 255 255 255 255 255 255 255 255 255 255 255 255 
255 255 255 255 255 255 255 255 255 255 255 255 255 255 255 255 255 255 255 255 255 255 255 255 255 255 255 255 255 255 255 255 255 255 255 255 255 255 255 255 255 255 255 255 255 255 255 255 255 255 255 255 255 255 255 255 255 255 255 255 255 255 255 255 255 255 255 255 255 255 255 255 
255 255 255 255 255 255 255 255 255 255 255 255 255 255 255 255 255 255 255 255 255 255 255 255 255 255 255 255 255 255 255 255 255 255 255 255 255 255 255 255 255 255 255 255 255 255 255 255 255 255 255 255 255 255 255 255 255 255 255 255 255 255 255 255 255 255 255 255 255 255 255 255 
255 255 255 255 255 255 255 255 255 255 255 255 255 255 255 255 255 255 255 255 255 255 255 255 255 255 255 255 255 255 255 255 255 255 255 255 255 255 255 255 255 255 255 255 255 255 255 255 255 255 255 255 255 255 255 255 255 255 255 255 255 255 255 255 255 255 255 255 255 255 255 255 
255 255 255 255 255 255 255 255 255 255 255 255 255 255 255 255 255 255 255 255 255 255 255 255 255 255 255 255 255 255 255 255 255 255 255 255 255 255 255 255 255 255 255 255 255 255 255 255 255 255 255 255 255 255 255 255 255 255 255 255 255 255 255 255 255 255 255 255 255 255 255 255 
255 255 255 255 255 255 255 255 255 255 255 255 255 255 255 255 255 255 255 255 255 255 255 255 255 255 255 255 255 255 255 255 255 255 255 255 255 255 255 255 255 255 255 255 255 255 255 255 255 255 255 255 255 255 255 255 255 255 255 255 255 255 255 255 255 255 255 255 255 255 255 255 
255 255 255 255 255 255 255 255 255 255 255 255 255 255 255 255 255 255 255 255 255 255 255 255 255 255 255 255 255 255 255 255 255 255 255 255 255 255 255 255 255 255 255 255 255 255 255 255 255 255 255 255 255 255 255 255 255 255 255 255 255 255 255 255 255 255 255 255 255 255 255 255 
255 255 255 255 255 255 255 255 255 255 255 255 255 255 255 255 255 255 255 255 255 255 255 255 255 246 231 253 255 255 255 255 255 255 255 255 253 235 237 255 255 255 255 255 255 255 255 255 255 255 255 255 255 255 255 255 255 255 255 255 255 255 255 255 255 255 255 255 255 255 255 255 
255 255 255 255 255 255 255 249 236 223 217 255 255 255 255 255 255 255 255 255 255 255 255 255 255 200 000 003 019 021 022 025 024 022 021 018 003 000 122 255 255 167 133 140 146 153 154 155 157 158 159 157 156 155 154 151 144 138 131 193 255 255 255 255 255 255 255 255 255 255 255 255 
026 026 024 019 015 010 005 000 000 000 164 255 255 255 255 255 255 255 255 255 255 255 255 255 255 215 000 000 000 000 000 000 000 000 000 000 000 000 122 255 255 102 000 000 000 000 000 000 000 000 000 000 000 000 000 000 000 000 000 147 255 255 255 255 255 255 255 255 255 255 255 255 
000 000 000 000 000 000 000 000 000 127 255 255 255 255 255 255 255 255 255 255 255 255 255 255 255 231 000 000 000 000 000 000 000 000 000 000 000 000 122 255 255 126 000 000 000 000 000 000 000 000 000 000 000 000 000 000 000 000 000 154 255 255 255 255 255 255 255 255 255 255 255 255 
000 000 000 000 000 000 000 000 091 255 255 255 255 255 255 255 255 255 255 255 255 255 255 255 255 246 000 000 000 132 247 247 247 247 247 015 000 000 122 255 255 132 000 000 009 068 068 068 067 000 000 012 068 068 068 068 004 000 000 156 255 255 255 255 255 255 255 255 255 255 255 255 
255 255 255 095 000 000 000 061 249 255 255 255 255 255 255 255 255 255 255 255 255 255 255 255 255 255 005 000 000 136 255 255 255 255 255 015 000 000 122 255 255 136 000 000 034 255 255 255 248 000 000 046 255 255 255 255 014 000 000 156 255 255 255 255 255 255 255 255 255 255 255 255 
255 255 164 000 000 000 036 236 255 255 255 255 255 255 255 255 255 255 255 255 255 255 255 255 255 255 020 000 000 136 255 255 255 255 255 015 000 000 122 255 255 136 000 000 034 255 255 255 248 000 000 046 255 255 255 255 014 000 000 156 255 255 255 255 255 255 255 255 255 255 255 255 
255 219 013 000 000 018 218 255 255 255 255 255 255 255 255 255 255 255 255 255 255 255 255 255 255 255 036 000 000 136 255 255 255 255 255 015 000 000 122 255 255 136 000 000 034 255 255 255 248 000 000 046 255 255 255 255 014 000 000 156 255 255 255 255 255 255 255 255 255 255 255 255 
250 052 000 000 006 193 255 255 255 255 255 255 255 255 255 255 255 255 255 255 255 255 255 255 255 255 050 000 000 136 255 255 255 255 255 015 000 000 122 255 255 136 000 000 034 255 255 255 248 000 000 046 255 255 255 255 014 000 000 156 255 255 255 255 255 255 255 255 255 255 255 255 
115 000 000 000 162 255 254 250 247 235 212 189 166 143 232 255 255 255 255 255 255 255 255 255 255 255 053 000 000 136 255 255 255 255 255 015 000 000 122 255 255 136 000 000 034 255 255 255 248 000 000 046 255 255 255 255 014 000 000 156 255 255 255 255 255 255 255 255 255 255 255 255 
000 000 000 000 004 001 000 000 000 000 000 000 000 000 212 255 255 255 255 255 255 255 255 255 255 255 056 000 000 105 196 196 196 196 196 012 000 000 122 255 255 136 000 000 034 255 255 255 248 000 000 046 255 255 255 255 014 000 000 156 255 255 255 255 255 255 255 255 255 255 255 255 
000 000 000 000 000 000 000 000 000 000 000 000 000 000 218 255 255 255 255 255 255 255 255 255 255 255 058 000 000 000 000 000 000 000 000 000 000 000 122 255 255 136 000 000 034 255 255 255 248 000 000 046 255 255 255 255 014 000 000 156 255 255 255 255 255 255 255 255 255 255 255 255 
001 032 032 032 032 032 032 032 032 032 017 000 000 000 225 255 255 255 255 255 255 255 255 255 255 255 060 000 000 000 000 000 000 000 000 000 000 000 122 255 255 136 000 000 034 255 255 255 248 000 000 046 255 255 255 255 014 000 000 156 255 255 255 255 255 255 255 255 255 255 255 255 
014 255 255 255 255 255 255 255 255 255 132 000 000 000 231 255 255 255 255 255 255 255 255 255 255 255 063 000 000 058 109 109 109 109 109 006 000 000 122 255 255 136 000 000 034 255 255 255 248 000 000 046 255 255 255 255 014 000 000 156 255 255 255 255 255 255 255 255 255 255 255 255 
014 255 255 255 255 255 255 255 255 255 132 000 000 000 238 255 255 255 255 255 255 255 255 255 255 255 065 000 000 136 255 255 255 255 255 015 000 000 122 255 255 136 000 000 034 255 255 255 248 000 000 046 255 255 255 255 014 000 000 156 255 255 255 255 255 255 255 255 255 255 255 255 
014 255 255 255 255 255 255 255 255 255 132 000 000 000 244 255 255 255 255 255 255 255 255 255 255 255 068 000 000 136 255 255 255 255 255 015 000 000 122 255 255 136 000 000 034 255 255 255 248 000 000 046 255 255 255 255 014 000 000 156 255 255 255 255 255 255 255 255 255 255 255 255 
014 255 255 255 255 255 255 255 255 255 132 000 000 000 250 255 255 255 255 255 255 255 255 255 255 255 070 000 000 136 255 255 255 255 255 015 000 000 122 255 255 136 000 000 034 255 255 255 248 000 000 046 255 255 255 255 014 000 000 156 255 255 255 255 255 255 255 255 255 255 255 255 
008 141 141 141 141 141 141 141 141 141 073 000 000 001 255 255 255 255 255 255 255 255 255 255 255 255 073 000 000 136 255 255 255 255 255 015 000 000 122 255 255 136 000 000 028 208 208 208 203 000 000 038 208 208 208 208 012 000 000 156 255 255 255 255 255 255 255 255 255 255 255 255 
000 000 000 000 000 000 000 000 000 000 000 000 000 007 255 255 255 255 255 255 255 255 255 255 255 255 075 000 000 136 255 255 255 255 255 015 000 000 122 255 255 136 000 000 000 000 000 000 000 000 000 000 000 000 000 000 000 000 000 156 255 255 255 255 255 255 255 255 255 255 255 255 
000 000 000 000 000 000 000 000 000 000 000 000 000 008 255 255 255 255 255 255 255 255 255 255 255 255 078 000 000 136 255 255 255 255 255 015 000 000 122 255 255 136 000 000 000 000 000 000 000 000 000 000 000 000 000 000 000 000 000 154 255 255 255 255 255 255 255 255 255 255 255 255 
010 176 176 176 176 176 176 176 176 176 091 000 000 002 255 255 255 255 255 255 255 255 255 255 255 255 064 000 000 102 190 190 190 190 190 011 000 000 122 255 255 136 000 000 014 108 108 108 108 108 108 108 108 108 108 108 006 000 000 149 255 255 255 255 255 255 255 255 255 255 255 255 
014 255 255 255 255 255 255 255 255 255 132 000 000 000 251 255 255 255 255 255 255 255 255 255 255 255 037 000 000 000 000 000 000 000 000 000 000 000 122 255 255 136 000 000 034 255 255 255 255 255 255 255 255 255 255 255 014 000 000 139 255 255 255 255 255 255 255 255 255 255 255 255 
014 255 255 255 255 255 255 255 255 255 132 000 000 000 244 255 255 255 255 255 255 255 255 255 255 255 010 000 000 000 000 000 000 000 000 000 000 000 122 255 255 136 000 000 034 255 255 255 255 255 255 255 255 255 255 255 011 000 000 114 255 255 255 255 255 255 255 255 255 255 255 255 
014 255 255 255 255 255 255 255 255 255 132 000 000 000 238 255 255 255 255 255 255 255 255 255 255 238 000 000 000 070 115 115 115 115 115 007 000 000 122 255 255 136 000 000 034 255 255 255 255 255 255 255 255 255 255 255 140 137 137 182 255 255 255 255 255 255 255 255 255 255 255 255 
014 255 255 255 255 255 255 255 255 255 132 000 000 000 231 255 255 255 255 255 255 255 255 255 255 211 000 000 000 170 255 255 255 255 255 015 000 000 122 255 255 136 000 000 034 255 255 255 255 255 255 255 255 255 255 255 255 255 255 255 255 255 255 255 255 255 255 255 255 255 255 255 
005 087 087 087 087 087 087 087 087 087 045 000 000 000 225 255 255 255 255 255 255 255 255 255 255 183 000 000 000 192 255 255 255 255 255 015 000 000 122 255 255 136 000 000 034 255 255 255 255 255 255 255 255 255 255 255 255 255 255 255 255 255 255 255 255 255 255 255 255 255 255 255 
000 000 000 000 000 000 000 000 000 000 000 000 000 000 219 255 255 255 255 255 255 255 255 255 255 156 000 000 000 214 255 255 255 255 255 015 000 000 122 255 255 136 000 000 034 255 255 255 255 255 255 255 255 255 255 255 255 255 255 255 255 255 255 255 255 255 255 255 255 255 232 168 
000 000 000 000 000 000 000 000 000 000 000 000 000 000 212 255 255 255 255 255 255 255 255 255 255 129 000 000 007 247 255 255 255 255 255 015 000 000 122 255 255 136 000 000 034 255 255 255 255 255 255 255 255 255 255 255 255 255 255 255 255 255 255 255 255 255 255 255 237 089 005 000 
185 184 183 183 182 182 181 181 180 178 168 158 147 137 232 255 255 255 255 255 255 255 255 255 255 066 000 000 062 255 255 255 255 255 255 015 000 000 122 255 255 136 000 000 034 255 255 255 255 255 255 255 255 255 255 255 255 255 208 230 255 255 255 255 255 255 255 238 049 000 039 130 
255 255 255 255 255 255 255 255 255 255 255 255 255 255 255 255 255 255 255 255 255 255 255 255 235 003 000 000 125 255 255 255 255 255 255 015 000 000 122 255 255 136 000 000 034 255 255 255 255 255 255 255 255 255 255 255 255 255 155 064 228 255 255 255 255 255 255 112 000 099 254 255 
255 255 255 255 255 255 255 255 255 255 255 255 255 255 255 255 255 255 255 255 255 255 255 255 156 000 000 000 187 255 255 255 255 255 255 015 000 000 122 255 255 136 000 000 033 255 255 255 255 255 255 255 255 255 255 255 255 255 094 000 015 144 223 255 255 255 246 017 027 251 255 255 
255 255 255 255 255 255 255 255 255 255 255 255 255 255 254 239 219 254 255 255 255 255 255 255 073 000 000 005 245 255 255 255 255 255 255 013 000 000 123 255 255 136 000 000 008 250 255 255 255 255 255 255 255 255 255 255 255 244 026 000 000 000 084 255 255 255 207 000 107 255 255 255 
097 096 095 094 093 087 079 070 062 054 046 038 029 021 004 000 000 245 255 255 255 255 255 240 006 000 000 057 255 255 255 255 255 255 234 000 000 000 125 255 255 137 000 000 000 162 255 255 255 255 255 255 255 255 255 255 210 074 000 000 000 000 165 255 255 255 206 000 112 255 255 255 
000 000 000 000 000 000 000 000 000 000 000 000 000 000 000 000 000 245 255 255 255 255 255 150 000 000 000 120 255 255 255 171 184 182 083 000 000 000 134 255 255 146 000 000 000 002 072 111 118 123 129 125 106 088 068 029 000 000 000 000 000 027 249 255 255 255 242 011 035 253 255 255 
000 000 000 000 000 000 000 000 000 000 000 000 000 000 000 000 000 245 255 255 255 255 240 021 000 000 000 193 255 255 255 125 000 000 000 000 000 000 178 255 255 216 000 000 000 000 000 000 000 000 000 000 000 000 000 000 000 000 000 000 000 143 255 255 255 255 255 102 000 125 255 255 
105 104 103 102 101 095 087 079 071 062 054 046 038 029 011 000 000 245 255 255 255 255 178 012 000 000 039 255 255 255 255 227 000 000 000 000 000 012 232 255 255 255 112 000 000 000 000 000 000 000 000 000 000 000 000 000 000 000 000 001 131 255 255 255 255 255 255 228 035 000 072 169 
255 255 255 255 255 255 255 255 255 255 255 255 255 255 255 247 227 254 255 255 255 255 255 228 065 000 141 255 255 255 255 255 049 000 000 000 021 196 255 255 255 255 255 184 107 051 031 025 023 020 018 018 027 038 048 059 075 100 158 221 255 255 255 255 255 255 255 255 226 057 000 000 
255 255 255 255 255 255 255 255 255 255 255 255 255 255 255 255 255 255 255 255 255 255 255 255 253 106 236 255 255 255 255 255 112 066 119 194 252 255 255 255 255 255 255 255 255 255 255 255 255 255 255 255 255 255 255 255 255 255 255 255 255 255 255 255 255 255 255 255 255 255 203 129 
255 255 255 255 255 255 255 255 255 255 255 255 255 255 255 255 255 255 255 255 255 255 255 255 255 255 255 255 255 255 255 255 255 255 255 255 255 255 255 255 255 255 255 255 255 255 255 255 255 255 255 255 255 255 255 255 255 255 255 255 255 255 255 255 255 255 255 255 255 255 255 255 
255 255 255 255 255 255 255 255 255 255 255 255 255 255 255 255 255 255 255 255 255 255 255 255 255 255 255 255 255 255 255 255 255 255 255 255 255 255 255 255 255 255 255 255 255 255 255 255 255 255 255 255 255 255 255 255 255 255 255 255 255 255 255 255 255 255 255 255 255 255 255 255 
255 255 255 255 255 255 255 255 255 255 255 255 255 255 255 255 255 255 255 255 255 255 255 255 255 255 255 255 255 255 255 255 255 255 255 255 255 255 255 255 255 255 255 255 255 255 255 255 255 255 255 255 255 255 255 255 255 255 255 255 255 255 255 255 255 255 255 255 255 255 255 255 
255 255 255 255 255 255 255 255 255 255 255 255 255 255 255 255 255 255 255 255 255 255 255 255 255 255 255 255 255 255 255 255 255 255 255 255 255 255 255 255 255 255 255 255 255 255 255 255 255 255 255 255 255 255 255 255 255 255 255 255 255 255 255 255 255 255 255 255 255 255 255 255 
255 255 255 255 255 255 255 255 255 255 255 255 255 255 255 255 255 255 255 255 255 255 255 255 255 255 255 255 255 255 255 255 255 255 255 255 255 255 255 255 255 255 255 255 255 255 255 255 255 255 255 255 255 255 255 255 255 255 255 255 255 255 255 255 255 255 255 255 255 255 255 255 
255 255 255 255 255 255 255 255 255 255 255 255 255 255 255 255 255 255 255 255 255 255 255 255 255 255 255 255 255 255 255 255 255 255 255 255 255 255 255 255 255 255 255 255 255 255 255 255 255 255 255 255 255 255 255 255 255 255 255 255 255 255 255 255 255 255 255 255 255 255 255 255 
255 255 255 255 255 255 255 255 255 255 255 255 255 255 255 255 255 255 255 255 255 255 255 255 255 255 255 255 255 255 255 255 255 255 255 255 255 255 255 255 255 255 255 255 255 255 255 255 255 255 255 255 255 255 255 255 255 255 255 255 255 255 255 255 255 255 255 255 255 255 255 255 
255 255 255 255 255 255 255 255 255 255 255 255 255 255 255 255 255 255 255 255 255 255 255 255 255 255 255 255 255 255 255 255 255 255 255 255 255 255 255 255 255 255 255 255 255 255 255 255 255 255 255 255 255 255 255 255 255 255 255 255 255 255 255 255 255 255 255 255 255 255 255 255 
255 255 255 255 255 255 255 255 255 255 255 255 255 255 255 255 255 255 255 255 255 255 255 255 255 255 255 255 255 255 255 255 255 255 255 255 255 255 255 255 255 255 255 255 255 255 255 255 255 255 255 255 255 255 255 255 255 255 255 255 255 255 255 255 255 255 255 255 255 255 255 255 
255 255 255 255 255 255 255 255 255 255 255 255 255 255 255 255 255 255 255 255 255 255 255 255 255 255 255 255 255 255 255 255 255 255 255 255 255 255 255 255 255 255 255 255 255 255 255 255 255 255 255 255 255 255 255 255 255 255 255 255 255 255 255 255 255 255 255 255 255 255 255 255 
255 255 255 255 255 255 255 255 255 255 255 255 255 255 255 255 255 255 255 255 255 255 255 255 255 255 255 255 255 255 255 255 255 255 255 255 255 255 255 255 255 255 255 255 255 255 255 255 255 255 255 255 255 255 255 255 255 255 255 255 255 255 255 255 255 255 255 255 255 255 255 255 
255 255 255 255 255 255 255 255 255 255 255 255 255 255 255 255 255 255 255 255 255 255 255 255 255 255 255 255 255 255 255 255 255 255 255 255 255 255 255 255 255 255 255 255 255 255 255 255 255 255 255 255 255 255 255 255 255 255 255 255 255 255 255 255 255 255 255 255 255 255 255 255 
255 255 255 255 255 255 255 255 255 255 255 255 255 255 255 255 255 255 255 255 255 255 255 255 255 255 255 255 255 255 255 255 255 255 255 255 255 255 255 255 255 255 255 255 255 255 255 255 255 255 255 255 255 255 255 255 255 255 255 255 255 255 255 255 255 255 255 255 255 255 255 255 
255 255 255 255 255 255 255 255 255 255 255 255 255 255 255 255 255 255 255 255 255 255 255 255 255 255 255 255 255 255 255 255 255 255 255 255 255 255 255 255 255 255 255 255 255 255 255 255 255 255 255 255 255 255 255 255 255 255 255 255 255 255 255 255 255 255 255 255 255 255 255 255 
255 255 255 255 255 255 255 255 255 255 255 255 255 255 255 255 255 255 255 255 255 255 255 255 255 255 255 255 255 255 255 255 255 255 255 255 255 255 255 255 255 255 255 255 255 255 255 255 255 255 255 255 255 255 255 255 255 255 255 255 255 255 255 255 255 255 255 255 255 255 255 255 
255 255 255 255 255 255 255 255 255 255 255 255 255 255 255 255 255 255 255 255 255 255 255 255 255 255 255 255 255 255 255 255 255 255 255 255 255 255 255 255 255 255 255 255 255 255 255 255 255 255 255 255 255 255 255 255 255 255 255 255 255 255 255 255 255 255 255 255 255 255 255 255 
255 255 255 255 255 255 255 255 255 255 255 255 255 255 255 255 255 255 255 255 255 255 255 255 255 255 255 255 255 255 255 255 255 255 255 255 255 255 255 255 255 255 255 255 255 255 255 255 255 255 255 255 255 255 255 255 255 255 255 255 255 255 255 255 255 255 255 255 255 255 255 255 
255 255 255 255 255 255 255 255 255 255 255 255 255 255 255 255 255 255 255 255 255 255 255 255 255 255 255 255 255 255 255 255 255 255 255 255 255 255 255 255 255 255 255 255 255 255 255 255 255 255 255 255 255 255 255 255 255 255 255 255 255 255 255 255 255 255 255 255 255 255 255 255 
255 255 255 255 255 255 255 255 255 255 255 255 255 255 255 255 255 255 255 255 255 255 255 255 255 255 255 255 255 255 255 255 255 255 255 255 255 255 255 255 255 255 255 255 255 255 255 255 255 255 255 255 255 255 255 255 255 255 255 255 255 255 255 255 255 255 255 255 255 255 255 255 
255 255 255 255 255 255 255 255 255 255 255 255 255 255 255 255 255 255 255 255 255 255 255 255 255 255 255 255 255 255 255 255 255 255 255 255 255 255 255 255 255 255 255 255 255 255 255 255 255 255 255 255 255 255 255 255 255 255 255 255 255 255 255 255 255 255 255 255 255 255 255 255 
255 255 255 255 255 255 255 255 255 255 255 255 255 255 255 255 255 255 255 255 255 255 255 255 255 255 255 255 255 255 255 255 255 255 255 255 255 255 255 255 255 255 255 255 255 255 255 255 255 255 255 255 255 255 255 255 255 255 255 255 255 255 255 255 255 255 255 255 255 255 255 255 
255 255 255 255 255 255 255 255 255 255 255 255 255 255 255 255 255 255 255 255 255 255 255 255 255 255 255 255 255 255 255 255 255 255 255 255 255 255 255 255 255 255 255 255 255 255 255 255 255 255 255 255 255 255 255 255 255 255 255 255 255 255 255 255 255 255 255 255 255 255 255 255 
