255 255 255 255 090 000 000 000 000 000 000 000 000 000 000 000 156 255 255 255 255 104 006 072 151 233 255 255 255 017 000 000 000 000 000 000 000 000 000 000 000 000 160 255 255 255 255 255 255 255 255 255 255 255 255 255 255 255 255 255 255 255 255 255 255 255 255 255 255 255 255 255 
255 255 255 255 090 016 043 052 038 000 000 000 054 049 038 008 156 255 255 255 255 224 242 255 255 255 255 255 255 058 074 095 106 071 000 000 001 114 107 100 085 055 173 255 255 255 255 255 255 255 255 255 255 255 255 255 255 255 255 255 255 255 255 255 255 255 255 255 255 255 255 255 
255 255 255 255 246 255 255 255 163 000 000 000 241 255 255 253 248 255 255 255 255 255 255 255 255 255 255 255 255 255 255 255 255 158 000 000 002 255 255 255 255 255 255 255 255 255 255 255 255 255 255 255 255 255 255 255 255 255 255 255 255 255 255 255 255 255 255 255 255 255 255 255 
255 255 255 255 255 255 255 255 163 000 000 000 241 255 255 255 255 080 090 118 126 131 135 139 136 132 127 121 096 068 231 255 255 158 000 000 002 255 255 255 255 255 255 255 255 255 255 255 255 255 255 255 255 255 255 255 255 255 255 255 255 255 255 255 255 255 255 255 255 255 255 255 
255 255 255 255 255 255 255 255 163 000 000 000 241 255 255 255 255 021 000 000 000 000 000 000 000 000 000 000 000 000 224 255 255 158 000 000 002 255 255 255 255 255 255 255 255 255 255 255 255 255 255 255 255 255 255 255 255 255 255 255 255 255 255 255 255 255 255 255 255 255 255 255 
255 255 255 255 255 255 255 255 163 000 000 000 241 255 255 255 255 021 000 000 000 000 000 000 000 000 000 000 000 000 224 255 255 158 000 000 002 255 255 255 255 255 255 255 255 255 255 255 255 255 255 255 255 255 255 255 255 255 255 255 255 255 255 255 255 255 255 255 255 255 255 255 
255 255 255 255 255 255 255 255 163 000 000 000 241 255 255 255 255 106 126 147 152 154 154 154 003 000 000 113 134 100 234 255 255 158 000 000 002 255 255 255 255 255 255 255 255 255 255 255 255 255 255 255 255 255 255 255 255 255 255 255 255 255 255 255 255 255 255 255 255 255 255 255 
255 255 255 255 255 255 255 255 163 000 000 000 241 255 255 255 255 255 255 255 255 255 255 247 000 000 000 214 255 255 255 255 255 158 000 000 002 255 255 255 255 255 255 255 255 255 255 255 255 255 255 255 255 255 255 255 255 255 255 255 255 255 255 255 255 255 255 255 255 255 255 255 
255 255 255 255 255 255 255 255 163 000 000 000 241 255 255 255 255 255 255 255 255 255 255 231 000 000 000 240 255 255 255 255 255 158 000 000 002 255 255 255 255 255 255 255 255 255 255 255 255 255 255 255 255 255 255 255 255 255 255 255 255 255 255 255 255 255 255 255 255 255 255 255 
255 255 255 255 255 255 255 255 163 000 000 000 241 255 255 255 255 251 152 109 255 255 255 214 000 000 012 255 255 255 255 255 255 158 000 000 002 255 255 255 255 255 255 255 255 255 255 255 255 255 255 255 255 255 255 255 255 255 255 255 255 255 255 255 255 255 255 255 255 255 255 255 
255 255 255 255 255 255 255 255 163 000 000 000 241 255 255 255 253 054 000 000 178 255 255 198 000 000 052 255 255 255 255 255 255 158 000 000 002 255 255 255 255 255 255 255 255 255 255 255 255 255 255 255 255 255 255 255 255 255 255 255 255 255 255 255 255 255 255 255 255 255 255 255 
255 255 255 255 223 184 216 229 153 000 000 000 224 222 205 172 248 157 000 000 027 241 255 174 000 000 097 255 255 255 255 255 255 158 000 000 002 255 255 255 255 255 255 255 255 255 255 255 255 255 255 255 255 255 255 255 255 255 255 255 255 255 255 255 255 255 255 255 255 255 255 255 
255 255 255 255 168 000 000 000 000 000 000 000 000 000 000 000 235 255 076 000 000 107 255 129 000 000 142 255 255 042 061 081 089 060 000 000 001 094 086 078 048 118 255 255 255 255 255 255 255 255 255 255 255 255 255 255 255 255 255 255 255 255 255 255 255 255 255 255 255 255 255 255 
255 255 255 255 168 000 000 000 000 000 000 000 000 000 000 000 235 255 231 019 000 002 203 084 000 000 187 255 255 017 000 000 000 000 000 000 000 000 000 000 000 106 255 255 255 255 255 255 255 255 255 255 255 255 255 255 255 255 255 255 255 255 255 255 255 255 255 255 255 255 255 255 
255 255 255 255 168 000 000 000 000 000 000 000 000 000 000 000 235 255 255 161 000 000 050 036 000 000 231 255 255 017 000 000 000 000 000 000 000 000 000 000 000 106 255 255 255 255 255 255 255 255 255 255 255 255 255 255 255 255 255 255 255 255 255 255 255 255 255 255 255 255 255 255 
255 255 255 255 226 196 230 241 159 000 000 000 223 227 213 181 248 255 255 254 051 000 000 000 000 020 255 255 255 102 128 151 161 105 000 000 001 158 152 145 115 156 255 255 255 255 255 255 255 255 255 255 255 255 255 255 255 255 255 255 255 255 255 255 255 255 255 255 255 255 255 255 
255 255 255 255 255 255 255 255 163 000 000 000 241 255 255 255 255 255 255 255 192 000 000 000 000 080 255 255 255 255 255 255 255 158 000 000 002 255 255 255 255 255 255 255 255 255 255 255 255 255 255 255 255 255 255 255 255 255 255 255 255 255 255 255 255 255 255 255 255 255 255 255 
255 255 255 255 255 255 255 255 163 000 000 000 241 255 255 255 255 255 255 255 255 079 000 000 000 146 255 255 255 255 255 255 255 158 000 000 002 255 255 255 255 255 255 255 255 255 255 255 255 255 255 255 255 255 255 255 255 255 255 255 255 255 255 255 255 255 255 255 255 255 255 255 
255 255 255 255 255 255 255 255 163 000 000 000 241 255 255 255 255 255 255 255 255 216 000 000 000 183 255 255 255 255 255 255 255 158 000 000 002 255 255 255 255 255 255 255 255 255 255 255 255 255 255 255 255 255 255 255 255 255 255 255 255 255 255 255 255 255 255 255 255 255 255 255 
255 255 255 255 255 255 255 255 163 000 000 000 241 255 255 255 255 255 255 255 255 194 000 000 000 059 255 255 255 255 255 255 255 158 000 000 002 255 255 255 255 255 255 255 255 255 255 255 255 255 255 255 255 255 255 255 255 255 255 255 255 255 255 255 255 255 255 255 255 255 255 255 
255 255 255 255 255 255 255 255 163 000 000 000 241 255 255 255 255 255 255 255 255 098 000 000 000 000 166 255 255 255 255 255 255 158 000 000 002 255 255 255 255 255 255 255 255 255 255 255 255 255 255 255 255 255 255 255 255 255 255 255 255 255 255 255 255 255 255 255 255 255 255 255 
255 255 255 255 255 255 255 255 163 000 000 000 241 255 255 255 255 255 255 255 231 007 000 000 000 000 028 245 255 255 255 255 255 158 000 000 002 255 255 255 255 255 255 255 255 255 255 255 255 255 255 255 255 255 255 255 255 255 255 255 255 255 255 255 255 255 255 255 255 255 255 255 
255 255 255 255 255 255 255 255 163 000 000 000 241 255 255 255 255 255 255 255 120 000 000 038 007 000 000 132 255 255 255 255 255 158 000 000 002 255 255 255 255 255 255 255 255 255 255 255 255 255 255 255 255 255 255 255 255 255 255 255 255 255 255 255 255 255 255 255 255 255 255 255 
255 255 255 255 255 255 255 255 163 000 000 000 241 255 255 203 121 255 255 242 016 000 000 155 104 000 000 014 236 255 255 255 255 158 000 000 002 255 255 255 255 255 255 255 255 255 255 255 255 255 255 255 255 255 255 255 255 255 255 255 255 255 255 255 255 255 255 255 255 255 255 255 
255 255 255 255 255 255 255 255 163 000 000 000 241 194 086 001 045 255 255 114 000 000 016 245 224 004 000 000 114 255 255 255 255 158 000 000 002 255 255 255 255 255 255 255 255 255 255 255 255 255 186 144 119 095 070 050 242 255 255 255 255 255 255 255 255 255 255 255 255 255 255 255 
255 255 255 255 255 255 255 255 163 000 000 000 037 000 000 000 005 242 208 004 000 000 128 255 255 082 000 000 086 255 255 255 255 158 000 000 002 255 255 255 255 255 255 255 255 255 255 255 255 255 028 000 000 000 000 068 255 255 255 255 255 255 255 255 255 255 255 255 255 255 255 255 
255 255 255 255 255 255 255 245 118 000 000 000 000 000 000 000 055 221 056 000 000 028 245 255 255 189 042 186 255 255 255 255 255 158 000 000 002 255 255 255 255 255 255 255 255 255 255 255 255 243 001 000 000 000 000 153 255 255 255 255 255 255 255 255 255 255 255 255 255 255 255 255 
255 255 255 255 235 173 090 012 000 000 000 000 000 006 092 202 255 111 000 000 000 163 255 255 255 255 251 255 255 255 255 255 255 158 000 000 002 255 255 255 255 255 255 255 255 255 255 255 255 199 000 000 000 000 010 239 255 255 255 255 255 255 255 255 255 255 255 255 255 255 255 255 
255 255 255 255 069 000 000 000 000 000 000 007 110 230 255 255 147 000 000 000 055 254 255 255 255 255 231 216 240 255 255 255 255 158 000 000 002 255 255 255 253 233 209 244 255 255 255 255 255 142 000 000 000 000 101 255 255 255 255 255 255 255 255 255 255 255 255 255 255 255 255 255 
255 255 255 255 211 000 000 000 000 004 101 226 255 255 255 166 003 000 000 000 199 255 255 255 255 255 147 000 000 007 013 017 021 015 000 000 000 022 014 006 000 000 000 204 255 255 255 255 255 085 000 000 000 000 209 255 255 255 255 255 255 255 255 255 255 255 255 255 255 255 255 255 
255 255 255 255 255 068 000 002 092 220 255 255 255 255 217 030 000 000 000 100 255 255 255 255 255 255 147 000 000 000 000 000 000 000 000 000 000 000 000 000 000 000 000 204 255 255 255 255 255 027 000 000 000 061 255 255 255 255 255 255 255 255 255 255 255 255 255 255 255 255 255 255 
255 255 255 255 255 168 035 205 255 255 255 255 255 255 255 247 116 002 040 244 255 255 255 255 255 255 147 000 000 000 000 000 000 000 000 000 000 000 000 000 000 000 000 204 255 255 255 255 226 000 000 000 000 169 255 255 255 255 255 255 255 255 255 255 255 255 255 255 255 255 255 255 
255 255 255 255 255 241 241 255 255 255 255 255 255 255 255 255 255 177 207 255 255 255 255 255 255 255 187 111 135 159 169 171 173 176 178 177 173 170 167 163 149 126 104 223 255 255 255 255 168 000 000 000 030 251 255 255 255 255 255 255 255 255 255 255 255 255 255 255 255 255 255 255 
255 255 255 255 255 255 255 255 255 255 255 255 255 255 255 255 255 255 255 255 255 255 255 255 255 255 255 255 255 255 255 255 255 255 255 255 255 255 255 255 255 255 255 255 255 255 255 255 094 000 000 000 166 255 255 255 255 255 255 255 255 255 255 255 255 255 255 255 255 255 255 255 
255 255 255 255 255 255 255 255 255 255 255 255 255 255 255 255 255 255 255 255 255 255 255 255 255 255 255 255 255 255 255 255 255 255 255 255 255 255 255 255 255 255 255 255 255 255 255 253 043 049 075 117 255 255 255 255 255 255 255 255 255 255 255 255 255 255 255 255 255 255 255 255 
255 255 255 255 255 255 255 255 255 255 255 255 255 255 255 255 255 255 255 255 255 255 255 255 255 255 255 255 255 255 255 255 255 255 255 255 255 255 255 255 255 255 255 255 255 255 255 255 255 255 255 255 255 255 255 255 255 255 255 255 255 255 255 255 255 255 255 255 255 255 255 255 
255 255 255 255 255 255 255 255 255 255 255 255 255 255 255 255 255 255 255 255 255 255 255 255 255 255 255 255 255 255 255 255 255 255 255 255 255 255 255 255 255 255 255 255 255 255 255 255 255 255 255 255 255 255 255 255 255 255 255 255 255 255 255 255 255 255 255 255 255 255 255 255 
255 255 255 255 255 255 255 255 255 255 255 255 255 255 255 255 255 255 255 255 255 255 255 255 255 255 255 255 255 255 255 255 255 255 255 255 255 255 255 255 255 255 255 255 255 255 255 255 255 255 255 255 255 255 255 255 255 255 255 255 255 255 255 255 255 255 255 255 255 255 255 255 
255 255 255 255 255 255 255 255 255 255 255 255 255 255 255 255 255 255 255 255 255 255 255 255 255 255 255 255 255 255 255 255 255 255 255 255 255 255 255 255 255 255 255 255 255 255 255 255 255 255 255 255 255 255 255 255 255 255 255 255 255 255 255 255 255 255 255 255 255 255 255 255 
255 255 255 255 255 255 255 255 255 255 255 255 255 255 255 255 255 255 255 255 255 255 255 255 255 255 255 255 255 255 255 255 255 255 255 255 255 255 255 255 255 255 255 255 255 255 255 255 255 255 255 255 255 255 255 255 255 255 255 255 255 255 255 255 255 255 255 255 255 255 255 255 
255 255 255 255 255 255 255 255 255 255 255 255 255 255 255 255 255 255 255 255 255 255 255 255 255 255 255 255 255 255 255 255 255 255 255 255 255 255 255 255 255 255 255 255 255 255 255 255 255 255 255 255 255 255 255 255 255 255 255 255 255 255 255 255 255 255 255 255 255 255 255 255 
255 255 255 255 255 255 255 255 255 255 255 255 255 255 255 255 255 255 255 255 255 255 255 255 255 255 255 255 255 255 255 255 255 255 255 255 255 255 255 255 255 255 255 255 255 255 255 255 255 255 255 255 255 255 255 255 255 255 255 255 255 255 255 255 255 255 255 255 255 255 255 255 
255 255 255 255 255 255 255 255 255 255 255 255 255 255 255 255 255 255 255 255 255 255 255 255 255 255 255 255 255 255 255 255 255 255 255 255 255 255 255 255 255 255 255 255 255 255 255 255 255 255 255 255 255 255 255 255 255 255 255 255 255 255 255 255 255 255 255 255 255 255 255 255 
255 255 255 255 255 255 255 255 255 255 255 255 255 255 255 255 255 255 255 255 255 255 255 255 255 255 255 255 255 255 255 255 255 255 255 255 255 255 255 255 255 255 255 255 255 255 255 255 255 255 255 255 255 255 255 255 255 255 255 255 255 255 255 255 255 255 255 255 255 255 255 255 
255 255 255 255 255 255 255 255 255 255 255 255 255 255 255 255 255 255 255 255 255 255 255 255 255 255 255 255 255 255 255 255 255 255 255 255 255 255 255 255 255 255 255 255 255 255 255 255 255 255 255 255 255 255 255 255 255 255 255 255 255 255 255 255 255 255 255 255 255 255 255 255 
255 255 255 255 255 255 255 255 255 255 255 255 255 255 255 255 255 255 255 255 255 255 255 255 255 255 255 255 255 255 255 255 255 255 255 255 255 255 255 255 255 255 255 255 255 255 255 255 255 255 255 255 255 255 255 255 255 255 255 255 255 255 255 255 255 255 255 255 255 255 255 255 
255 255 255 255 255 255 255 255 255 255 255 255 255 255 255 255 255 255 255 255 255 255 255 255 255 255 255 255 255 255 255 255 255 255 255 255 255 255 255 255 255 255 255 255 255 255 255 255 255 255 255 255 255 255 255 255 255 255 255 255 255 255 255 255 255 255 255 255 255 255 255 255 
255 255 255 255 255 255 255 255 255 255 255 255 255 255 255 255 255 255 255 255 255 255 255 255 255 255 255 255 255 255 255 255 255 255 255 255 255 255 255 255 255 255 255 255 255 255 255 255 255 255 255 255 255 255 255 255 255 255 255 255 255 255 255 255 255 255 255 255 255 255 255 255 
255 255 255 255 255 255 255 255 255 255 255 255 255 255 255 255 255 255 255 255 255 255 255 255 255 255 255 255 255 255 255 255 255 255 255 255 255 255 255 255 255 255 255 255 255 255 255 255 255 255 255 255 255 255 255 255 255 255 255 255 255 255 255 255 255 255 255 255 255 255 255 255 
255 255 255 255 255 255 255 255 255 255 255 255 255 255 255 255 255 255 255 255 255 255 255 255 255 255 255 255 255 255 255 255 255 255 255 255 255 255 255 255 255 255 255 255 255 255 255 255 255 255 255 255 255 255 255 255 255 255 255 255 255 255 255 255 255 255 255 255 255 255 255 255 
255 255 255 255 255 255 255 255 255 255 255 255 255 255 255 255 255 255 255 255 255 255 255 255 255 255 255 255 255 255 255 255 255 255 255 255 255 255 255 255 255 255 255 255 255 255 255 255 255 255 255 255 255 255 255 255 255 255 255 255 255 255 255 255 255 255 255 255 255 255 255 255 
255 255 255 255 255 255 255 255 255 255 255 255 255 255 255 255 255 255 255 255 255 255 255 255 255 255 255 255 255 255 255 255 255 255 255 255 255 255 255 255 255 255 255 255 255 255 255 255 255 255 255 255 255 255 255 255 255 255 255 255 255 255 255 255 255 255 255 255 255 255 255 255 
255 255 255 255 255 255 255 255 255 255 255 255 255 255 255 255 255 255 255 255 255 255 255 255 255 255 255 255 255 255 255 255 255 255 255 255 255 255 255 255 255 255 255 255 255 255 255 255 255 255 255 255 255 255 255 255 255 255 255 255 255 255 255 255 255 255 255 255 255 255 255 255 
255 255 255 255 255 255 255 255 255 255 255 255 255 255 255 255 255 255 255 255 255 255 255 255 255 255 255 255 255 255 255 255 255 255 255 255 255 255 255 255 255 255 255 255 255 255 255 255 255 255 255 255 255 255 255 255 255 255 255 255 255 255 255 255 255 255 255 255 255 255 255 255 
255 255 255 255 255 255 255 255 255 255 255 255 255 255 255 255 255 255 255 255 255 255 255 255 255 255 255 255 255 255 255 255 255 255 255 255 255 255 255 255 255 255 255 255 255 255 255 255 255 255 255 255 255 255 255 255 255 255 255 255 255 255 255 255 255 255 255 255 255 255 255 255 
255 255 255 255 255 255 255 255 255 255 255 255 255 255 255 255 255 255 255 255 255 255 255 255 255 255 255 255 255 255 255 255 255 255 255 255 255 255 255 255 255 255 255 255 255 255 255 255 255 255 255 255 255 255 255 255 255 255 255 255 255 255 255 255 255 255 255 255 255 255 255 255 
255 255 255 255 255 255 255 255 255 255 255 255 255 255 255 255 255 255 255 255 255 255 255 255 255 255 255 255 255 255 255 255 255 255 255 255 255 255 255 255 255 255 255 255 255 255 255 255 255 255 255 255 255 255 255 255 255 255 255 255 255 255 255 255 255 255 255 255 255 255 255 255 
255 255 255 255 255 255 255 255 255 255 255 255 255 255 255 255 255 255 255 255 255 255 255 255 255 255 255 255 255 255 255 255 255 255 255 255 255 255 255 255 255 255 255 255 255 255 255 255 255 255 255 255 255 255 255 255 255 255 255 255 255 255 255 255 255 255 255 255 255 255 255 255 
255 255 255 255 255 255 255 255 255 255 255 255 255 255 255 255 255 255 255 255 255 255 255 255 255 255 255 255 255 255 255 255 255 255 255 255 255 255 255 255 255 255 255 255 255 255 255 255 255 255 255 255 255 255 255 255 255 255 255 255 255 255 255 255 255 255 255 255 255 255 255 255 
255 255 255 255 255 255 255 255 255 255 255 255 255 255 255 255 255 255 255 255 255 255 255 255 255 255 255 255 255 255 255 255 255 255 255 255 255 255 255 255 255 255 255 255 255 255 255 255 255 255 255 255 255 255 255 255 255 255 255 255 255 255 255 255 255 255 255 255 255 255 255 255 
255 255 255 255 255 255 255 255 255 255 255 255 255 255 255 255 255 255 255 255 255 255 255 255 255 255 255 255 255 255 255 255 255 255 255 255 255 255 255 255 255 255 255 255 255 255 255 255 255 255 255 255 255 255 255 255 255 255 255 255 255 255 255 255 255 255 255 255 255 255 255 255 
255 255 255 255 255 255 255 255 255 255 255 255 255 255 255 255 255 255 255 255 255 255 255 255 255 255 255 255 255 255 255 255 255 255 255 255 255 255 255 255 255 255 255 255 255 255 255 255 255 255 255 255 255 255 255 255 255 255 255 255 255 255 255 255 255 255 255 255 255 255 255 255 
255 255 255 255 255 255 255 255 255 255 255 255 255 255 255 255 255 255 255 255 255 255 255 255 255 255 255 255 255 255 255 255 255 255 255 255 255 255 255 255 255 255 255 255 255 255 255 255 255 255 255 255 255 255 255 255 255 255 255 255 255 255 255 255 255 255 255 255 255 255 255 255 
255 255 255 255 255 255 255 255 255 255 255 255 255 255 255 255 255 255 255 255 255 255 255 255 255 255 255 255 255 255 255 255 255 255 255 255 255 255 255 255 255 255 255 255 255 255 255 255 255 255 255 255 255 255 255 255 255 255 255 255 255 255 255 255 255 255 255 255 255 255 255 255 
255 255 255 255 255 255 255 255 255 255 255 255 249 238 228 217 206 195 181 169 255 255 255 255 255 255 255 255 255 255 255 255 255 255 255 255 255 255 255 255 255 255 255 255 255 255 255 255 255 255 255 255 255 255 255 255 255 255 255 255 255 255 255 255 255 255 255 255 255 255 255 255 
002 003 004 005 006 005 004 003 002 001 000 000 000 000 000 000 000 000 000 060 255 255 255 255 255 255 255 255 255 255 255 255 255 155 131 142 153 163 174 180 181 183 185 187 189 191 193 196 194 193 191 189 187 185 183 181 180 174 163 153 142 131 158 255 255 255 255 255 255 255 255 255 
000 000 000 000 000 000 000 000 000 000 000 000 000 000 000 000 000 000 000 069 255 255 255 255 255 255 255 255 255 255 255 255 255 072 000 000 000 000 000 000 000 000 000 000 000 000 000 000 000 000 000 000 000 000 000 000 000 000 000 000 000 000 085 255 255 255 255 255 255 255 255 255 
032 032 025 000 000 000 020 032 032 032 032 032 032 032 032 031 000 000 000 077 255 255 255 255 255 255 255 255 255 255 255 255 255 086 000 000 000 000 000 000 000 000 000 000 000 000 000 000 000 000 000 000 000 000 000 000 000 000 000 000 000 000 106 255 255 255 255 255 255 255 255 255 
255 255 199 000 000 000 161 255 255 255 255 255 255 255 255 242 000 000 000 086 255 255 255 255 255 255 255 255 255 255 255 255 255 100 000 000 000 066 075 075 075 075 075 075 075 075 075 075 075 075 075 075 075 075 075 075 075 075 061 000 000 000 127 255 255 255 255 255 255 255 255 255 
255 255 199 000 000 000 161 255 255 255 255 255 255 255 255 242 000 000 000 091 255 255 255 255 255 255 255 255 255 255 255 255 255 115 000 000 000 220 255 255 255 255 255 255 255 255 255 255 255 255 255 255 255 255 255 255 255 255 197 000 000 000 147 255 255 255 255 255 255 255 255 255 
255 255 199 000 000 000 161 255 255 255 255 255 255 255 255 242 000 000 000 093 255 255 255 255 255 255 255 255 255 255 255 255 255 129 000 000 000 213 255 255 255 255 255 255 255 255 255 255 255 255 255 255 255 255 255 255 255 255 183 000 000 000 166 255 255 255 255 255 255 255 255 255 
255 255 199 000 000 000 161 255 255 255 255 255 255 255 255 242 000 000 000 094 255 255 255 255 255 255 255 255 255 255 255 255 255 144 000 000 000 207 255 255 255 255 255 255 255 255 255 255 255 255 255 255 242 255 255 255 255 255 169 000 000 000 185 255 255 255 255 255 255 255 255 255 
255 255 199 000 000 000 161 255 255 255 255 255 255 255 255 242 000 000 000 095 255 255 255 255 255 255 255 255 255 255 255 255 255 151 000 000 000 200 255 255 255 255 255 255 255 255 255 255 255 255 255 228 022 164 255 255 255 255 155 000 000 000 203 255 255 255 255 255 255 255 255 255 
019 019 015 000 000 000 012 019 019 019 019 019 019 019 019 018 000 000 000 096 255 255 255 255 255 255 255 255 255 255 255 255 255 154 000 000 000 194 255 255 255 247 255 255 255 255 255 255 255 255 255 149 000 000 055 193 255 255 142 000 000 000 220 255 255 255 255 255 255 255 255 255 
000 000 000 000 000 000 000 000 000 000 000 000 000 000 000 000 000 000 000 096 255 255 255 255 255 255 255 255 255 255 255 255 255 157 000 000 000 193 255 255 204 030 157 255 255 255 255 255 255 255 255 069 000 000 000 026 251 255 128 000 000 000 234 255 255 255 255 255 255 255 255 255 
030 030 024 000 000 000 019 030 030 030 030 030 030 030 030 029 000 000 000 094 255 255 255 255 255 255 255 255 255 255 255 255 255 160 000 000 000 196 255 172 009 000 003 176 255 255 255 255 255 255 221 002 000 000 006 217 255 255 114 000 000 000 249 255 255 255 255 255 255 255 255 255 
255 255 199 000 000 000 161 255 255 255 255 255 255 255 255 242 000 000 000 092 255 255 255 255 255 255 255 255 255 255 255 255 255 163 000 000 000 198 255 213 022 000 000 008 193 255 255 255 255 255 115 000 000 000 120 255 255 255 100 000 000 008 255 255 255 255 255 255 255 255 255 255 
255 255 199 000 000 000 161 255 255 255 255 255 255 255 255 242 000 000 000 089 255 255 255 255 255 255 255 255 255 255 255 255 255 166 000 000 000 201 255 255 213 020 000 000 015 214 255 255 255 246 017 000 000 028 244 255 255 255 087 000 000 022 255 255 255 255 255 255 255 255 255 255 
255 255 199 000 000 000 161 255 255 255 255 255 255 255 255 242 000 000 000 087 255 255 255 255 255 255 255 255 255 255 255 255 255 169 000 000 000 203 255 255 255 200 009 000 000 036 237 255 255 156 000 000 000 168 255 255 255 255 074 000 000 030 255 255 255 255 255 255 255 255 255 255 
255 255 199 000 000 000 161 255 255 255 255 255 255 255 255 242 000 000 000 082 255 255 255 255 255 255 255 255 255 255 255 255 255 171 000 000 000 206 255 255 255 255 177 003 000 000 065 250 254 046 000 000 055 255 255 255 255 255 067 000 000 036 255 255 255 255 255 255 255 255 255 255 
255 255 199 000 000 000 161 255 255 255 255 255 255 255 255 242 000 000 000 073 255 255 255 255 255 255 255 255 255 255 255 255 255 174 000 000 000 208 255 255 255 255 255 149 000 000 000 103 164 000 000 000 193 255 255 255 255 255 068 000 000 043 255 255 255 255 255 255 255 255 255 255 
021 021 017 000 000 000 013 021 021 021 021 021 021 021 021 020 000 000 000 064 255 255 255 255 255 255 255 255 255 255 255 255 255 177 000 000 000 211 255 255 255 255 255 255 119 000 000 000 012 000 000 077 255 255 255 255 255 255 069 000 000 050 255 255 255 255 255 255 255 255 255 255 
000 000 000 000 000 000 000 000 000 000 000 000 000 000 000 000 000 000 000 056 255 255 255 255 255 255 255 255 255 255 255 255 255 173 000 000 000 215 255 255 255 255 255 255 254 072 000 000 000 000 003 213 255 255 255 255 255 255 070 000 000 056 255 255 255 255 255 255 255 255 255 255 
033 036 030 000 000 000 025 039 039 038 037 037 036 032 024 015 006 000 000 047 255 255 255 255 255 255 255 255 255 255 255 255 255 160 000 000 000 226 255 255 255 255 255 255 255 236 029 000 000 000 099 255 255 255 255 255 255 255 071 000 000 063 255 255 255 255 255 255 255 255 255 255 
255 255 199 000 000 000 161 255 255 255 255 255 255 255 255 255 255 253 245 223 255 255 255 255 255 255 255 255 255 255 255 255 255 148 000 000 000 238 255 255 255 255 255 255 255 242 035 000 000 000 059 252 255 255 255 255 255 255 072 000 000 067 255 255 255 255 255 255 255 255 255 255 
255 255 199 000 000 000 161 255 255 255 255 255 255 255 255 255 255 255 255 255 255 255 255 255 255 255 255 255 255 255 255 255 255 135 000 000 000 250 255 255 255 255 255 255 255 090 000 000 000 000 000 127 255 255 255 255 255 255 073 000 000 056 255 255 255 255 255 255 255 255 255 255 
255 255 199 000 000 000 161 255 255 255 255 255 255 255 255 255 255 255 255 255 255 255 255 255 255 255 255 255 255 255 255 255 255 122 000 000 007 255 255 255 255 255 255 255 161 000 000 000 000 000 000 003 196 255 255 255 255 255 074 000 000 041 255 255 255 255 255 255 255 255 255 255 
255 255 199 000 000 000 161 255 255 255 255 255 255 255 255 255 255 255 241 223 245 255 255 255 255 255 255 255 255 255 255 255 255 099 000 000 022 255 255 255 255 255 255 206 012 000 000 008 175 009 000 000 031 240 255 255 255 255 074 000 000 026 255 255 255 255 255 255 255 255 255 255 
078 082 067 000 000 000 055 083 079 075 071 067 063 059 055 040 021 004 000 000 195 255 255 255 255 255 255 255 255 255 255 255 255 066 000 000 042 255 255 255 255 255 224 025 000 000 000 149 255 136 000 000 000 088 255 255 255 255 089 000 000 011 255 255 255 255 255 255 255 255 255 255 
000 000 000 000 000 000 000 000 000 000 000 000 000 000 000 000 000 000 000 000 195 255 255 255 255 255 255 255 255 255 255 255 253 013 000 000 071 255 255 255 255 238 040 000 000 000 092 255 255 251 049 000 000 000 171 255 255 255 116 000 000 000 246 255 255 255 255 255 255 255 255 255 
000 000 000 000 000 000 000 000 000 000 000 000 000 000 000 000 000 000 000 000 195 255 255 255 255 255 255 255 255 255 255 255 211 000 000 000 123 255 255 255 248 060 000 000 000 054 247 255 255 255 206 004 000 000 025 241 255 255 144 000 000 000 196 255 255 255 255 255 255 255 255 255 
185 189 151 000 000 000 122 190 185 180 175 171 166 161 156 141 124 107 090 073 210 255 255 255 255 255 255 255 255 255 255 255 155 000 000 000 176 255 255 254 084 000 000 000 027 230 255 255 255 255 255 114 000 000 000 106 255 255 173 000 000 000 142 255 255 253 255 255 255 255 255 255 
255 255 199 000 000 000 161 255 255 255 255 255 255 255 255 255 255 255 255 255 255 255 255 255 255 255 255 255 255 255 255 255 072 000 000 000 228 255 251 098 000 000 000 009 203 255 255 255 255 255 255 237 015 000 000 002 200 255 217 000 000 000 087 255 255 168 221 255 255 255 255 255 
255 255 199 000 000 000 161 255 255 255 255 255 255 255 255 255 255 255 255 255 255 255 255 255 255 255 255 255 255 255 255 229 003 000 000 028 255 241 068 000 000 000 000 166 255 255 255 255 255 255 255 255 131 000 000 000 047 251 255 022 000 000 023 252 255 120 040 224 255 255 255 255 
255 255 199 000 000 000 161 255 255 255 255 255 255 255 255 255 255 255 255 255 255 255 255 255 255 255 255 255 255 255 255 136 000 000 000 114 255 254 176 031 000 000 141 255 255 255 255 255 255 255 255 255 243 022 000 017 138 249 255 094 000 000 000 181 255 081 000 021 155 255 255 255 
255 255 199 000 000 000 161 255 255 255 255 255 255 255 255 255 255 255 255 255 255 255 255 255 255 255 255 255 255 255 246 030 000 000 000 206 255 255 255 244 096 129 255 255 255 255 255 255 255 255 255 255 255 152 119 239 255 255 255 174 000 000 000 076 247 027 000 000 122 255 255 255 
163 165 131 000 000 000 106 166 163 161 158 155 153 150 147 145 142 134 122 111 099 088 076 064 222 255 255 255 255 255 127 000 000 000 043 255 255 255 255 255 255 255 255 255 255 255 255 255 255 255 255 255 255 255 255 255 255 255 255 253 046 000 000 000 066 000 000 000 187 255 255 255 
000 000 000 000 000 000 000 000 000 000 000 000 000 000 000 000 000 000 000 000 000 000 000 000 211 255 255 255 255 224 009 000 000 000 138 255 255 255 255 255 255 255 255 255 255 255 255 255 255 255 255 255 255 255 255 255 255 255 255 255 179 000 000 000 000 000 000 006 246 255 255 255 
000 000 000 000 000 000 000 000 000 000 000 000 000 000 000 000 000 000 000 000 000 000 000 000 211 255 255 255 245 054 000 000 000 026 245 255 255 255 255 255 255 255 255 255 255 255 255 255 255 255 255 255 255 255 255 255 255 255 255 255 255 065 000 000 000 000 000 064 255 255 255 255 
063 065 066 068 069 069 067 066 064 063 061 060 058 057 056 054 050 037 024 010 000 000 000 000 211 255 255 255 240 071 000 000 000 157 255 255 255 255 255 255 255 255 255 255 255 255 255 255 255 255 255 255 255 255 255 255 255 255 255 255 255 236 043 000 000 000 000 165 255 255 255 255 
255 255 255 255 255 255 255 255 255 255 255 255 255 255 255 255 255 255 255 255 252 239 225 212 247 255 255 255 255 243 040 000 046 253 255 255 255 255 255 255 255 255 255 255 255 255 255 255 255 255 255 255 255 255 255 255 255 255 255 255 255 255 229 044 000 000 026 250 255 255 255 255 
255 255 255 255 255 255 255 255 255 255 255 255 255 255 255 255 255 255 255 255 255 255 255 255 255 255 255 255 255 255 214 014 203 255 255 255 255 255 255 255 255 255 255 255 255 255 255 255 255 255 255 255 255 255 255 255 255 255 255 255 255 255 255 251 151 074 184 255 255 255 255 255 
255 255 255 255 255 255 255 255 255 255 255 255 255 255 255 255 255 255 255 255 255 255 255 255 255 255 255 255 255 255 255 217 255 255 255 255 255 255 255 255 255 255 255 255 255 255 255 255 255 255 255 255 255 255 255 255 255 255 255 255 255 255 255 255 255 255 255 255 255 255 255 255 
255 255 255 255 255 255 255 255 255 255 255 255 255 255 255 255 255 255 255 255 255 255 255 255 255 255 255 255 255 255 255 255 255 255 255 255 255 255 255 255 255 255 255 255 255 255 255 255 255 255 255 255 255 255 255 255 255 255 255 255 255 255 255 255 255 255 255 255 255 255 255 255 
255 255 255 255 255 255 255 255 255 255 255 255 255 255 255 255 255 255 255 255 255 255 255 255 255 255 255 255 255 255 255 255 255 255 255 255 255 255 255 255 255 255 255 255 255 255 255 255 255 255 255 255 255 255 255 255 255 255 255 255 255 255 255 255 255 255 255 255 255 255 255 255 
255 255 255 255 255 255 255 255 255 255 255 255 255 255 255 255 255 255 255 255 255 255 255 255 255 255 255 255 255 255 255 255 255 255 255 255 255 255 255 255 255 255 255 255 255 255 255 255 255 255 255 255 255 255 255 255 255 255 255 255 255 255 255 255 255 255 255 255 255 255 255 255 
255 255 255 255 255 255 255 255 255 255 255 255 255 255 255 255 255 255 255 255 255 255 255 255 255 255 255 255 255 255 255 255 255 255 255 255 255 255 255 255 255 255 255 255 255 255 255 255 255 255 255 255 255 255 255 255 255 255 255 255 255 255 255 255 255 255 255 255 255 255 255 255 
255 255 255 255 255 255 255 255 255 255 255 255 255 255 255 255 255 255 255 255 255 255 255 255 255 255 255 255 255 255 255 255 255 255 255 255 255 255 255 255 255 255 255 255 255 255 255 255 255 255 255 255 255 255 255 255 255 255 255 255 255 255 255 255 255 255 255 255 255 255 255 255 
255 255 255 255 255 255 255 255 255 255 255 255 255 255 255 255 255 255 255 255 255 255 255 255 255 255 255 255 255 255 255 255 255 255 255 255 255 255 255 255 255 255 255 255 255 255 255 255 255 255 255 255 255 255 255 255 255 255 255 255 255 255 255 255 255 255 255 255 255 255 255 255 
255 255 255 255 255 255 255 255 255 255 255 255 255 255 255 255 255 255 255 255 255 255 255 255 255 255 255 255 255 255 255 255 255 255 255 255 255 255 255 255 255 255 255 255 255 255 255 255 255 255 255 255 255 255 255 255 255 255 255 255 255 255 255 255 255 255 255 255 255 255 255 255 
255 255 255 255 255 255 255 255 255 255 255 255 255 255 255 255 255 255 255 255 255 255 255 255 255 255 255 255 255 255 255 255 255 255 255 255 255 255 255 255 255 255 255 255 255 255 255 255 255 255 255 255 255 255 255 255 255 255 255 255 255 255 255 255 255 255 255 255 255 255 255 255 
255 255 255 255 255 255 255 255 255 255 255 255 255 255 255 255 255 255 255 255 255 255 255 255 255 255 255 255 255 255 255 255 255 255 255 255 255 255 255 255 255 255 255 255 255 255 255 255 255 255 255 255 255 255 255 255 255 255 255 255 255 255 255 255 255 255 255 255 255 255 255 255 
255 255 255 255 255 255 255 255 255 255 255 255 255 255 255 255 255 255 255 255 255 255 255 255 255 255 255 255 255 255 255 255 255 255 255 255 255 255 255 255 255 255 255 255 255 255 255 255 255 255 255 255 255 255 255 255 255 255 255 255 255 255 255 255 255 255 255 255 255 255 255 255 
255 255 255 255 255 255 255 255 255 255 255 255 255 255 255 255 255 255 255 255 255 255 255 255 255 255 255 255 255 255 255 255 255 255 255 255 255 255 255 255 255 255 255 255 255 255 255 255 255 255 255 255 255 255 255 255 255 255 255 255 255 255 255 255 255 255 255 255 255 255 255 255 
255 255 255 255 255 255 255 255 255 255 255 255 255 255 255 255 255 255 255 255 255 255 255 255 255 255 255 255 255 255 255 255 255 255 255 255 255 255 255 255 255 255 255 255 255 255 255 255 255 255 255 255 255 255 255 255 255 255 255 255 255 255 255 255 255 255 255 255 255 255 255 255 
255 255 255 255 255 255 255 255 255 255 255 255 255 255 255 255 255 255 255 255 255 255 255 255 255 255 255 255 255 255 255 255 255 255 255 255 255 255 255 255 255 255 255 255 255 255 255 255 255 255 255 255 255 255 255 255 255 255 255 255 255 255 255 255 255 255 255 255 255 255 255 255 
255 255 255 255 255 255 255 255 255 255 255 255 255 255 255 255 255 255 255 255 255 255 255 255 255 255 255 255 255 255 255 255 255 255 255 255 255 255 255 255 255 255 255 255 255 255 255 255 255 255 255 255 255 255 255 255 255 255 255 255 255 255 255 255 255 255 255 255 255 255 255 255 
255 255 255 255 255 255 255 255 255 255 255 255 255 255 255 255 255 255 255 255 255 255 255 255 255 255 255 255 255 255 255 255 255 255 255 255 255 255 255 255 255 255 255 255 255 255 255 255 255 255 255 255 255 255 255 255 255 255 255 255 255 255 255 255 255 255 255 255 255 255 255 255 
255 255 255 255 255 255 255 255 255 255 255 255 255 255 255 255 255 255 255 255 255 255 255 255 255 255 255 255 255 255 255 255 255 255 255 255 255 255 255 255 255 255 255 255 255 255 255 255 255 255 255 255 255 255 255 255 255 255 255 255 255 255 255 255 255 255 255 255 255 255 255 255 
255 255 255 255 255 255 255 255 255 255 255 255 255 255 255 255 255 255 255 255 255 255 255 255 255 255 255 255 255 255 255 255 255 255 255 255 255 255 255 255 255 255 255 255 255 255 255 255 255 255 255 255 255 255 255 255 255 255 255 255 255 255 255 255 255 255 255 255 255 255 255 255 
255 255 255 255 255 255 255 255 255 255 255 255 255 255 255 255 255 255 255 255 255 255 255 255 255 255 255 255 255 255 255 255 255 255 255 255 255 255 255 255 255 255 255 255 255 255 255 255 255 255 255 255 255 255 255 255 255 255 255 255 255 255 255 255 255 255 255 255 255 255 255 255 
255 255 255 255 255 255 255 255 255 255 255 255 255 255 255 255 255 255 255 255 255 255 255 255 255 255 255 255 255 255 255 255 255 255 255 255 255 255 255 255 255 255 255 255 255 255 255 255 255 255 255 255 255 255 255 255 255 255 255 255 255 255 255 255 255 255 255 255 255 255 255 255 
255 255 255 255 255 255 255 255 255 255 255 255 255 255 255 255 255 255 255 255 255 255 255 255 255 255 255 255 255 255 255 255 255 255 255 255 255 255 255 255 255 255 255 255 255 255 255 255 255 255 255 255 255 255 255 255 255 255 255 255 255 255 255 255 255 255 255 255 255 255 255 255 
255 255 255 255 255 255 255 255 255 255 255 255 255 255 255 255 255 255 255 255 255 255 255 255 255 255 255 255 255 255 255 255 255 255 255 255 255 255 255 255 255 255 255 255 255 255 255 255 255 255 255 255 255 255 255 255 255 255 255 255 255 255 255 255 255 255 255 255 255 255 255 255 
255 255 255 255 255 255 255 255 255 255 255 255 255 255 255 255 255 255 255 255 255 255 255 255 255 255 255 255 255 255 255 255 255 255 255 255 255 255 255 255 255 255 255 255 255 255 255 255 255 255 255 255 255 255 255 255 255 255 255 255 255 255 255 255 255 255 255 255 255 255 255 255 
255 255 255 255 255 255 255 255 255 255 255 255 255 255 255 255 255 255 255 255 255 255 255 255 255 255 255 255 255 255 255 255 255 255 255 255 255 255 255 255 255 255 255 255 255 255 255 255 255 255 255 255 255 255 255 255 255 255 255 255 255 255 255 255 255 255 255 255 255 255 255 255 
255 255 255 255 255 255 255 255 255 255 255 255 255 255 255 255 255 255 255 255 255 255 255 255 255 255 255 255 255 255 255 255 255 255 255 255 255 255 255 255 255 255 255 255 255 255 255 255 255 255 255 255 255 255 255 255 255 255 255 255 255 255 255 255 255 255 255 255 255 255 255 255 
255 255 255 255 255 255 255 255 255 255 255 255 255 255 255 255 255 255 255 255 255 255 255 255 255 255 255 255 255 255 255 255 255 255 255 255 255 255 255 255 255 255 255 255 255 255 255 255 255 255 255 255 255 255 255 255 255 255 255 255 255 255 255 255 255 255 255 255 255 255 255 255 
255 255 255 255 255 255 255 255 255 255 255 255 255 255 255 255 255 255 255 255 255 255 255 255 255 255 255 255 255 255 255 255 255 255 255 255 255 255 255 255 255 255 255 255 255 255 255 255 255 255 255 255 255 255 255 255 255 255 255 255 255 255 255 255 255 255 255 255 255 255 255 255 
255 255 255 255 255 255 255 255 255 255 255 255 255 255 255 255 255 255 255 255 255 255 255 255 255 255 255 255 255 255 255 255 255 255 255 255 255 255 255 255 255 255 255 255 255 255 255 255 255 255 255 255 255 255 255 255 255 255 255 255 255 255 255 255 255 255 255 255 255 255 255 255 
255 255 255 255 255 255 255 255 255 255 255 255 255 255 255 255 255 255 255 255 255 255 255 255 255 255 255 255 255 255 255 255 255 255 255 255 255 255 255 255 255 255 255 255 255 255 255 255 255 255 255 255 255 255 255 255 255 255 255 255 255 255 255 255 255 255 255 255 255 255 255 255 
255 255 255 255 255 255 255 255 255 255 255 255 255 255 255 255 255 255 255 255 255 255 255 255 255 255 255 255 255 255 255 255 255 255 255 255 255 255 255 255 255 255 255 255 255 255 255 255 255 255 255 255 255 255 255 255 255 255 255 255 255 255 255 255 255 255 255 255 255 255 255 255 
255 255 255 255 255 255 255 255 255 255 255 255 255 255 255 255 255 255 255 255 255 255 255 255 255 255 255 255 255 255 255 255 185 171 186 193 199 206 212 218 225 232 233 233 234 234 235 235 236 236 237 236 235 234 232 231 230 229 227 226 225 224 222 221 209 192 176 160 154 255 255 255 
255 255 255 255 255 255 255 255 255 255 255 255 255 255 255 255 255 255 255 255 255 255 255 255 255 255 255 255 255 255 255 255 089 000 000 000 000 000 000 000 000 000 000 000 000 000 000 000 000 000 000 000 000 000 000 000 000 000 000 000 000 000 000 000 000 000 000 000 019 255 255 255 
255 255 255 255 255 255 255 255 255 255 255 255 255 255 255 255 255 255 255 255 255 255 255 255 255 255 255 255 255 255 255 255 089 000 000 000 000 000 000 000 000 000 000 000 000 000 000 000 000 000 000 000 000 000 000 000 000 000 000 000 000 000 000 000 000 000 000 000 019 255 255 255 
255 255 255 255 255 255 255 255 255 255 255 255 255 255 255 255 255 255 255 255 255 255 255 255 255 255 255 255 255 255 255 255 094 021 038 056 073 085 088 090 092 095 097 099 047 000 000 056 101 101 101 101 101 026 000 000 072 099 097 095 093 090 088 086 080 062 044 026 028 255 255 255 
255 255 255 255 255 255 255 255 255 255 255 255 255 255 255 255 255 255 255 255 255 255 255 255 255 255 255 255 255 255 255 255 255 255 255 255 255 255 255 255 255 255 255 255 119 000 000 141 255 255 255 255 255 066 000 000 183 255 255 255 255 255 255 255 255 255 255 255 255 255 255 255 
255 255 255 255 255 255 255 255 255 255 255 255 255 255 255 255 255 255 255 255 255 255 255 255 255 255 255 255 255 255 255 255 255 255 255 255 255 255 255 255 255 255 255 255 119 000 000 141 255 255 255 255 255 066 000 000 183 255 255 255 255 255 255 255 255 255 255 255 255 255 255 255 
255 255 255 255 255 255 255 255 255 255 255 255 255 255 255 255 255 255 255 255 255 255 255 255 255 255 255 255 255 255 255 255 255 255 255 255 255 255 255 255 255 255 255 255 119 000 000 141 255 255 255 255 255 066 000 000 183 255 255 255 255 255 255 255 255 255 255 255 255 255 255 255 
255 255 255 255 255 255 255 255 255 255 255 255 255 255 255 255 255 255 255 255 255 255 255 255 255 255 255 255 255 255 255 255 255 255 255 236 190 200 210 220 224 228 231 234 111 000 000 132 238 238 238 238 238 062 000 000 170 232 228 223 219 214 206 197 189 229 255 255 255 255 255 255 
255 255 255 255 255 255 255 255 255 255 255 255 255 255 255 255 255 255 255 255 255 255 255 255 255 255 255 255 255 255 255 255 255 255 255 202 000 000 000 000 000 000 000 000 000 000 000 000 000 000 000 000 000 000 000 000 000 000 000 000 000 000 000 000 000 171 255 255 255 255 255 255 
255 255 255 255 255 255 255 255 255 255 255 255 255 255 255 255 255 255 255 255 255 255 255 255 255 255 255 255 255 255 255 255 255 255 255 226 000 000 000 000 000 000 000 000 000 000 000 000 000 000 000 000 000 000 000 000 000 000 000 000 000 000 000 000 000 186 255 255 255 255 255 255 
255 255 255 255 255 255 255 255 255 255 255 255 255 255 255 255 255 255 255 255 255 255 255 255 255 255 255 255 255 255 255 255 255 255 255 241 000 000 000 127 146 146 146 146 068 000 000 081 146 146 146 146 146 038 000 000 105 146 146 146 146 136 000 000 000 194 255 255 255 255 255 255 
255 255 255 255 255 255 255 255 255 255 255 255 255 255 255 255 255 255 255 255 255 255 255 255 255 255 255 255 255 255 255 255 255 255 255 244 000 000 000 221 255 255 255 255 119 000 000 141 255 255 255 255 255 066 000 000 183 255 255 255 255 236 000 000 000 198 255 255 255 255 255 255 
255 255 255 255 255 255 255 255 255 255 255 255 255 255 255 255 255 255 255 255 255 255 255 255 255 255 255 255 255 255 255 255 255 255 255 248 000 000 000 221 255 255 255 255 119 000 000 141 255 255 255 255 255 066 000 000 183 255 255 255 255 236 000 000 000 202 255 255 255 255 255 255 
255 255 255 255 255 255 255 255 255 255 255 255 255 255 255 255 255 255 255 255 255 255 255 255 255 255 255 255 255 255 255 255 255 255 255 249 000 000 000 221 255 255 255 255 119 000 000 141 255 255 255 255 255 066 000 000 183 255 255 255 255 236 000 000 000 203 255 255 255 255 255 255 
255 255 255 255 255 255 255 255 255 255 255 255 255 255 255 255 255 255 255 255 255 255 255 255 255 255 255 255 255 255 255 255 255 255 255 242 000 000 000 221 255 255 255 255 119 000 000 141 255 255 255 255 255 066 000 000 183 255 255 255 255 236 000 000 000 201 255 255 255 255 255 255 
255 255 255 255 255 255 255 255 255 255 255 255 255 255 255 255 255 255 255 255 255 255 255 255 255 255 255 255 255 255 255 255 255 255 255 237 000 000 000 102 117 117 117 117 055 000 000 065 117 117 117 117 117 030 000 000 084 117 117 117 117 109 000 000 000 199 255 255 255 255 255 255 
255 255 255 255 255 255 255 255 255 255 255 255 255 255 255 255 255 255 255 255 255 255 255 255 255 255 255 255 255 255 255 255 255 255 255 221 000 000 000 000 000 000 000 000 000 000 000 000 000 000 000 000 000 000 000 000 000 000 000 000 000 000 000 000 000 194 255 255 255 255 255 255 
255 255 255 255 255 255 255 255 255 255 255 255 255 255 255 255 255 255 255 255 255 255 255 255 255 255 255 255 255 255 255 255 255 255 255 199 000 000 000 000 000 000 000 000 000 000 000 000 000 000 000 000 000 000 000 000 000 000 000 000 000 000 000 000 000 175 255 255 255 255 255 255 
255 255 255 255 255 255 255 255 255 255 255 255 255 255 255 255 255 255 255 255 255 255 255 255 255 255 255 255 255 255 255 255 255 255 255 241 205 210 215 220 225 229 229 230 230 231 232 209 233 233 233 233 233 232 232 231 231 230 229 229 223 216 210 203 196 232 255 255 255 255 255 255 
255 255 255 255 255 255 255 255 255 255 255 255 255 255 255 255 255 255 255 255 255 255 255 255 255 255 255 255 255 255 255 255 255 255 255 255 255 255 255 255 255 255 255 255 255 255 240 010 064 164 236 255 255 255 255 255 255 255 255 255 255 255 255 255 255 255 255 255 255 255 255 255 
255 255 255 255 255 255 255 255 255 255 255 255 255 255 255 255 255 255 255 255 255 255 255 255 255 255 255 255 255 255 255 255 255 255 255 255 255 255 255 255 255 255 255 255 255 255 145 000 000 000 014 205 255 255 255 255 255 255 255 255 255 255 255 255 255 255 255 255 255 255 255 255 
255 255 255 255 255 255 255 255 255 255 255 255 255 255 255 255 255 255 255 255 255 255 255 255 255 255 255 255 255 255 255 255 255 255 255 255 255 255 255 255 255 255 255 255 255 238 019 000 000 027 217 255 255 255 255 255 255 255 255 255 255 255 255 255 255 255 255 255 255 255 255 255 
255 255 255 255 255 255 255 255 255 255 255 255 255 255 255 255 255 255 255 255 255 255 255 255 255 255 255 255 255 255 255 116 017 030 042 054 066 079 085 088 091 094 097 100 103 063 000 000 000 069 106 106 106 106 106 106 106 106 106 106 105 101 098 095 091 084 067 050 033 016 219 255 
255 255 255 255 255 255 255 255 255 255 255 255 255 255 255 255 255 255 255 255 255 255 255 255 255 255 255 255 255 255 255 110 000 000 000 000 000 000 000 000 000 000 000 000 000 000 000 000 000 000 000 000 000 000 000 000 000 000 000 000 000 000 000 000 000 000 000 000 000 000 217 255 
255 255 255 255 255 255 255 255 255 255 255 255 255 255 255 255 255 255 255 255 255 255 255 255 255 255 255 255 255 255 255 110 000 000 000 000 000 000 000 000 000 000 000 000 000 000 000 000 000 000 000 000 000 000 000 000 000 000 000 000 000 000 000 000 000 000 000 000 000 000 217 255 
255 255 255 255 255 255 255 255 255 255 255 255 255 255 255 255 255 255 255 255 255 255 255 255 255 255 255 255 255 255 255 188 147 161 174 188 201 208 212 217 221 225 229 069 000 000 068 233 233 233 233 233 233 233 233 233 208 003 000 000 115 231 228 224 221 216 200 182 163 145 237 255 
255 255 255 255 255 255 255 255 255 255 255 255 255 255 255 255 255 255 255 255 255 255 255 255 255 255 255 255 255 255 255 255 255 255 255 255 255 255 255 255 255 255 149 000 000 023 232 255 255 255 255 255 255 255 255 255 117 000 000 014 237 255 255 255 255 255 255 255 255 255 255 255 
255 255 255 255 255 255 255 255 255 255 255 255 255 255 255 255 255 255 255 255 255 255 255 255 255 255 255 255 255 255 255 255 255 255 255 255 255 255 255 255 255 205 007 000 001 186 255 255 255 255 255 255 255 255 255 180 002 000 000 158 255 255 255 255 255 255 255 255 255 255 255 255 
255 255 255 255 255 247 222 197 218 255 255 255 255 255 255 255 255 255 255 255 255 255 255 255 255 255 255 255 255 255 255 255 255 255 255 255 255 255 255 255 219 024 000 000 017 118 177 235 255 255 255 255 255 255 213 013 000 000 090 255 255 255 255 255 255 255 255 255 255 255 255 255 
255 255 165 039 015 000 000 000 184 255 255 255 255 255 255 255 255 255 255 255 255 255 255 255 255 255 255 255 255 255 255 255 255 255 255 255 255 255 255 229 032 000 000 000 000 000 000 000 040 110 183 247 255 210 032 000 000 036 242 255 255 255 255 255 255 255 255 255 255 255 255 255 
255 255 103 000 000 000 000 018 251 255 255 255 255 255 255 255 255 255 255 255 255 255 255 255 255 255 255 255 255 255 255 255 255 255 255 255 255 255 255 252 210 157 104 051 005 000 000 000 000 000 000 009 069 009 000 000 036 225 255 255 255 255 255 255 255 255 255 255 255 255 255 255 
255 255 063 000 000 000 000 101 255 255 255 255 255 255 255 255 255 255 255 255 255 255 255 255 255 255 255 255 255 255 255 255 255 255 255 255 255 255 255 255 255 255 255 255 247 187 119 051 002 000 000 000 000 000 000 000 082 184 250 255 255 255 255 255 255 255 255 255 255 255 255 255 
255 253 013 000 000 000 000 206 255 255 255 255 255 255 255 255 255 255 255 255 255 255 255 255 255 255 255 255 255 255 255 255 255 255 255 255 255 255 255 255 255 255 255 255 255 255 255 229 119 004 000 000 000 000 000 000 000 000 015 088 168 242 255 255 255 255 255 255 255 255 255 255 
255 208 000 000 000 000 057 255 255 255 255 255 255 255 255 255 255 255 255 255 255 255 255 255 255 255 255 255 255 255 255 255 255 255 255 255 255 255 255 255 255 255 241 215 162 101 039 000 000 000 000 000 018 091 018 000 000 000 000 000 000 007 075 164 244 255 255 255 255 255 255 255 
255 151 000 000 000 000 165 255 255 255 255 255 255 255 255 255 255 255 255 255 255 255 255 255 255 255 255 255 255 255 255 255 255 150 091 098 105 110 088 062 036 011 000 000 000 000 000 000 000 000 026 125 236 255 250 180 090 011 000 000 000 000 000 000 010 088 178 250 255 255 255 255 
255 093 000 000 000 024 250 255 255 255 255 255 255 255 255 255 255 255 255 255 255 255 255 255 255 255 255 255 255 255 255 255 255 225 005 000 000 000 000 000 000 000 000 000 000 000 000 009 075 175 251 255 255 255 255 255 255 239 138 030 000 000 000 000 000 000 000 148 255 255 255 255 
255 036 000 000 000 125 255 255 255 255 255 255 255 255 255 255 255 255 255 255 255 255 255 255 255 255 255 255 255 255 255 255 255 255 095 000 000 000 000 000 000 000 000 005 058 124 191 248 255 255 255 255 255 255 255 255 255 255 255 252 170 058 000 000 000 000 072 255 255 255 255 255 
228 000 000 000 014 233 255 255 255 255 255 255 255 255 255 255 255 255 255 255 255 255 255 255 255 255 255 255 255 255 255 255 255 255 199 000 000 014 045 087 129 171 214 251 255 255 255 255 255 255 255 255 255 255 255 255 255 255 255 255 255 255 202 086 001 004 219 255 255 255 255 255 
151 000 000 000 139 255 255 255 255 255 255 255 255 255 255 255 255 255 255 255 255 255 255 255 255 255 255 255 255 255 255 255 255 255 253 215 242 255 255 255 255 255 255 255 255 255 255 255 255 255 255 255 255 255 255 255 255 255 255 255 255 255 255 255 205 133 255 255 255 255 255 255 
176 153 179 206 251 255 255 255 255 255 255 255 255 255 255 255 255 255 255 255 255 255 255 255 255 255 255 255 255 255 255 255 255 255 255 255 255 255 255 255 255 255 255 255 255 255 255 255 255 255 255 255 255 255 255 255 255 255 255 255 255 255 255 255 255 255 255 255 255 255 255 255 
255 255 255 255 255 255 255 255 255 255 255 255 255 255 255 255 255 255 255 255 255 255 255 255 255 255 255 255 255 255 255 255 255 255 255 255 255 255 255 255 255 255 255 255 255 255 255 255 255 255 255 255 255 255 255 255 255 255 255 255 255 255 255 255 255 255 255 255 255 255 255 255 
255 255 255 255 255 255 255 255 255 255 255 255 255 255 255 255 255 255 255 255 255 255 255 255 255 255 255 255 255 255 255 255 255 255 255 255 255 255 255 255 255 255 255 255 255 255 255 255 255 255 255 255 255 255 255 255 255 255 255 255 255 255 255 255 255 255 255 255 255 255 255 255 
255 255 255 255 255 255 255 255 255 255 255 255 255 255 255 255 255 255 255 255 255 255 255 255 255 255 255 255 255 255 255 255 255 255 255 255 255 255 255 255 255 255 255 255 255 255 255 255 255 255 255 255 255 255 255 255 255 255 255 255 255 255 255 255 255 255 255 255 255 255 255 255 
255 255 255 255 255 255 255 255 255 255 255 255 255 255 255 255 255 255 255 255 255 255 255 255 255 255 255 255 255 255 255 255 255 255 255 255 255 255 255 255 255 255 255 255 255 255 255 255 255 255 255 255 255 255 255 255 255 255 255 255 255 255 255 255 255 255 255 255 255 255 255 255 
255 255 255 255 255 255 255 255 255 255 255 255 255 255 255 255 255 255 255 255 255 255 255 255 255 255 255 255 255 255 255 255 255 255 255 255 255 255 255 255 255 255 255 255 255 255 255 255 255 255 255 255 255 255 255 255 255 255 255 255 255 255 255 255 255 255 255 255 255 255 255 255 
255 255 255 255 255 255 255 255 255 255 255 255 255 255 255 255 255 255 255 255 255 255 255 255 255 255 255 255 255 255 255 255 255 255 255 255 255 255 255 255 255 255 255 255 255 255 255 255 255 255 255 255 255 255 255 255 255 255 255 255 255 255 255 255 255 255 255 255 255 255 255 255 
255 255 255 255 255 255 255 255 255 255 255 255 255 255 255 255 255 255 255 255 255 255 255 255 255 255 255 255 255 255 255 255 255 255 255 255 255 255 255 255 255 255 255 255 255 255 255 255 255 255 255 255 255 255 255 255 255 255 255 255 255 255 255 255 255 255 255 255 255 255 255 255 
255 255 255 255 255 255 255 255 255 255 255 255 255 255 255 255 255 255 255 255 255 255 255 255 255 255 255 255 255 255 255 255 255 255 255 255 255 255 255 255 255 255 255 255 255 255 255 255 255 255 255 255 255 255 255 255 255 255 255 255 255 255 255 255 255 255 255 255 255 255 255 255 
