255 255 255 255 255 255 255 255 255 255 255 255 255 255 255 255 255 255 244 018 000 000 023 064 247 255 255 255 255 255 255 255 255 255 255 255 255 255 255 255 255 255 255 255 255 255 255 255 255 255 255 255 255 255 255 255 255 255 255 255 255 255 255 255 255 255 255 255 255 255 255 255 
255 255 255 255 255 255 255 255 255 255 255 255 255 255 255 255 255 255 088 000 000 000 000 007 220 255 255 255 255 255 255 255 255 255 255 255 255 255 255 255 255 255 255 255 255 255 255 255 255 255 255 255 255 206 185 216 226 230 242 255 255 255 255 255 255 255 255 255 255 255 255 246 
255 255 255 255 255 255 255 255 255 255 255 255 255 255 255 255 255 139 000 000 000 013 000 000 068 253 255 255 255 255 255 255 255 255 255 255 255 255 255 255 255 255 255 255 255 255 255 255 255 255 255 255 255 139 000 000 000 000 088 255 255 255 255 255 255 255 255 255 255 255 255 094 
255 255 255 255 255 255 255 255 255 255 255 255 255 255 255 255 188 003 000 000 016 214 056 000 000 088 250 255 255 255 255 255 255 255 255 255 255 255 255 255 255 255 255 255 255 255 255 255 255 255 255 255 255 166 000 000 000 045 250 255 255 255 255 255 255 255 255 255 255 255 255 223 
255 255 255 255 255 255 255 255 255 255 255 255 255 255 255 214 020 000 000 005 186 255 210 006 000 000 074 246 255 255 255 255 255 255 255 255 255 255 255 255 255 255 255 255 255 255 255 255 255 255 255 255 255 191 000 000 000 123 255 255 255 255 255 255 255 255 255 255 255 255 255 255 
255 255 255 255 255 255 255 255 255 255 255 255 255 255 195 017 000 000 006 177 255 255 255 169 002 000 000 062 239 255 255 255 255 255 255 255 255 255 255 255 255 255 255 255 255 255 255 255 255 255 255 255 255 196 000 000 000 145 255 255 255 255 255 255 255 255 255 255 255 255 255 255 
255 255 255 255 255 255 255 255 255 255 255 255 255 166 008 000 000 007 180 255 255 255 255 255 146 000 000 000 024 165 255 255 255 255 255 255 255 255 255 255 255 255 255 255 255 255 255 255 255 255 255 255 255 200 000 000 000 145 255 255 255 255 255 255 255 255 255 255 255 255 255 255 
255 255 255 255 255 255 255 255 255 255 255 252 116 000 000 000 007 182 253 197 145 093 062 253 255 121 000 000 000 000 060 181 255 255 255 255 255 255 255 255 255 255 255 255 255 255 255 255 255 255 255 255 255 204 000 000 000 145 255 255 255 255 255 255 255 255 255 255 255 255 255 255 
255 255 255 255 255 255 255 255 255 255 232 069 000 000 000 029 198 255 254 029 000 000 000 196 255 255 143 003 000 000 000 000 041 110 173 235 255 255 255 255 255 255 255 255 255 255 255 255 255 255 255 255 255 204 000 000 000 145 255 255 255 255 255 144 131 150 167 171 173 175 178 180 
255 255 255 255 255 255 255 255 250 140 014 000 000 000 073 236 255 255 255 119 000 000 000 108 255 255 255 188 028 000 000 000 000 000 000 001 042 104 167 212 241 255 255 255 255 255 255 255 255 255 255 255 255 204 000 000 000 145 255 255 255 255 255 052 000 000 000 000 000 000 000 000 
255 255 255 255 255 255 255 186 040 000 000 000 003 133 254 255 255 255 255 176 000 000 000 019 249 255 255 255 241 107 008 000 000 000 000 000 000 000 000 000 000 063 251 255 255 255 255 255 255 255 255 255 255 204 000 000 000 145 255 225 115 168 255 052 000 000 000 000 000 000 000 000 
255 255 255 255 253 182 074 000 000 000 000 049 201 255 255 255 255 255 255 218 063 115 168 221 255 255 255 255 255 255 235 133 028 000 000 000 000 000 000 000 012 225 255 255 255 255 255 255 091 100 115 163 255 204 000 000 000 145 123 004 000 060 255 052 000 000 000 000 000 000 000 000 
255 255 206 131 033 000 000 000 000 012 142 126 138 155 169 171 173 175 176 178 179 181 179 178 176 174 173 171 168 153 137 143 251 169 059 000 000 000 000 000 140 255 255 255 255 255 255 255 012 000 000 080 255 204 000 000 000 145 158 000 000 000 216 181 181 190 129 000 000 000 155 219 
255 255 153 003 000 000 000 000 081 227 255 014 000 000 000 000 000 000 000 000 000 000 000 000 000 000 000 000 000 000 000 154 255 255 255 205 106 020 000 032 251 255 255 255 255 255 255 255 018 000 000 095 255 204 000 000 000 145 248 017 000 000 118 255 255 255 168 000 000 000 180 255 
255 255 255 157 000 000 042 182 255 255 255 014 000 000 000 000 000 000 000 000 000 000 000 000 000 000 000 000 000 000 051 253 255 255 255 255 255 250 180 172 255 255 255 255 255 255 255 253 007 000 000 114 255 204 000 000 000 145 255 097 000 000 024 250 255 255 168 000 000 000 180 255 
255 255 255 255 116 150 252 255 255 255 255 046 052 071 090 099 103 106 109 113 113 113 113 113 113 113 020 000 000 001 199 255 255 255 255 255 255 255 255 255 255 255 255 255 255 255 255 221 000 000 000 149 255 204 000 000 000 145 255 185 000 000 000 164 255 255 168 000 000 000 180 255 
255 255 255 255 255 255 255 255 255 255 255 255 255 255 255 255 255 255 255 255 255 255 255 255 255 179 000 000 000 105 255 255 255 255 255 255 255 255 255 255 255 255 255 255 255 255 255 183 000 000 000 185 255 204 000 000 000 145 255 251 020 000 000 053 255 255 168 000 000 000 180 255 
255 255 255 255 255 255 255 255 255 255 255 255 255 255 255 255 255 255 255 255 255 255 255 255 240 027 000 000 046 247 255 255 255 255 255 255 255 255 255 255 255 255 255 255 255 255 255 145 000 000 000 221 255 204 000 000 000 145 255 255 097 000 000 000 197 255 168 000 000 000 180 255 
255 255 255 255 255 255 255 255 255 255 255 255 255 255 255 255 255 255 255 255 255 255 255 255 091 000 000 011 216 255 255 255 255 255 255 255 255 255 255 255 255 255 255 255 255 255 255 107 000 000 005 252 255 204 000 000 000 145 255 255 161 000 004 079 205 255 168 000 000 000 180 255 
255 255 255 255 255 255 255 255 243 214 246 255 255 255 255 255 255 255 255 255 255 255 255 130 000 000 000 162 255 255 255 255 250 227 208 255 255 255 255 255 255 255 255 255 255 255 255 069 000 000 037 255 255 204 000 000 000 145 255 255 227 132 229 255 255 255 168 000 000 000 180 255 
255 255 255 255 255 255 255 255 218 000 000 022 034 036 039 041 044 046 049 049 049 049 048 000 000 000 003 045 039 032 026 018 001 000 033 255 255 255 255 255 255 255 255 255 255 255 251 015 000 000 075 255 255 204 000 000 000 145 255 255 255 255 255 255 255 255 168 000 000 000 180 255 
255 255 255 255 255 255 255 255 242 000 000 000 000 000 000 000 000 000 000 000 000 000 000 000 000 000 000 000 000 000 000 000 000 000 058 255 255 255 255 255 255 255 255 255 255 255 194 000 000 000 128 255 255 204 000 000 000 145 255 255 255 255 255 255 255 255 168 000 000 000 180 255 
255 255 255 255 255 255 255 255 255 002 000 000 001 001 001 001 001 001 001 001 001 001 001 001 001 001 001 001 001 001 001 000 000 000 070 255 255 255 255 255 255 255 255 255 255 255 122 000 000 000 185 255 255 204 000 000 000 145 255 255 255 255 255 255 255 255 168 000 000 000 180 255 
255 255 255 255 255 255 255 255 255 007 000 000 137 255 255 255 255 255 255 255 255 255 255 255 255 255 255 255 255 255 255 046 000 000 077 255 255 255 255 255 255 255 255 255 255 255 234 196 163 130 241 255 255 204 000 000 000 145 255 255 255 255 255 255 255 255 168 000 000 000 180 255 
255 255 255 255 255 255 255 255 255 011 000 000 137 255 255 255 255 255 255 255 255 255 255 255 255 255 255 255 255 255 255 046 000 000 080 255 255 255 255 255 255 255 255 255 255 255 255 255 255 255 255 255 255 204 000 000 000 145 255 255 255 255 255 255 255 255 168 000 000 000 180 255 
255 255 255 255 255 255 255 255 255 011 000 000 137 255 255 255 255 255 255 156 067 132 160 188 255 255 255 255 255 255 255 046 000 000 080 255 255 255 255 255 255 255 255 255 255 255 255 255 255 255 255 255 255 204 000 000 000 145 255 255 255 255 255 255 255 255 168 000 000 000 180 255 
255 255 255 255 255 255 255 255 255 011 000 000 137 255 255 255 255 255 255 128 000 000 000 043 254 255 255 255 255 255 255 046 000 000 080 255 255 255 255 255 255 255 255 255 255 255 255 255 255 255 255 255 255 204 000 000 000 145 255 255 255 255 255 255 255 255 168 000 000 000 180 255 
255 255 255 255 255 255 255 255 255 011 000 000 137 255 255 255 255 255 255 077 000 000 000 184 255 255 255 255 255 255 255 046 000 000 079 255 255 255 255 255 255 255 255 255 255 255 255 255 255 255 255 255 255 204 000 000 000 145 255 255 255 255 255 255 255 255 168 000 000 000 180 255 
255 255 255 255 255 255 255 255 255 008 000 000 137 255 255 255 255 255 249 020 000 000 025 253 255 255 255 255 255 255 255 046 000 000 074 255 255 255 255 255 255 255 255 255 255 255 255 255 255 255 255 255 255 204 000 000 000 145 255 255 255 255 255 255 255 255 168 000 000 000 180 255 
255 255 255 255 255 255 255 255 255 003 000 000 137 255 255 255 255 255 164 000 000 000 111 255 255 255 255 255 255 255 255 046 000 000 060 255 255 255 255 255 255 255 255 255 255 255 255 255 255 255 255 255 255 204 000 000 000 145 255 255 255 255 255 255 255 255 168 000 000 000 180 255 
255 255 255 255 255 255 255 255 243 000 000 000 137 255 255 255 255 250 047 000 000 000 203 255 255 231 244 255 255 255 255 046 000 000 028 255 255 255 255 255 255 255 255 255 255 255 255 255 255 255 255 255 255 204 000 000 000 145 255 255 255 255 255 255 255 255 168 000 000 000 180 255 
255 255 255 255 255 255 255 255 212 000 000 000 137 255 255 255 255 123 000 000 000 089 255 255 249 049 017 119 228 255 255 191 176 176 179 255 255 255 255 255 255 255 255 255 255 255 255 255 255 255 255 255 255 204 000 000 000 145 255 255 255 255 255 255 255 255 168 000 000 000 180 255 
255 255 255 255 255 255 255 255 241 197 197 197 229 255 255 255 151 002 000 000 032 240 255 255 111 000 000 000 005 092 206 255 255 255 255 255 255 255 255 255 255 255 255 255 255 255 255 255 255 255 255 255 255 204 000 000 000 145 255 255 255 255 255 255 255 255 164 000 000 000 180 255 
255 255 255 255 255 255 255 255 255 255 255 255 255 255 225 092 000 000 000 004 197 255 255 249 095 004 000 000 000 000 000 064 189 255 255 255 255 255 255 255 255 255 255 255 255 255 255 255 255 255 255 255 255 203 000 000 000 145 255 255 255 255 255 255 255 255 160 000 000 000 180 255 
255 255 255 255 255 255 255 255 255 255 255 255 207 110 007 000 000 000 019 189 255 255 255 255 255 225 109 009 000 000 000 000 000 068 203 255 255 255 255 255 255 255 255 255 255 255 255 255 255 255 255 255 255 199 000 000 000 141 255 255 255 255 255 255 255 255 155 000 000 000 106 150 
255 255 255 255 255 255 255 237 198 160 109 031 000 000 000 000 000 058 223 255 255 255 255 255 255 255 255 224 085 000 000 000 000 000 000 082 215 255 255 255 255 255 255 255 255 255 255 255 255 255 255 255 255 196 000 000 000 138 255 255 255 255 255 255 255 255 149 000 000 000 000 000 
255 255 255 255 203 032 016 000 000 000 000 000 000 000 000 030 142 252 255 255 255 255 255 255 255 255 255 255 255 193 048 000 000 000 000 000 031 248 255 255 255 255 255 255 255 255 255 255 255 255 255 255 255 191 000 000 000 134 255 255 255 255 255 255 255 255 126 000 000 000 000 000 
255 255 255 255 255 123 000 000 000 000 000 000 000 065 174 252 255 255 255 255 255 255 255 255 255 255 255 255 255 255 253 152 020 000 000 002 191 255 255 255 255 255 255 255 255 255 255 255 255 255 255 255 255 172 000 000 000 123 255 255 255 255 255 255 255 255 100 000 000 000 000 000 
255 255 255 255 255 247 035 000 000 000 016 104 212 255 255 255 255 255 255 255 255 255 255 255 255 255 255 255 255 255 255 255 237 072 000 121 255 255 255 255 255 255 255 255 255 255 255 255 255 255 255 255 255 152 000 000 000 111 255 255 255 255 255 255 255 255 206 193 206 215 217 218 
255 255 255 255 255 255 158 046 120 194 251 255 255 255 255 255 255 255 255 255 255 255 255 255 255 255 255 255 255 255 255 255 255 253 150 251 255 255 255 255 255 255 255 255 255 255 255 255 255 255 255 255 255 131 000 000 000 100 255 255 255 255 255 255 255 255 255 255 255 255 255 255 
255 255 255 255 255 255 255 255 255 255 255 255 255 255 255 255 255 255 255 255 255 255 255 255 255 255 255 255 255 255 255 255 255 255 255 255 255 255 255 255 255 255 255 255 255 255 255 255 255 255 255 255 255 205 161 161 161 195 255 255 255 255 255 255 255 255 255 255 255 255 255 255 
255 255 255 255 255 255 255 255 255 255 255 255 255 255 255 255 255 255 255 255 255 255 255 255 255 255 255 255 255 255 255 255 255 255 255 255 255 255 255 255 255 255 255 255 255 255 255 255 255 255 255 255 255 255 255 255 255 255 255 255 255 255 255 255 255 255 255 255 255 255 255 255 
255 255 255 255 255 255 255 255 255 255 255 255 255 255 255 255 255 255 255 255 255 255 255 255 255 255 255 255 255 255 255 255 255 255 255 255 255 255 255 255 255 255 255 255 255 255 255 255 255 255 255 255 255 255 255 255 255 255 255 255 255 255 255 255 255 255 255 255 255 255 255 255 
255 255 255 255 255 255 255 255 255 255 255 255 255 255 255 255 255 255 255 255 255 255 255 255 255 255 255 255 255 255 255 255 255 255 255 255 255 255 255 255 255 255 255 255 255 255 255 255 255 255 255 255 255 255 255 255 255 255 255 255 255 255 255 255 255 255 255 255 255 255 255 255 
255 255 255 255 255 255 255 255 255 255 255 255 255 255 255 255 255 255 255 255 255 255 255 255 255 255 255 255 255 255 255 255 255 255 255 255 255 255 255 255 255 255 255 255 255 255 255 255 255 255 255 255 255 255 255 255 255 255 255 255 255 255 255 255 255 255 255 255 255 255 255 255 
255 255 255 255 255 255 255 255 255 255 255 255 255 255 255 255 255 255 255 255 255 255 255 255 255 255 255 255 255 255 255 255 255 255 255 255 255 255 255 255 255 255 255 255 255 255 255 255 255 255 255 255 255 255 255 255 255 255 255 255 255 255 255 255 255 255 255 255 255 255 255 255 
255 255 255 255 255 255 255 255 255 255 255 255 255 255 255 255 255 255 255 255 255 255 255 255 255 255 255 255 255 255 255 255 255 255 255 255 255 255 255 255 255 255 255 255 255 255 255 255 255 255 255 255 255 255 255 255 255 255 255 255 255 255 255 255 255 255 255 255 255 255 255 255 
255 255 255 255 255 255 255 255 255 255 255 255 255 255 255 255 255 255 255 255 255 255 255 255 255 255 255 255 255 255 255 255 255 255 255 255 255 255 255 255 255 255 255 255 255 255 255 255 255 255 255 255 255 255 255 255 255 255 255 255 255 255 255 255 255 255 255 255 255 255 255 255 
255 255 255 255 255 255 255 255 255 255 255 255 255 255 255 255 255 255 255 255 255 255 255 255 255 255 255 255 255 255 255 255 255 255 255 255 255 255 255 255 255 255 255 255 255 255 255 255 255 255 255 255 255 255 255 255 255 255 255 255 255 255 255 255 255 255 255 255 255 255 255 255 
255 255 255 255 255 255 255 255 255 255 255 255 255 255 255 255 255 255 255 255 255 255 255 255 255 255 255 255 255 255 255 255 255 255 255 255 255 255 255 255 255 255 255 255 255 255 255 255 255 255 255 255 255 255 255 255 255 255 255 255 255 255 255 255 255 255 255 255 255 255 255 255 
255 255 255 255 255 255 255 255 255 255 255 255 255 255 255 255 255 255 255 255 255 255 255 255 255 255 255 255 255 255 255 255 255 255 255 255 255 255 255 255 255 255 255 255 255 255 255 255 255 255 255 255 255 255 255 255 255 255 255 255 255 255 255 255 255 255 255 255 255 255 255 255 
255 255 255 255 255 255 255 255 255 255 255 255 255 255 255 255 255 255 255 255 255 255 255 255 255 255 255 255 255 255 255 255 255 255 255 255 255 255 255 255 255 255 255 255 255 255 255 255 255 255 255 255 255 255 255 255 255 255 255 255 255 255 255 255 255 255 255 255 255 255 255 255 
255 255 255 255 255 255 255 255 255 255 255 255 255 255 255 255 255 255 255 255 255 255 255 255 255 255 255 255 255 255 255 255 255 255 255 255 255 255 255 255 255 255 255 255 255 255 255 255 255 255 255 255 255 255 255 255 255 255 255 255 255 255 255 255 255 255 255 255 255 255 255 255 
255 255 255 255 255 255 255 255 255 255 255 255 255 255 255 255 255 255 255 255 255 255 255 255 255 255 255 255 255 255 255 255 255 255 255 255 255 255 255 255 255 255 255 255 255 255 255 255 255 255 255 255 255 255 255 255 255 255 255 255 255 255 255 255 255 255 255 255 255 255 255 255 
255 255 255 255 255 255 255 255 255 255 255 255 255 255 255 255 255 255 255 255 255 255 255 255 255 255 255 255 255 255 255 255 255 255 255 255 255 255 255 255 255 255 255 255 255 255 255 255 255 255 255 255 255 255 255 255 255 255 255 255 255 255 255 255 255 255 255 255 255 255 255 255 
255 255 255 255 255 255 255 255 255 255 255 255 255 255 255 255 255 255 255 255 255 255 255 255 255 255 255 255 255 255 255 255 255 255 255 255 255 255 255 255 255 255 255 255 255 255 255 255 255 255 255 255 255 255 255 255 255 255 255 255 255 255 255 255 255 255 255 255 255 255 255 255 
255 255 255 255 255 255 255 255 255 255 255 255 255 255 255 255 255 255 255 255 255 255 255 255 255 255 255 255 255 255 255 255 255 255 255 255 255 255 255 255 255 255 255 255 255 255 255 255 255 255 255 255 255 255 255 255 255 255 255 255 255 255 255 255 255 255 255 255 255 255 255 255 
255 255 255 255 255 255 255 255 255 255 255 255 255 255 255 255 255 255 255 255 255 255 255 255 255 255 255 255 255 255 255 255 255 255 255 255 255 255 255 255 255 255 255 255 255 255 255 255 255 255 255 255 255 255 255 255 255 255 255 255 255 255 255 255 255 255 255 255 255 255 255 255 
255 255 255 255 255 255 255 255 255 255 255 255 255 255 255 255 255 255 255 255 255 255 255 255 255 255 255 255 255 255 255 255 255 255 255 255 255 255 255 255 255 255 255 255 255 255 255 255 255 255 255 255 255 255 255 255 255 255 255 255 255 255 255 255 255 255 255 255 255 255 255 255 
255 255 255 255 255 255 255 255 255 255 255 255 255 255 255 255 255 255 255 255 255 255 255 255 255 255 255 255 255 255 255 255 255 255 255 255 255 255 255 255 255 255 255 255 255 255 255 255 255 255 255 255 255 255 255 255 255 255 255 255 255 255 255 255 255 255 255 255 255 255 255 255 
255 255 255 255 255 255 255 255 255 255 255 255 255 255 255 255 255 255 255 255 255 255 255 255 255 255 255 255 255 255 255 255 255 255 255 255 255 255 255 255 255 255 255 255 255 255 255 255 255 255 255 255 255 255 255 255 255 255 255 255 255 255 255 255 255 255 255 255 255 255 255 255 
255 255 255 255 255 255 255 255 255 255 255 255 255 255 255 255 255 255 255 255 255 255 255 255 255 255 255 255 255 255 255 255 255 255 255 255 255 255 255 255 255 255 255 255 255 255 255 255 255 255 255 255 255 255 255 255 255 255 255 255 255 255 255 255 255 255 255 255 255 255 255 255 
255 255 255 255 255 255 255 255 255 255 255 255 255 255 255 255 255 255 255 255 255 255 255 255 255 255 255 255 255 255 255 255 255 255 255 255 255 255 255 255 255 255 255 255 255 255 255 255 255 255 255 255 255 255 255 255 255 255 255 255 255 255 255 255 255 255 255 255 255 255 255 255 
255 255 255 255 255 255 255 255 255 255 255 255 255 255 255 255 255 255 255 255 255 255 255 255 255 255 255 255 255 255 255 255 255 255 255 255 255 255 255 255 255 255 255 255 255 255 255 255 255 255 255 255 255 255 255 255 255 255 255 255 255 255 255 255 255 255 255 255 255 255 255 255 
255 255 255 255 255 255 255 255 255 255 255 255 255 255 255 255 255 255 255 255 255 255 255 255 255 255 255 255 255 255 255 255 255 255 255 255 255 255 255 255 255 255 255 255 255 255 255 255 255 255 255 255 255 255 255 255 255 255 255 255 255 255 255 255 255 255 255 255 255 255 255 255 
255 255 255 255 255 255 255 255 255 255 255 255 255 255 255 255 255 255 255 255 255 255 255 255 255 255 255 255 255 255 255 255 255 255 255 255 255 255 255 255 255 255 255 255 255 255 255 255 255 255 255 255 255 255 255 255 255 255 255 255 255 255 255 255 255 255 255 255 255 255 255 255 
255 255 255 255 255 255 255 255 255 255 255 255 255 255 255 255 255 255 255 255 255 255 255 255 255 255 255 255 255 255 255 255 255 255 255 255 255 255 255 255 255 255 255 255 255 255 255 255 255 255 255 255 255 255 255 255 255 255 255 255 255 255 255 255 255 255 255 255 255 255 255 255 
255 255 255 255 255 255 255 255 255 255 255 255 255 255 255 255 255 255 255 255 255 255 255 255 255 255 255 255 255 255 255 255 255 255 255 255 255 255 255 255 255 255 255 255 255 255 255 255 255 255 255 255 255 255 255 255 255 255 255 255 255 255 255 255 255 255 255 255 255 255 255 255 
255 255 255 255 255 255 255 255 255 255 255 255 255 255 255 255 255 255 255 255 182 106 130 134 137 232 255 255 255 255 255 255 255 255 255 255 255 255 255 255 255 255 255 255 255 255 255 255 255 255 255 255 255 255 255 255 255 255 255 255 255 255 255 255 255 255 255 255 255 255 255 255 
255 255 255 255 255 255 255 255 255 255 255 255 255 255 255 255 255 255 255 255 169 000 000 000 074 252 255 255 255 255 255 255 255 255 255 255 255 255 255 255 255 255 255 255 255 255 255 255 255 255 255 255 255 255 178 049 179 255 255 255 255 255 255 255 255 255 255 255 255 255 255 255 
255 255 255 255 255 255 255 255 255 255 255 255 255 255 255 255 255 255 255 255 189 000 000 000 163 255 255 255 255 255 255 255 255 255 255 255 255 255 255 255 255 255 255 255 255 255 255 255 255 255 255 255 204 054 000 000 018 226 255 255 255 255 255 255 255 255 255 255 255 255 255 255 
255 255 255 255 255 255 255 255 255 255 242 247 255 255 255 255 255 255 255 255 190 000 000 000 172 255 255 255 255 255 255 255 255 255 255 255 255 255 255 255 255 255 255 255 255 255 255 255 255 255 255 255 229 025 000 000 000 058 251 255 255 255 255 093 034 047 060 072 081 082 083 084 
255 255 255 255 255 255 255 255 255 255 161 011 079 152 209 253 255 255 255 255 192 000 000 000 172 255 255 255 255 255 255 207 090 158 225 255 255 255 255 255 255 255 255 255 255 255 255 255 255 255 255 255 255 191 000 000 000 000 134 255 255 255 255 076 000 000 000 000 000 000 000 000 
255 255 255 255 255 255 255 255 255 255 131 000 000 000 000 055 255 255 255 255 193 000 000 000 172 255 255 255 255 255 255 175 000 000 000 019 067 192 255 255 255 255 255 255 255 255 255 255 255 255 255 255 255 255 084 000 000 000 009 221 255 255 255 076 000 000 000 000 000 000 000 000 
255 255 255 255 255 255 255 255 255 255 077 000 000 000 026 232 255 255 255 255 195 000 000 000 172 255 255 255 255 255 255 142 000 000 000 000 092 248 255 255 255 255 255 255 255 255 255 255 255 255 255 255 255 255 224 008 000 000 000 071 255 255 255 094 043 065 076 079 083 084 084 084 
255 255 255 255 255 255 255 255 255 249 012 000 000 000 143 255 255 255 255 255 196 000 000 000 172 255 255 255 255 255 255 082 000 000 000 016 241 255 255 255 255 255 255 255 255 255 255 255 255 255 255 255 255 255 255 117 000 000 035 182 255 255 255 255 255 255 255 255 255 255 255 255 
255 255 255 255 255 255 255 255 255 190 000 000 000 019 244 255 255 255 255 255 199 000 000 000 172 255 255 255 255 255 255 022 000 000 000 124 255 255 255 255 255 255 255 255 255 255 255 255 255 255 255 255 255 255 255 224 010 126 247 255 255 255 255 255 255 255 255 255 255 255 255 255 
255 255 255 255 255 255 255 255 255 118 000 000 000 128 255 255 255 255 255 255 199 000 000 000 172 255 255 255 255 255 217 000 000 000 011 236 255 255 255 255 255 255 255 255 255 255 255 255 235 098 136 152 152 229 255 255 233 255 255 255 255 255 255 255 255 255 255 255 255 255 255 255 
255 255 255 255 255 255 255 255 255 043 000 000 012 237 255 255 255 255 255 255 199 000 000 000 172 255 255 255 255 255 153 000 000 000 115 255 255 255 255 255 255 255 255 255 255 255 255 255 240 000 000 000 002 202 255 255 255 255 255 255 255 255 255 255 255 255 255 255 255 255 255 255 
255 255 255 255 255 255 255 255 188 000 000 000 025 216 255 255 255 255 255 255 199 000 000 000 172 255 255 255 255 255 057 000 000 000 224 255 255 255 255 255 255 255 255 255 255 255 255 255 254 002 000 000 055 255 255 255 255 255 255 255 255 255 255 255 255 255 255 255 255 255 255 255 
255 255 255 255 255 255 255 255 072 000 000 000 000 018 192 255 255 255 255 255 199 000 000 000 172 255 255 255 255 208 000 000 000 000 058 233 255 255 255 255 255 255 255 255 255 255 255 255 255 005 000 000 061 255 255 255 255 255 170 188 206 209 210 211 211 212 213 212 211 210 209 208 
255 255 255 255 255 255 255 212 000 000 000 000 000 000 006 163 255 255 255 255 199 000 000 000 172 255 255 255 255 103 000 000 000 000 000 031 210 255 255 255 255 255 255 255 255 255 255 255 255 007 000 000 061 255 255 255 255 255 028 000 000 000 000 000 000 000 000 000 000 000 000 000 
255 255 255 255 255 255 255 097 000 000 003 176 024 000 000 001 154 255 255 255 199 000 000 000 172 255 255 255 240 012 000 000 058 009 000 000 012 191 255 255 255 255 255 255 255 255 255 255 255 009 000 000 061 255 255 255 255 255 042 000 000 000 000 000 000 000 000 000 000 000 000 000 
255 255 255 255 255 255 211 006 000 000 098 255 214 018 000 000 001 149 255 255 199 000 000 000 172 255 255 255 107 000 000 006 223 187 009 000 000 009 184 255 255 255 255 255 255 255 255 255 255 009 000 000 061 255 255 255 255 255 045 000 000 037 092 092 092 092 092 092 092 092 048 000 
255 255 255 255 255 251 051 000 000 007 226 255 255 187 003 000 000 000 147 255 199 000 000 000 172 255 255 197 002 000 000 106 255 255 168 000 000 000 006 176 255 255 255 255 255 255 255 255 255 009 000 000 061 255 255 255 255 255 046 000 000 103 255 255 255 255 255 255 255 255 132 000 
255 255 255 255 255 132 000 000 000 111 255 255 255 255 141 000 000 000 002 187 199 000 000 000 172 255 249 042 000 000 010 230 255 255 255 116 000 000 000 004 191 255 255 255 255 255 255 255 255 009 000 000 061 255 255 255 255 255 046 000 000 103 255 255 255 255 255 255 255 255 132 000 
255 255 255 255 211 006 000 000 013 233 255 255 255 255 255 090 000 000 065 232 199 000 000 000 172 255 108 000 000 000 130 255 255 255 255 252 068 000 000 000 048 254 255 255 255 255 255 255 255 009 000 000 061 255 255 255 255 255 046 000 000 103 255 255 255 255 255 255 255 255 132 000 
255 255 255 236 042 000 000 000 151 255 255 255 255 255 255 239 026 119 252 255 199 000 000 000 172 177 021 000 000 035 248 255 255 255 255 255 234 019 000 083 236 255 255 255 255 255 255 255 255 009 000 000 061 255 255 255 255 255 046 000 000 103 255 255 255 255 255 255 255 255 132 000 
255 255 252 069 000 000 000 063 254 255 255 255 255 255 255 255 236 255 255 255 199 000 000 000 172 255 252 180 060 180 255 255 255 255 255 255 255 166 158 255 255 255 255 255 255 255 255 255 255 009 000 000 061 255 255 255 255 255 046 000 000 103 255 255 255 255 255 255 255 255 132 000 
255 255 255 255 204 110 018 219 255 255 255 255 255 255 255 255 255 255 255 255 199 000 000 000 172 255 255 255 254 255 255 255 255 255 255 255 255 255 255 255 255 255 255 255 255 255 255 255 255 009 000 000 061 255 255 255 255 255 046 000 000 006 015 015 015 015 015 015 015 015 008 000 
255 255 255 255 255 255 244 255 255 255 255 255 255 255 255 255 255 255 255 255 199 000 000 000 172 255 255 255 255 255 255 255 255 255 255 255 255 255 255 255 255 255 255 255 255 255 255 255 255 009 000 000 061 255 255 255 255 255 046 000 000 000 000 000 000 000 000 000 000 000 000 000 
255 255 255 255 255 255 255 255 255 255 255 255 255 255 255 255 255 255 255 255 199 000 000 000 172 255 255 255 255 255 255 255 255 255 255 255 255 255 255 255 255 255 255 255 255 255 255 255 255 009 000 000 061 255 255 255 255 255 046 000 000 009 023 023 023 023 023 023 023 023 012 000 
255 255 255 255 255 255 255 119 120 135 150 165 180 186 189 193 196 199 203 206 164 000 000 000 142 207 203 200 197 193 190 187 183 170 155 140 125 110 219 255 255 255 255 255 255 255 255 255 255 009 000 000 061 255 255 255 255 255 046 000 000 103 255 255 255 255 255 255 255 255 132 000 
255 255 255 255 255 255 255 022 000 000 000 000 000 000 000 000 000 000 000 000 000 000 000 000 000 000 000 000 000 000 000 000 000 000 000 000 000 000 195 255 255 255 255 255 255 255 255 255 255 009 000 000 061 255 255 255 255 255 046 000 000 103 255 255 255 255 255 255 255 255 132 000 
255 255 255 255 255 255 255 022 000 000 000 000 000 000 000 000 000 000 000 000 000 000 000 000 000 000 000 000 000 000 000 000 000 000 000 000 000 000 195 255 255 255 255 255 255 255 255 255 255 009 000 000 061 255 255 255 255 255 046 000 000 103 255 255 255 255 255 255 255 255 132 000 
255 255 255 255 255 255 255 022 000 000 000 000 000 000 000 000 002 006 009 012 012 000 000 000 010 013 009 006 003 000 000 000 000 000 000 000 000 000 195 255 255 255 255 255 255 255 255 255 255 009 000 000 061 255 255 255 255 255 046 000 000 103 255 255 255 255 255 255 255 255 132 000 
255 255 255 255 255 255 255 175 182 198 213 228 242 248 251 255 255 255 255 255 199 000 000 000 172 255 255 255 255 255 252 249 244 232 217 202 187 172 234 255 255 255 255 255 255 255 255 255 255 009 000 000 061 255 255 255 255 255 046 000 000 103 255 255 255 255 255 255 255 255 132 000 
255 255 255 255 255 255 255 255 255 255 255 255 255 255 255 255 255 255 255 255 199 000 000 000 172 255 255 255 255 255 255 255 255 255 255 255 255 255 255 255 255 255 255 255 255 255 255 255 255 009 000 000 061 255 255 255 255 255 046 000 000 057 140 140 140 140 140 140 140 140 073 000 
255 255 255 255 255 255 255 255 255 255 255 255 255 255 255 255 255 255 255 255 199 000 000 000 172 255 255 255 255 255 255 255 255 255 255 255 255 255 255 255 255 255 255 255 255 255 255 255 255 009 000 000 061 255 255 255 255 255 043 000 000 000 000 000 000 000 000 000 000 000 000 000 
255 255 255 255 255 255 255 255 255 255 255 255 255 255 255 255 255 255 255 255 199 000 000 000 172 255 255 255 255 255 255 255 255 255 255 255 255 255 255 255 255 255 255 255 255 255 255 255 255 009 000 000 061 255 255 255 255 255 037 000 000 000 000 000 000 000 000 000 000 000 000 000 
255 255 255 255 255 255 255 255 255 255 255 255 255 255 255 255 255 255 255 255 199 000 000 000 172 255 255 255 255 255 255 255 255 255 255 255 255 255 255 255 255 255 255 255 255 255 255 255 255 009 000 000 061 255 255 255 255 255 085 095 113 116 117 118 119 120 120 120 118 117 116 115 
255 255 255 255 255 255 255 255 255 255 255 255 255 255 255 255 255 255 255 255 199 000 000 000 172 255 255 255 255 255 255 255 255 255 255 255 255 255 255 255 255 255 255 255 255 255 255 255 255 006 000 000 061 255 255 255 255 255 255 255 255 255 255 255 255 255 255 255 255 255 255 255 
255 255 255 216 057 070 083 096 109 122 135 140 144 147 150 153 157 160 163 167 133 000 000 000 115 168 165 162 159 157 154 151 148 146 142 129 115 101 087 073 059 186 255 255 255 255 255 255 255 002 000 000 061 255 255 255 255 255 255 255 255 255 255 255 255 255 255 255 255 255 255 255 
255 255 255 206 000 000 000 000 000 000 000 000 000 000 000 000 000 000 000 000 000 000 000 000 000 000 000 000 000 000 000 000 000 000 000 000 000 000 000 000 000 168 255 255 255 255 255 255 254 000 000 000 061 255 255 255 255 255 255 255 255 255 255 255 255 255 255 255 255 255 255 255 
255 255 255 206 000 000 000 000 000 000 000 000 000 000 000 000 000 000 000 000 000 000 000 000 000 000 000 000 000 000 000 000 000 000 000 000 000 000 000 000 000 168 255 255 255 255 255 255 250 000 000 000 061 255 255 255 255 255 255 255 255 255 255 255 255 255 255 255 255 255 255 255 
255 255 255 206 000 000 000 000 000 000 000 000 000 000 000 001 003 004 006 007 009 010 011 009 007 005 003 001 000 000 000 000 000 000 000 000 000 000 000 000 000 168 255 255 255 255 255 255 235 000 000 000 061 255 255 255 255 255 255 255 255 255 255 255 255 255 255 255 255 255 255 255 
255 255 255 237 165 178 191 204 217 230 243 251 253 254 255 255 255 255 255 255 255 255 255 255 255 255 255 255 255 253 251 249 247 245 237 225 213 201 189 177 166 222 255 255 255 255 255 255 212 000 000 000 061 255 255 255 255 255 255 255 255 255 255 255 255 255 255 255 255 255 255 255 
255 255 255 255 255 255 255 255 255 255 255 255 255 255 255 255 255 255 255 255 255 255 255 255 255 255 255 255 255 255 255 255 255 255 255 255 255 255 255 255 255 255 255 255 255 255 255 255 189 000 000 000 061 255 255 255 255 255 255 255 255 255 255 255 255 255 255 255 255 255 255 255 
255 255 255 255 255 255 255 255 255 255 255 255 255 255 255 255 255 255 255 255 255 255 255 255 255 255 255 255 255 255 255 255 255 255 255 255 255 255 255 255 255 255 255 255 255 255 255 255 207 107 107 107 143 255 255 255 255 255 255 255 255 255 255 255 255 255 255 255 255 255 255 255 
255 255 255 255 255 255 255 255 255 255 255 255 255 255 255 255 255 255 255 255 255 255 255 255 255 255 255 255 255 255 255 255 255 255 255 255 255 255 255 255 255 255 255 255 255 255 255 255 255 255 255 255 255 255 255 255 255 255 255 255 255 255 255 255 255 255 255 255 255 255 255 255 
255 255 255 255 255 255 255 255 255 255 255 255 255 255 255 255 255 255 255 255 255 255 255 255 255 255 255 255 255 255 255 255 255 255 255 255 255 255 255 255 255 255 255 255 255 255 255 255 255 255 255 255 255 255 255 255 255 255 255 255 255 255 255 255 255 255 255 255 255 255 255 255 
255 255 255 255 255 255 255 255 255 255 255 255 255 255 255 255 255 255 255 255 255 255 255 255 255 255 255 255 255 255 255 255 255 255 255 255 255 255 255 255 255 255 255 255 255 255 255 255 255 255 255 255 255 255 255 255 255 255 255 255 255 255 255 255 255 255 255 255 255 255 255 255 
255 255 255 255 255 255 255 255 255 255 255 255 255 255 255 255 255 255 255 255 255 255 255 255 255 255 255 255 255 255 255 255 255 255 255 255 255 255 255 255 255 255 255 255 255 255 255 255 255 255 255 255 255 255 255 255 255 255 255 255 255 255 255 255 255 255 255 255 255 255 255 255 
255 255 255 255 255 255 255 255 255 255 255 255 255 255 255 255 255 255 255 255 255 255 255 255 255 255 255 255 255 255 255 255 255 255 255 255 255 255 255 255 255 255 255 255 255 255 255 255 255 255 255 255 255 255 255 255 255 255 255 255 255 255 255 255 255 255 255 255 255 255 255 255 
255 255 255 255 255 255 255 255 255 255 255 255 255 255 255 255 255 255 255 255 255 255 255 255 255 255 255 255 255 255 255 255 255 255 255 255 255 255 255 255 255 255 255 255 255 255 255 255 255 255 255 255 255 255 255 255 255 255 255 255 255 255 255 255 255 255 255 255 255 255 255 255 
255 255 255 255 255 255 255 255 255 255 255 255 255 255 255 255 255 255 255 255 255 255 255 255 255 255 255 255 255 255 255 255 255 255 255 255 255 255 255 255 255 255 255 255 255 255 255 255 255 255 255 255 255 255 255 255 255 255 255 255 255 255 255 255 255 255 255 255 255 255 255 255 
255 255 255 255 255 255 255 255 255 255 255 255 255 255 255 255 255 255 255 255 255 255 255 255 255 255 255 255 255 255 255 255 255 255 255 255 255 255 255 255 255 255 255 255 255 255 255 255 255 255 255 255 255 255 255 255 255 255 255 255 255 255 255 255 255 255 255 255 255 255 255 255 
255 255 255 255 255 255 255 255 255 255 255 255 255 255 255 255 255 255 255 255 255 255 255 255 255 255 255 255 255 255 255 255 255 255 255 255 255 255 255 255 255 255 255 255 255 255 255 255 255 255 255 255 255 255 255 255 255 255 255 255 255 255 255 255 255 255 255 255 255 255 255 255 
255 255 255 255 255 255 255 255 255 255 255 255 255 255 255 255 255 255 255 255 255 255 255 255 255 255 255 255 255 255 255 255 255 255 255 255 255 255 255 255 255 255 255 255 255 255 255 255 255 255 255 255 255 255 255 255 255 255 255 255 255 255 255 255 255 255 255 255 255 255 255 255 
255 255 255 255 255 255 255 255 255 255 255 255 255 255 255 255 255 255 255 255 255 255 255 255 255 255 255 255 255 255 255 255 255 255 255 255 255 255 255 255 255 255 255 255 255 255 255 255 255 255 255 255 255 255 255 255 255 255 255 255 255 255 255 255 255 255 255 255 255 255 255 255 
255 255 255 255 255 255 255 255 255 255 255 255 255 255 255 255 255 255 255 255 255 255 255 255 255 255 255 255 255 255 255 255 255 255 255 255 255 255 255 255 255 255 255 255 255 255 255 255 255 255 255 255 255 255 255 255 255 255 255 255 255 255 255 255 255 255 255 255 255 255 255 255 
255 255 255 255 255 255 255 255 255 255 255 255 255 255 255 255 255 255 255 255 255 255 255 255 255 255 255 255 255 255 255 255 255 255 255 255 255 255 255 255 255 255 255 255 255 255 255 255 255 255 255 255 255 255 255 255 255 255 255 255 255 255 255 255 255 255 255 255 255 255 255 255 
255 255 255 255 255 255 255 255 255 255 255 255 255 255 255 255 255 255 255 255 255 255 255 255 255 255 255 255 255 255 255 255 255 255 255 255 255 255 255 255 255 255 255 255 255 255 255 255 255 255 255 255 255 255 255 255 255 255 255 255 255 255 255 255 255 255 255 255 255 255 255 255 
255 255 255 255 255 255 255 255 255 255 255 255 255 255 255 255 255 255 255 255 255 255 255 255 255 255 255 255 255 255 255 255 255 255 255 255 255 255 255 255 255 255 255 255 255 255 255 255 255 255 255 255 255 255 255 255 255 255 255 255 255 255 255 255 255 255 255 255 255 255 255 255 
255 255 255 255 255 255 255 255 255 255 255 255 255 255 255 255 255 255 255 255 255 255 255 255 255 255 255 255 255 255 255 255 255 255 255 255 255 255 255 255 255 255 255 255 255 255 255 255 255 255 255 255 255 255 255 255 255 255 255 255 255 255 255 255 255 255 255 255 255 255 255 255 
255 255 255 255 255 255 255 255 255 255 255 255 255 255 255 255 255 255 255 255 255 255 255 255 255 255 255 255 255 255 255 255 255 255 255 255 255 255 255 255 255 255 255 255 255 255 255 255 255 255 255 255 255 255 255 255 255 255 255 255 255 255 255 255 255 255 255 255 255 255 255 255 
255 255 255 255 255 255 255 255 255 255 255 255 255 255 255 255 255 255 255 255 255 255 255 255 255 255 255 255 255 255 255 255 255 255 255 255 255 255 255 255 255 255 255 255 255 255 255 255 255 255 255 255 255 255 255 255 255 255 255 255 255 255 255 255 255 255 255 255 255 255 255 255 
255 255 255 255 255 255 255 255 255 255 255 255 255 255 255 255 255 255 255 255 255 255 255 255 255 255 255 255 255 255 255 255 255 255 255 255 255 255 255 255 255 255 255 255 255 255 255 255 255 255 255 255 255 255 255 255 255 255 255 255 255 255 255 255 255 255 255 255 255 255 255 255 
255 255 255 255 255 255 255 255 255 255 255 255 255 255 255 255 255 255 255 255 255 255 255 255 255 255 255 255 255 255 255 255 255 255 255 255 255 255 255 255 255 255 255 255 255 255 255 255 255 255 255 255 255 255 255 255 255 255 255 255 255 255 255 255 255 255 255 255 255 255 255 255 
255 255 255 255 255 255 255 255 255 255 255 255 255 255 255 255 255 255 255 255 255 255 255 255 255 255 255 255 255 255 255 255 255 255 255 255 255 255 255 255 255 255 255 255 255 255 255 255 255 255 255 255 255 255 255 255 255 255 255 255 255 255 255 255 255 255 255 255 255 255 255 255 
255 255 255 255 255 255 255 255 255 255 255 255 255 255 255 255 255 255 255 255 255 255 255 255 255 255 255 255 255 255 255 255 255 255 255 255 255 255 255 255 255 255 255 255 255 255 255 255 255 255 255 255 255 255 255 255 255 255 255 255 255 255 255 255 255 255 255 255 255 255 255 255 
255 255 255 255 255 255 255 255 255 255 255 255 255 255 255 255 255 255 255 255 255 255 255 255 255 255 255 255 255 255 255 255 255 255 255 255 255 255 255 255 255 255 255 255 255 255 255 255 255 255 255 255 255 255 255 255 255 255 255 255 255 255 255 255 255 255 255 255 255 255 255 255 
255 255 255 255 255 255 255 255 255 255 255 255 255 255 255 255 255 255 255 255 255 255 255 255 255 255 255 255 255 255 255 255 255 255 255 255 255 255 255 255 255 255 255 255 255 255 255 255 255 255 255 255 255 255 255 255 255 255 255 255 255 255 255 255 255 255 255 255 255 255 255 255 
255 255 255 255 255 255 255 255 255 255 255 255 255 255 255 255 255 255 255 255 255 255 255 255 255 255 255 255 255 255 255 255 255 255 255 255 255 255 255 255 255 255 255 255 255 255 255 255 255 255 255 255 255 255 255 255 255 255 255 255 255 255 255 255 255 255 255 255 255 255 255 255 
255 255 255 255 255 255 255 255 255 255 255 255 255 255 255 255 255 255 255 255 255 255 255 255 255 255 255 255 255 255 255 255 255 255 255 255 255 255 255 255 255 255 255 255 255 255 255 255 255 255 255 255 255 255 255 255 255 255 255 255 255 255 255 255 255 255 255 255 255 255 255 255 
255 255 255 255 255 255 255 255 255 255 255 255 255 255 255 255 255 255 255 255 255 255 255 255 255 255 255 255 255 255 255 255 255 255 255 255 255 255 255 255 255 255 255 255 255 255 255 255 255 255 255 255 255 255 255 255 255 255 255 255 255 255 255 255 255 255 255 255 255 255 255 255 
255 255 255 255 255 255 255 255 255 255 255 255 255 255 255 255 255 255 255 255 255 255 255 255 255 255 255 255 255 255 255 255 255 255 255 255 255 255 255 255 255 255 255 255 255 255 255 255 255 255 255 255 255 255 255 255 255 255 255 255 255 255 255 255 255 255 255 255 255 255 255 255 
255 255 255 255 255 255 255 255 255 255 255 255 255 178 196 255 255 255 255 255 255 255 255 255 255 255 255 255 255 255 255 255 255 255 255 255 255 255 255 255 255 255 255 255 255 255 255 255 255 255 255 255 255 255 255 255 255 255 255 255 255 255 255 255 255 255 255 255 255 255 255 255 
255 255 255 255 255 255 255 255 255 255 255 255 251 036 004 139 252 255 255 255 255 255 255 255 255 255 255 255 255 255 255 255 255 255 255 255 255 255 255 255 255 255 255 255 255 255 255 255 255 255 255 255 255 255 255 255 255 255 255 255 255 255 255 255 255 125 018 042 063 063 061 128 
255 255 255 255 255 255 255 255 255 255 255 255 145 000 000 000 042 178 255 255 255 255 255 255 255 255 255 255 255 255 255 255 255 255 255 255 255 255 255 255 255 255 255 255 255 255 255 255 255 255 255 255 255 255 255 255 255 255 255 255 255 255 255 255 255 145 000 000 000 000 004 222 
255 255 255 255 255 255 255 255 255 255 255 209 008 000 000 000 001 074 241 255 255 255 222 066 088 110 129 133 135 137 139 142 140 138 136 134 132 127 106 084 065 255 255 255 255 255 255 255 255 255 255 255 255 255 255 255 255 255 255 255 255 255 255 255 255 166 000 000 000 000 074 255 
255 255 255 255 255 255 255 255 255 255 244 040 000 000 000 007 169 255 255 255 255 255 213 000 000 000 000 000 000 000 000 000 000 000 000 000 000 000 000 000 001 255 255 255 255 255 255 255 255 255 255 255 255 255 255 255 255 255 255 255 255 255 255 255 255 187 000 000 000 000 144 255 
255 255 255 255 255 255 255 255 255 255 095 000 000 000 008 192 255 255 255 255 255 255 213 000 000 000 000 000 000 000 000 000 000 000 000 000 000 000 000 000 001 255 255 255 255 255 255 255 255 255 255 255 255 255 255 255 255 255 255 255 255 255 255 255 255 186 000 000 000 000 170 255 
255 255 255 255 255 255 255 255 255 153 000 000 000 001 168 255 255 255 255 255 255 255 213 000 000 003 022 027 030 033 036 040 039 036 033 030 027 019 001 000 001 255 255 255 255 255 255 255 255 255 255 255 255 255 255 255 255 255 255 255 255 255 255 255 255 173 000 000 000 000 191 255 
255 255 255 255 255 255 255 255 171 003 000 000 000 133 255 255 255 255 255 255 255 255 246 211 234 254 255 255 255 255 255 255 255 255 255 255 255 255 252 230 207 255 255 255 255 255 255 255 255 255 255 255 255 255 255 255 255 255 255 255 255 255 255 255 255 159 000 000 000 000 212 255 
255 255 255 255 255 255 255 177 005 000 000 000 113 255 255 255 255 255 255 255 255 255 255 255 255 255 255 255 255 255 255 255 255 255 255 255 255 255 255 255 255 255 255 255 255 255 255 255 255 255 255 255 255 255 255 255 255 255 255 255 255 255 255 255 255 146 000 000 000 000 238 255 
255 255 255 255 255 255 173 006 000 000 000 096 254 255 255 255 255 255 255 255 255 255 255 255 255 255 255 255 255 255 255 255 255 255 255 255 255 255 255 255 255 255 255 255 255 255 255 255 255 255 255 255 255 255 255 255 255 255 255 255 255 255 255 255 255 133 000 000 000 020 255 255 
255 255 255 255 255 136 000 000 000 000 095 252 255 255 201 219 255 255 255 255 255 255 255 255 255 255 255 255 255 255 255 255 255 255 255 255 255 255 255 255 255 255 255 255 255 255 255 255 255 255 255 255 255 255 255 255 255 255 255 255 255 255 255 255 255 119 000 000 000 059 255 255 
255 255 255 255 255 239 068 000 000 109 254 255 255 255 052 012 160 255 255 255 255 255 255 255 255 255 255 255 255 255 255 255 255 255 255 255 255 255 255 255 255 255 255 255 255 255 255 255 255 255 255 255 255 255 255 255 255 255 255 255 255 255 255 255 255 105 000 000 000 057 255 255 
255 255 255 255 255 255 250 074 124 255 255 255 255 173 000 000 000 060 206 255 255 255 255 255 255 255 255 255 255 255 255 255 255 255 255 255 255 255 255 255 255 255 255 255 255 255 255 255 255 255 255 255 255 255 255 255 255 255 255 255 255 255 255 255 255 065 000 000 000 012 253 255 
255 255 255 255 255 255 255 248 255 255 255 255 245 036 000 000 000 001 092 255 255 255 255 255 255 255 255 255 255 255 255 255 255 255 255 255 255 255 255 255 255 255 255 255 255 255 255 255 255 255 255 255 255 255 255 255 255 255 255 255 255 255 255 255 255 017 000 000 000 000 217 255 
255 255 255 255 255 255 255 255 255 255 255 255 111 000 000 000 000 151 255 255 161 135 152 168 185 195 196 197 199 201 202 204 205 203 201 200 198 197 195 190 173 155 137 150 255 255 255 255 255 255 255 255 255 255 255 255 255 255 255 255 255 255 255 255 224 000 000 000 000 000 154 255 
255 255 255 255 255 255 255 255 255 255 255 195 002 000 000 000 145 255 255 255 076 000 000 000 000 000 000 000 000 000 000 000 000 000 000 000 000 000 000 000 000 000 000 053 255 255 255 255 255 255 255 255 255 255 255 255 255 255 255 255 255 255 255 255 172 000 000 000 000 000 072 255 
255 255 255 255 255 255 255 255 255 255 243 036 000 000 000 119 255 255 255 255 076 000 000 000 000 000 000 000 000 000 000 000 000 000 000 000 000 000 000 000 000 000 000 053 255 255 255 255 255 255 255 255 255 255 255 255 255 255 255 255 255 255 255 255 111 000 000 000 002 000 006 240 
255 255 255 255 255 255 255 255 255 255 093 000 000 000 062 252 255 255 255 255 076 000 000 000 000 000 000 000 000 000 000 000 000 000 000 000 000 000 000 000 000 000 000 053 255 255 255 255 255 255 255 255 255 255 255 255 255 255 255 255 255 255 255 254 030 000 000 014 080 000 000 164 
255 255 255 255 255 255 255 255 255 153 000 000 000 000 186 255 255 255 255 255 174 154 172 190 208 218 220 223 225 227 230 232 056 000 000 000 210 215 210 205 197 178 158 165 255 255 255 255 255 255 255 255 255 255 255 255 255 255 255 255 255 255 255 193 000 000 000 092 141 000 000 082 
255 255 255 255 255 255 255 255 165 002 000 000 000 000 188 255 255 255 255 255 255 255 255 255 255 255 255 255 255 255 255 255 061 000 000 000 243 255 255 255 255 255 255 255 255 255 255 255 255 255 255 255 255 255 255 255 255 255 255 255 255 255 255 102 000 000 000 177 200 000 000 010 
255 255 255 255 255 255 255 171 003 000 000 000 000 000 188 255 255 255 255 255 255 255 255 255 255 255 255 255 255 255 255 255 061 000 000 000 243 255 255 255 255 255 255 255 255 255 255 255 255 255 255 255 255 255 255 255 255 255 255 255 255 255 229 008 000 000 015 248 253 024 000 000 
255 255 255 255 255 255 178 005 000 000 000 000 000 000 188 255 255 255 255 255 255 255 255 255 255 255 255 255 255 255 255 255 061 000 000 000 243 255 255 255 255 255 255 255 255 255 255 255 255 255 255 255 255 255 255 255 255 255 255 255 255 255 105 000 000 000 123 255 255 101 000 000 
255 255 255 255 255 161 007 000 000 000 008 000 000 000 188 255 255 255 255 255 255 255 255 255 255 255 255 255 255 255 255 255 061 000 000 000 243 255 255 255 255 255 255 255 255 255 255 255 255 255 255 255 255 255 255 255 255 255 255 255 255 223 005 000 000 011 236 255 255 181 000 000 
255 255 255 255 145 000 000 000 000 037 141 000 000 000 188 255 255 255 255 255 255 255 255 255 255 255 255 255 255 255 255 255 061 000 000 000 243 255 255 255 255 255 255 255 255 255 255 255 255 255 255 255 255 255 255 255 255 255 255 255 255 096 000 000 000 116 255 255 255 248 016 000 
255 255 255 255 238 045 000 000 024 222 161 000 000 000 188 255 255 255 255 255 255 255 255 255 255 255 255 255 255 255 255 255 061 000 000 000 243 255 255 255 255 255 255 255 255 255 255 255 255 255 255 255 255 255 255 255 255 255 255 255 189 003 000 000 009 232 255 255 255 255 125 000 
255 255 255 255 255 218 014 017 210 255 161 000 000 000 188 255 255 255 255 255 255 255 255 255 255 255 255 255 255 255 255 255 061 000 000 000 243 255 255 255 255 255 255 255 255 255 255 255 255 255 255 255 255 255 255 255 255 255 255 223 020 000 000 000 109 255 255 255 255 255 238 015 
255 255 255 255 255 255 155 199 255 255 161 000 000 000 188 255 255 255 255 255 255 255 255 255 255 255 255 255 255 255 255 255 061 000 000 000 243 255 255 255 255 255 255 255 255 255 255 255 255 255 255 255 255 255 255 255 255 255 245 047 000 000 000 006 227 255 255 255 255 255 255 125 
255 255 255 255 255 255 255 255 255 255 161 000 000 000 188 255 255 255 255 255 255 255 255 255 255 255 255 255 255 255 255 255 061 000 000 000 243 255 255 255 255 255 255 255 255 255 255 255 255 255 255 255 255 255 255 255 255 255 087 000 000 000 000 130 255 255 255 255 255 255 255 244 
255 255 255 255 255 255 255 255 255 255 161 000 000 000 188 255 255 255 255 255 255 255 255 255 255 255 255 255 255 255 255 255 061 000 000 000 243 255 255 255 255 255 255 255 255 255 255 255 255 255 255 255 255 255 255 255 255 136 000 000 000 000 073 254 255 255 255 255 255 255 255 255 
255 255 255 255 255 255 255 255 255 255 161 000 000 000 188 255 255 255 255 255 255 255 255 255 255 255 255 255 255 255 255 255 061 000 000 000 243 255 255 255 255 255 255 255 255 255 255 255 255 255 255 255 255 255 255 255 165 002 000 000 000 031 237 255 255 255 255 255 255 255 255 255 
255 255 255 255 255 255 255 255 255 255 161 000 000 000 188 255 255 255 255 255 255 255 255 255 255 255 255 255 255 255 255 255 061 000 000 000 243 255 255 255 255 255 255 255 255 255 255 255 255 255 255 255 255 255 253 121 000 000 000 000 006 202 255 255 255 255 255 255 255 255 255 255 
255 255 255 255 255 255 255 255 255 255 161 000 000 000 188 255 255 255 255 255 255 255 255 255 255 255 255 255 255 255 255 255 061 000 000 000 243 255 255 255 255 255 255 255 255 255 255 255 255 255 255 255 255 242 076 000 000 000 000 000 149 255 255 255 255 255 255 255 255 255 255 255 
255 255 255 255 255 255 255 255 255 255 161 000 000 000 188 255 255 255 255 255 255 255 255 255 255 255 255 255 255 255 255 255 061 000 000 000 243 255 255 255 255 255 255 255 255 255 255 255 255 255 255 255 219 042 000 000 000 000 000 118 255 255 255 255 255 255 255 255 255 255 255 255 
255 255 255 255 255 255 255 255 255 255 156 000 000 000 188 255 255 255 255 255 255 255 255 255 255 255 255 255 255 255 255 255 058 000 000 000 243 255 255 255 255 255 255 255 255 255 255 255 255 255 255 184 017 000 000 000 000 004 153 255 255 255 255 255 255 255 255 255 255 255 255 255 
255 255 255 255 255 255 255 255 255 255 152 000 000 000 188 255 255 255 255 255 255 255 255 255 255 255 255 255 255 255 255 186 004 000 000 000 244 255 255 255 255 255 255 255 255 255 255 255 255 219 081 000 000 000 000 000 015 186 255 255 255 255 255 255 255 255 255 255 255 255 255 255 
255 255 255 255 255 255 255 255 255 255 147 000 000 000 188 255 255 255 255 255 255 255 255 255 255 196 048 072 071 069 034 000 000 000 000 000 249 255 255 255 255 255 255 255 255 255 255 255 197 007 000 000 000 000 000 032 212 255 255 255 255 255 255 255 255 255 255 255 255 255 255 255 
255 255 255 255 255 255 255 255 255 255 135 000 000 000 188 255 255 255 255 255 255 255 255 255 255 255 088 000 000 000 000 000 000 000 000 044 255 255 255 255 255 255 255 255 255 255 255 255 255 188 016 000 000 000 065 233 255 255 255 255 255 255 255 255 255 255 255 255 255 255 255 255 
255 255 255 255 255 255 255 255 255 255 111 000 000 000 188 255 255 255 255 255 255 255 255 255 255 255 208 000 000 000 000 000 000 000 000 148 255 255 255 255 255 255 255 255 255 255 255 255 255 255 213 023 016 156 254 255 255 255 255 255 255 255 255 255 255 255 255 255 255 255 255 255 
255 255 255 255 255 255 255 255 255 255 087 000 000 000 188 255 255 255 255 255 255 255 255 255 255 255 255 062 000 000 000 000 000 034 177 255 255 255 255 255 255 255 255 255 255 255 255 255 255 255 255 209 231 255 255 255 255 255 255 255 255 255 255 255 255 255 255 255 255 255 255 255 
255 255 255 255 255 255 255 255 255 255 139 097 097 097 214 255 255 255 255 255 255 255 255 255 255 255 255 160 101 115 143 188 233 255 255 255 255 255 255 255 255 255 255 255 255 255 255 255 255 255 255 255 255 255 255 255 255 255 255 255 255 255 255 255 255 255 255 255 255 255 255 255 
255 255 255 255 255 255 255 255 255 255 255 255 255 255 255 255 255 255 255 255 255 255 255 255 255 255 255 255 255 255 255 255 255 255 255 255 255 255 255 255 255 255 255 255 255 255 255 255 255 255 255 255 255 255 255 255 255 255 255 255 255 255 255 255 255 255 255 255 255 255 255 255 
255 255 255 255 255 255 255 255 255 255 255 255 255 255 255 255 255 255 255 255 255 255 255 255 255 255 255 255 255 255 255 255 255 255 255 255 255 255 255 255 255 255 255 255 255 255 255 255 255 255 255 255 255 255 255 255 255 255 255 255 255 255 255 255 255 255 255 255 255 255 255 255 
255 255 255 255 255 255 255 255 255 255 255 255 255 255 255 255 255 255 255 255 255 255 255 255 255 255 255 255 255 255 255 255 255 255 255 255 255 255 255 255 255 255 255 255 255 255 255 255 255 255 255 255 255 255 255 255 255 255 255 255 255 255 255 255 255 255 255 255 255 255 255 255 
