255 204 000 000 000 203 255 255 255 255 230 003 000 000 020 250 255 255 255 093 000 017 070 209 255 248 017 000 000 092 255 255 255 255 255 255 255 255 255 255 255 255 255 255 255 205 000 000 000 155 255 255 255 255 048 000 000 000 000 000 000 000 000 000 000 000 000 000 000 224 255 255 
255 172 000 000 000 242 255 255 255 255 255 075 000 000 000 174 255 255 255 208 218 255 255 255 255 172 000 000 000 199 255 255 255 255 255 255 255 255 255 255 255 255 255 255 255 205 000 000 000 155 255 255 255 255 023 000 000 000 000 000 000 000 000 000 000 000 000 000 000 209 255 255 
255 139 000 000 024 255 255 255 255 255 255 172 000 000 000 078 255 255 255 255 255 255 255 255 255 079 000 000 055 255 255 255 255 255 255 255 255 255 255 255 255 255 255 255 255 205 000 000 000 155 255 255 255 255 137 154 174 187 191 195 199 202 199 196 192 189 181 161 140 226 255 255 
255 104 000 000 062 255 255 255 255 255 255 242 003 000 000 004 233 255 255 255 255 255 255 255 224 004 000 000 174 255 255 255 255 255 255 255 255 255 255 255 255 255 255 255 255 205 000 000 000 155 255 255 255 255 255 255 255 255 255 255 255 255 255 255 255 255 255 255 255 255 255 255 
255 040 000 000 100 255 255 255 255 255 255 255 053 001 067 167 249 255 255 255 255 255 255 255 108 000 000 040 254 255 255 255 255 255 255 255 255 255 255 255 255 255 255 255 255 205 000 000 000 155 255 255 255 255 255 255 255 255 255 255 255 255 255 255 255 255 255 255 255 255 255 255 
226 000 000 000 138 255 255 255 255 255 255 255 189 222 255 255 255 255 255 255 255 255 255 234 009 000 000 158 255 255 255 255 255 255 255 255 255 255 255 255 255 255 255 255 255 205 000 000 000 155 255 255 255 255 255 255 255 255 255 255 255 255 255 255 255 255 255 255 255 255 255 255 
152 000 000 000 181 255 255 255 255 255 255 255 255 255 255 255 255 255 255 255 255 255 255 125 000 000 028 250 255 255 255 255 255 255 255 255 255 255 255 255 255 255 255 255 255 204 000 000 000 155 255 255 255 255 255 255 255 255 255 255 255 255 255 255 255 255 255 255 255 255 255 255 
041 000 000 016 248 255 255 255 255 255 255 255 255 255 255 255 255 255 255 255 255 255 243 018 000 000 142 255 255 255 255 255 255 255 255 255 255 255 255 255 255 255 255 255 255 199 000 000 000 126 206 206 206 206 206 206 206 206 206 206 206 206 206 206 206 206 206 206 206 206 206 206 
000 000 000 100 255 255 255 255 255 255 255 255 255 255 255 255 255 255 255 255 255 255 116 000 000 018 244 255 255 255 255 255 255 255 255 255 255 255 255 255 255 255 255 255 255 195 000 000 000 000 000 000 000 000 000 000 000 000 000 000 000 000 000 000 000 000 000 000 000 000 000 000 
000 000 000 191 255 154 057 074 090 107 123 136 138 139 141 143 144 146 147 149 151 139 003 000 000 060 148 143 139 134 130 124 106 087 068 067 255 255 255 255 255 255 255 255 255 191 000 000 000 000 000 000 000 000 000 000 000 000 000 000 000 000 000 000 000 000 000 000 000 000 000 000 
000 000 029 254 255 134 000 000 000 000 000 000 000 000 000 000 000 000 000 000 000 000 000 000 000 000 000 000 000 000 000 000 000 000 000 020 255 255 255 255 255 255 255 255 255 181 000 000 000 000 000 000 000 000 000 000 000 000 000 000 000 000 000 000 000 000 000 000 000 000 000 000 
000 000 118 255 255 137 000 000 000 000 000 000 000 000 000 000 000 000 000 000 000 000 000 000 000 000 000 000 000 000 000 000 000 000 000 020 255 255 255 255 255 255 255 255 255 154 000 000 000 148 243 243 243 243 243 243 243 243 243 243 243 243 243 243 243 243 243 243 243 243 243 243 
000 003 218 255 255 140 000 000 001 016 032 046 049 050 052 054 055 057 059 060 062 061 060 058 056 054 053 051 049 047 038 022 006 000 000 020 255 255 255 255 255 255 255 255 255 127 000 000 000 155 255 255 255 255 255 255 255 255 255 255 255 255 255 255 255 255 255 255 255 255 255 255 
000 097 255 255 255 236 222 239 253 255 255 255 255 255 255 255 255 255 255 255 255 255 255 255 255 255 255 255 255 255 255 255 255 246 229 217 255 255 255 255 255 255 255 255 255 140 061 061 061 180 255 255 255 255 255 255 255 255 255 255 255 255 255 255 255 255 255 255 255 255 255 255 
027 223 255 255 255 255 255 255 255 255 255 255 255 255 255 255 255 255 255 255 255 255 255 255 255 255 255 255 255 255 255 255 255 255 255 255 255 255 255 255 255 255 255 255 255 255 255 255 255 255 255 255 255 255 255 255 255 255 255 255 255 255 255 255 255 255 255 255 255 255 255 255 
239 255 255 255 255 255 255 255 255 255 255 255 255 255 255 255 255 255 255 255 255 255 255 255 255 255 255 255 255 255 255 255 255 255 255 255 255 255 255 255 255 255 255 255 255 255 255 255 255 255 255 255 255 255 255 255 255 255 255 255 255 255 255 255 255 255 255 255 255 255 255 255 
255 255 255 255 255 255 255 255 255 255 255 255 255 255 255 255 255 255 255 255 255 255 255 255 255 255 255 255 255 255 255 255 255 255 255 255 255 255 255 255 255 255 255 255 255 255 255 255 255 255 255 255 255 255 255 255 255 255 255 255 255 255 255 255 255 255 255 255 255 255 255 255 
255 255 255 255 255 255 255 255 255 255 255 255 255 255 255 255 255 255 255 255 255 255 255 255 255 255 255 255 255 255 255 255 255 255 255 255 255 255 255 255 255 255 255 255 255 255 255 255 255 255 255 255 255 255 255 255 255 255 255 255 255 255 255 255 255 255 255 255 255 255 255 255 
255 255 255 255 255 255 255 255 255 255 255 255 255 255 255 255 255 255 255 255 255 255 255 255 255 255 255 255 255 255 255 255 255 255 255 255 255 255 255 255 255 255 255 255 255 255 255 255 255 255 255 255 255 255 255 255 255 255 255 255 255 255 255 255 255 255 255 255 255 255 255 255 
255 255 255 255 255 255 255 255 255 255 255 255 255 255 255 255 255 255 255 255 255 255 255 255 255 255 255 255 255 255 255 255 255 255 255 255 255 255 255 255 255 255 255 255 255 255 255 255 255 255 255 255 255 255 255 255 255 255 255 255 255 255 255 255 255 255 255 255 255 255 255 255 
255 255 255 255 255 255 255 255 255 255 255 255 255 255 255 255 255 255 255 255 255 255 255 255 255 255 255 255 255 255 255 255 255 255 255 255 255 255 255 255 255 255 255 255 255 255 255 255 255 255 255 255 255 255 255 255 255 255 255 255 255 255 255 255 255 255 255 255 255 255 255 255 
255 255 255 255 255 255 255 255 255 255 255 255 255 255 255 255 255 255 255 255 255 255 255 255 255 255 255 255 255 255 255 255 255 255 255 255 255 255 255 255 255 255 255 255 255 255 255 255 255 255 255 255 255 255 255 255 255 255 255 255 255 255 255 255 255 255 255 255 255 255 255 255 
255 255 255 255 255 255 255 255 255 255 255 255 255 255 255 255 255 255 255 255 255 255 255 255 255 255 255 255 255 255 255 255 255 255 255 255 255 255 255 255 255 255 255 255 255 255 255 255 255 255 255 255 255 255 255 255 255 255 255 255 255 255 255 255 255 255 255 255 255 255 255 255 
255 255 255 255 255 255 255 255 255 255 255 255 255 255 255 255 255 255 255 255 255 255 255 255 255 255 255 255 255 255 255 255 255 255 255 255 255 255 255 255 255 255 255 255 255 255 255 255 255 255 255 255 255 255 255 255 255 255 255 255 255 255 255 255 255 255 255 255 255 255 255 255 
255 255 255 255 255 255 255 255 255 255 255 255 255 255 255 255 255 255 255 255 255 255 255 255 255 255 255 255 255 255 255 255 255 255 255 255 255 255 255 255 255 255 255 255 255 255 255 255 255 255 255 255 255 255 255 255 255 255 255 255 255 255 255 255 255 255 255 255 255 255 255 255 
255 255 255 255 255 255 255 255 255 255 255 255 255 255 255 255 255 255 255 255 255 255 255 255 255 255 255 255 255 255 255 255 255 255 255 255 255 255 255 255 255 255 255 255 255 255 255 255 255 255 255 255 255 255 255 255 255 255 255 255 255 255 255 255 255 255 255 255 255 255 255 255 
255 255 255 255 255 255 255 255 255 255 255 255 255 255 255 255 255 255 255 255 255 255 255 255 255 255 255 255 255 255 255 255 255 255 255 255 255 255 255 255 255 255 255 255 255 255 255 255 255 255 255 255 255 255 255 255 255 255 255 255 255 255 255 255 255 255 255 255 255 255 255 255 
255 255 255 255 255 255 255 255 255 255 255 255 255 255 255 255 255 255 255 255 255 255 255 255 255 255 255 255 255 255 255 255 255 255 255 255 255 255 255 255 255 255 255 255 255 255 255 255 255 255 255 255 255 255 255 255 255 255 255 255 255 255 255 255 255 255 255 255 255 255 255 255 
255 255 255 255 255 255 255 255 255 255 255 255 255 255 255 255 255 255 255 255 255 255 255 255 255 255 255 255 255 255 255 255 255 255 255 255 255 255 255 255 255 255 255 255 255 255 255 255 255 255 255 255 255 255 255 255 255 255 255 255 255 255 255 255 255 255 255 255 255 255 255 255 
255 255 255 255 255 255 255 255 255 255 255 255 255 255 255 255 255 255 255 255 255 255 255 255 255 255 255 255 255 255 255 255 255 255 255 255 255 255 255 255 255 255 255 255 255 255 255 255 255 255 255 255 255 255 255 255 255 255 255 255 255 255 255 255 255 255 255 255 255 255 255 255 
255 255 255 255 255 255 255 255 255 255 255 255 255 255 255 255 255 255 255 255 255 255 255 255 255 255 255 255 255 255 255 255 255 255 255 255 255 255 255 255 255 255 255 255 255 255 255 255 255 255 255 255 255 255 255 255 255 255 255 255 255 255 255 255 255 255 255 255 255 255 255 255 
255 255 255 255 255 255 255 255 255 255 255 255 255 255 255 255 255 255 255 255 255 255 255 255 255 255 255 255 255 255 255 255 255 255 255 255 255 255 255 255 255 255 255 255 255 255 255 255 255 255 255 255 255 255 255 255 255 255 255 255 255 255 255 255 255 255 255 255 255 255 255 255 
255 255 255 255 255 255 255 255 255 255 255 255 255 255 255 255 255 255 255 255 255 255 255 255 255 255 255 255 255 255 255 255 255 255 255 255 255 255 255 255 255 255 255 255 255 255 255 255 255 255 255 255 255 255 255 255 255 255 255 255 255 255 255 255 255 255 255 255 255 255 255 255 
255 255 255 255 255 255 255 255 255 255 255 255 255 255 255 255 255 255 255 255 255 255 255 255 255 255 255 255 255 255 255 255 255 255 255 255 255 255 255 255 255 255 255 255 255 255 255 255 255 255 255 255 255 255 255 255 255 255 255 255 255 255 255 255 255 255 255 255 255 255 255 255 
255 255 255 255 255 255 255 255 255 255 255 255 255 255 255 255 255 255 255 255 255 255 255 255 255 255 255 255 255 255 255 255 255 255 255 255 255 255 255 255 255 255 255 255 255 255 255 255 255 255 255 255 255 255 255 255 255 255 255 255 255 255 255 255 255 255 255 255 255 255 255 255 
255 255 255 255 255 255 255 255 255 255 255 255 255 255 255 255 255 255 255 255 255 255 255 255 255 255 255 255 255 255 255 255 255 255 255 255 255 255 255 255 255 255 255 255 255 255 255 255 255 255 255 255 255 255 255 255 255 255 255 255 255 255 255 255 255 255 255 255 255 255 255 255 
255 255 255 255 255 255 255 255 255 255 255 255 255 255 255 255 255 255 255 255 255 255 255 255 255 255 255 255 255 255 255 255 255 255 255 255 255 255 255 255 255 255 255 255 255 255 255 255 255 255 255 255 255 255 255 255 255 255 255 255 255 255 255 255 255 255 255 255 255 255 255 255 
255 255 255 255 255 255 255 255 255 255 255 255 255 255 255 255 255 255 255 255 255 255 255 255 255 255 255 255 255 255 255 255 255 255 255 255 255 255 255 255 255 255 255 255 255 255 255 255 255 255 255 255 255 255 255 255 255 255 255 255 255 255 255 255 255 255 255 255 255 255 255 255 
255 255 255 255 255 255 255 255 255 255 255 255 255 255 255 255 255 255 255 255 255 255 255 255 255 255 255 255 255 255 255 255 255 255 255 255 255 255 255 255 255 255 255 255 255 255 255 255 255 255 255 255 255 255 255 255 255 255 255 255 255 255 255 255 255 255 255 255 255 255 255 255 
255 255 255 255 255 255 255 255 255 255 255 255 255 255 255 255 255 255 255 255 255 255 255 255 255 255 255 255 255 255 255 255 255 255 255 255 255 255 255 255 255 255 255 255 255 255 255 255 255 255 255 255 255 255 255 255 255 255 255 255 255 255 255 255 255 255 255 255 255 255 255 255 
255 255 255 255 255 255 255 255 255 255 255 255 255 255 255 255 255 255 255 255 255 255 255 255 255 255 255 255 255 255 255 255 255 255 255 255 255 255 255 255 255 255 255 255 255 255 255 255 255 255 255 255 255 255 255 255 255 255 255 255 255 255 255 255 255 255 255 255 255 255 255 255 
255 255 255 255 255 255 255 255 255 255 255 255 255 255 255 255 255 255 255 255 255 255 255 255 255 255 255 255 255 255 255 255 255 255 255 255 255 255 255 255 255 255 255 255 255 255 255 255 255 255 255 255 255 255 255 255 255 255 255 255 255 255 255 255 255 255 255 255 255 255 255 255 
255 255 255 255 255 255 255 255 255 255 255 255 255 255 255 255 255 255 255 255 255 255 255 255 255 255 255 255 255 255 255 255 255 255 255 255 255 255 255 255 255 255 255 255 255 255 255 255 255 255 255 255 255 255 255 255 255 255 255 255 255 255 255 255 255 255 255 255 255 255 255 255 
255 255 255 255 255 255 255 255 255 255 255 255 255 255 255 255 255 255 255 255 255 255 255 255 255 255 255 255 255 255 255 255 255 255 255 255 255 255 255 255 255 255 255 255 255 255 255 255 255 255 255 255 255 255 255 255 255 255 255 255 255 255 255 255 255 255 255 255 255 255 255 255 
255 255 255 255 255 255 255 255 255 255 255 255 255 255 255 255 255 255 255 255 255 255 116 124 141 151 237 255 255 255 255 255 255 223 129 155 167 191 255 255 255 255 255 255 255 255 255 255 255 255 255 255 255 255 255 255 255 255 255 255 255 255 255 255 255 255 255 255 255 255 255 255 
255 255 255 255 255 255 255 255 255 255 253 255 255 255 255 255 255 255 255 255 255 255 062 000 000 076 249 255 255 255 255 255 255 230 000 000 000 146 255 255 255 255 255 255 255 255 255 255 255 255 255 255 255 255 196 208 255 255 255 255 255 255 255 255 255 255 255 255 255 255 255 255 
255 255 255 255 255 255 255 255 255 162 043 198 255 255 255 255 255 255 255 255 255 255 082 000 000 126 255 255 255 255 255 255 255 248 000 000 000 219 255 255 255 255 255 255 255 255 255 255 255 255 255 255 255 220 018 006 140 254 255 255 255 255 255 255 255 255 255 255 255 255 255 255 
255 255 255 255 255 255 255 255 191 006 000 002 108 244 255 255 250 253 255 255 255 255 086 000 000 126 255 255 255 255 255 255 255 251 000 000 000 219 255 255 255 255 255 249 243 255 255 255 255 255 255 255 240 041 000 000 000 067 232 255 255 041 055 076 097 118 126 128 131 133 135 138 
255 255 255 255 255 255 255 219 016 000 000 000 000 035 197 255 159 002 020 041 048 054 020 000 000 029 059 059 059 059 059 059 059 059 000 000 000 050 055 052 050 039 016 000 118 255 255 255 255 255 255 255 211 042 000 000 000 000 027 199 255 006 000 000 000 000 000 000 000 000 000 000 
255 255 255 255 255 255 255 252 151 021 000 000 000 000 003 130 159 000 000 000 000 000 000 000 000 000 000 000 000 000 000 000 000 000 000 000 000 000 000 000 000 000 000 000 118 255 255 255 255 255 255 255 255 250 118 001 000 000 000 006 189 006 000 000 000 000 000 000 000 000 000 000 
255 255 255 255 255 255 255 255 255 233 071 000 000 000 001 175 159 000 019 044 054 062 027 000 000 040 080 080 080 080 080 080 080 080 000 000 000 067 073 067 061 048 026 004 118 255 255 255 255 255 255 255 255 255 255 176 016 000 000 062 248 069 076 088 100 107 112 117 122 031 000 000 
255 255 255 255 255 255 255 255 255 255 254 138 005 000 135 255 246 248 255 255 255 255 101 000 000 126 255 255 255 255 255 255 255 253 000 000 000 219 255 255 255 255 255 254 248 255 255 255 255 255 255 255 255 255 255 255 220 035 041 238 255 255 255 255 255 255 255 255 255 063 000 000 
255 255 255 255 255 255 255 255 255 255 255 255 175 100 255 255 255 255 255 255 255 255 101 000 000 126 255 203 209 245 253 255 255 253 000 000 000 219 255 255 255 255 255 255 255 255 255 255 255 255 255 255 255 255 255 255 255 230 224 255 255 255 255 255 255 255 255 255 255 063 000 000 
255 255 255 255 255 255 255 255 255 255 255 255 255 255 255 255 255 255 255 255 255 255 120 030 030 142 255 122 000 000 000 077 255 254 064 064 064 229 255 255 255 255 255 255 255 255 255 255 255 255 255 255 255 255 255 255 255 255 255 255 255 255 255 255 255 255 255 255 255 063 000 000 
255 255 255 255 255 255 255 255 255 255 255 255 255 255 255 255 255 255 255 255 255 255 255 255 255 255 255 146 000 000 009 242 255 255 255 255 255 255 255 255 255 255 255 255 255 255 255 255 255 255 255 255 255 255 255 255 255 255 255 255 255 255 255 255 255 255 255 255 255 063 000 000 
255 255 255 255 255 255 255 255 255 255 255 255 255 255 255 255 255 255 108 026 058 090 100 103 106 109 112 072 000 000 016 112 107 102 097 092 087 082 060 034 009 229 255 255 255 255 255 255 255 255 255 255 255 255 255 255 255 255 255 255 255 255 255 255 255 255 255 255 255 063 000 000 
255 255 255 255 255 255 255 255 255 255 255 255 255 255 255 255 255 255 106 000 000 000 000 000 000 000 000 000 000 000 000 000 000 000 000 000 000 000 000 000 004 253 255 255 255 255 255 255 255 255 255 255 115 104 225 255 255 255 255 255 255 225 163 179 196 205 211 218 224 057 000 000 
255 255 255 255 255 255 255 255 093 102 232 255 255 255 255 255 255 255 106 000 012 038 049 053 057 060 064 047 000 000 014 068 068 068 068 068 068 054 000 000 017 255 255 255 255 255 255 255 255 255 255 205 002 000 005 101 226 255 255 255 255 195 000 000 000 000 000 000 000 000 000 000 
255 255 255 255 255 255 255 149 000 000 013 133 249 255 255 255 255 255 235 242 255 255 255 255 255 255 255 176 000 000 051 255 255 255 255 255 255 203 000 000 023 255 255 255 255 255 255 255 255 255 253 054 000 000 000 000 008 118 240 255 255 218 000 000 000 000 000 000 000 000 000 000 
255 255 255 255 255 255 211 006 000 000 000 000 041 195 255 255 255 255 255 255 255 255 255 255 255 255 255 176 000 000 051 255 255 255 255 255 255 203 000 000 024 255 255 255 255 255 255 255 255 255 254 173 054 000 000 000 000 000 019 232 255 236 000 000 000 037 054 054 054 013 000 000 
255 255 255 255 255 255 254 169 028 000 000 000 000 001 118 255 085 060 089 112 117 121 124 124 124 124 124 086 000 000 025 124 124 124 124 124 124 099 000 000 009 099 097 088 066 163 255 255 255 255 255 255 255 168 031 000 000 000 075 255 255 242 000 000 000 175 255 255 255 061 000 000 
255 255 255 255 255 255 255 255 238 087 000 000 000 000 172 255 058 000 000 000 000 000 000 000 000 000 000 000 000 000 000 000 000 000 000 000 000 000 000 000 000 000 000 000 000 139 255 255 255 255 255 255 255 255 247 133 010 002 211 255 255 248 000 000 000 175 255 255 255 059 000 000 
254 255 255 255 255 255 255 255 255 255 164 015 000 095 255 255 058 000 000 007 015 022 026 026 026 026 026 018 000 000 005 026 026 026 026 026 026 021 000 000 001 008 000 000 000 139 255 255 255 255 255 255 255 255 255 255 211 130 255 255 255 252 000 000 000 175 255 255 255 056 000 000 
022 255 255 255 255 255 255 255 255 255 255 213 063 242 255 255 207 217 243 255 255 255 255 255 255 255 255 176 000 000 051 255 255 255 255 255 255 203 000 000 024 255 251 234 208 225 255 255 255 255 255 255 255 255 255 255 255 255 255 255 255 252 000 000 000 175 255 255 255 042 000 000 
020 255 255 255 255 255 255 255 255 255 255 255 255 255 255 255 255 255 255 255 255 255 255 255 255 255 255 176 000 000 051 255 255 255 255 255 255 203 000 000 024 255 255 255 255 255 255 255 255 255 255 255 255 255 255 255 255 255 255 255 255 252 000 000 000 175 255 255 255 025 000 000 
020 255 255 255 255 255 255 255 255 255 255 255 255 255 255 255 255 255 177 151 168 185 195 198 200 203 206 144 000 000 042 210 210 210 210 210 210 168 000 000 019 255 255 255 255 255 255 255 255 255 255 255 255 255 255 255 255 255 255 255 255 252 000 000 000 175 255 255 255 008 000 000 
086 255 255 255 255 255 255 255 255 255 251 252 255 255 255 255 255 255 084 000 000 000 000 000 000 000 000 000 000 000 000 000 000 000 000 000 000 000 000 000 011 255 255 255 255 255 255 255 255 255 255 255 255 255 255 189 255 255 255 255 255 252 000 000 000 175 255 255 243 000 000 000 
255 255 255 255 255 255 255 255 255 255 210 100 251 255 255 255 255 255 084 000 000 000 000 000 000 000 000 000 000 000 000 000 000 000 000 000 000 000 000 000 000 242 255 255 255 255 255 255 255 255 255 255 255 255 255 050 086 237 255 255 255 252 000 000 000 175 255 255 185 000 000 028 
255 255 255 255 255 255 255 255 255 255 171 000 054 213 255 255 255 255 167 138 156 173 183 188 192 197 202 142 000 000 042 205 201 197 193 189 185 176 163 150 137 238 255 255 255 255 255 255 255 255 255 255 255 255 251 007 000 025 148 255 255 252 000 000 000 175 255 255 118 000 000 085 
255 255 255 255 255 255 255 255 255 255 114 000 000 005 233 255 255 240 248 255 255 255 255 255 255 255 255 176 000 000 051 255 255 255 255 255 255 255 235 255 255 255 255 255 255 255 255 255 255 255 255 255 255 255 211 000 000 000 095 255 255 252 000 000 000 175 255 248 033 000 000 144 
255 255 255 255 255 255 255 255 255 255 054 000 000 089 255 255 255 121 001 019 020 191 255 255 255 255 255 176 000 000 051 255 255 255 255 255 255 255 024 014 029 033 230 255 255 255 255 255 255 255 255 255 255 255 157 000 000 000 192 255 255 252 000 000 000 175 255 133 000 000 007 232 
255 255 255 255 255 255 255 255 255 241 004 000 000 202 255 255 255 113 000 000 072 255 255 243 255 255 255 176 000 000 051 255 255 249 208 255 255 255 070 000 000 115 255 255 255 255 255 255 255 255 255 255 255 255 077 000 000 033 254 255 255 252 000 000 000 175 220 011 000 000 095 255 
255 255 255 255 255 255 255 255 255 162 000 000 027 255 255 255 255 100 000 000 128 255 255 078 048 106 194 176 000 000 051 251 101 017 012 241 255 255 083 000 000 121 255 255 255 255 255 255 255 255 255 255 255 243 008 000 000 120 255 255 255 252 000 000 000 175 090 001 000 001 208 255 
255 255 255 255 255 255 255 255 255 071 000 000 097 255 255 255 255 068 000 000 173 255 254 023 000 018 229 176 000 000 051 255 068 000 000 145 255 255 090 000 000 123 255 255 255 255 255 255 255 255 255 255 255 170 000 000 000 207 255 255 255 250 000 000 000 175 255 211 084 086 255 255 
255 255 255 255 255 255 255 255 228 002 000 000 168 255 255 255 255 035 000 000 217 255 189 000 000 109 255 176 000 000 051 255 169 000 000 039 255 255 093 000 000 123 255 255 255 255 255 255 255 255 255 255 255 078 000 000 039 255 255 255 255 247 000 000 000 175 255 255 255 241 255 255 
255 255 255 255 255 255 255 255 135 000 000 001 236 255 255 255 253 005 000 007 252 255 093 000 000 190 255 174 000 000 049 255 243 008 000 000 208 255 093 000 000 123 255 255 255 255 255 255 255 255 255 255 233 004 000 000 126 255 255 255 255 245 000 000 000 175 255 255 255 255 255 255 
184 239 255 255 255 255 255 255 040 000 000 050 255 255 255 255 201 000 000 045 255 243 011 000 018 251 255 167 000 000 043 255 255 078 000 000 124 255 093 000 000 123 255 255 255 255 255 255 255 255 255 255 133 000 000 000 207 255 255 255 255 242 000 000 000 175 255 255 255 255 255 255 
003 200 255 255 255 255 255 192 000 000 000 119 255 255 255 255 108 000 000 103 255 137 000 000 100 255 255 162 000 000 036 255 255 158 000 000 041 255 093 000 000 123 255 255 255 255 255 255 255 255 255 248 024 000 000 031 255 255 255 255 255 239 000 000 000 050 073 073 073 073 073 073 
117 255 255 255 255 255 255 067 000 000 000 188 255 255 255 248 020 000 000 190 244 026 000 000 199 255 255 157 000 000 030 255 255 219 000 029 122 251 093 000 000 123 255 255 255 255 255 255 255 255 255 155 000 000 000 110 255 255 255 255 255 236 000 000 000 000 000 000 000 000 000 000 
245 255 255 255 255 255 198 000 000 000 008 248 255 255 255 102 000 000 025 253 255 255 215 130 255 255 255 142 000 000 013 255 255 255 189 253 255 255 092 000 000 123 255 255 255 255 255 255 255 255 252 039 000 000 000 186 255 255 255 255 255 228 000 000 000 000 000 000 000 000 000 000 
255 255 255 255 255 255 132 000 000 000 060 255 255 255 155 000 000 000 111 255 255 255 255 255 255 255 255 123 000 000 000 248 255 255 255 255 255 255 086 000 000 121 255 255 255 255 255 255 255 255 151 000 000 000 004 244 255 255 255 255 255 216 000 000 000 090 131 131 131 131 131 131 
255 255 255 255 255 255 255 203 061 000 116 255 255 185 011 000 000 001 207 255 255 255 255 255 255 255 255 103 000 000 000 226 255 255 255 255 255 255 076 000 000 117 255 255 255 255 255 255 255 255 230 126 011 000 051 255 255 255 255 255 255 203 000 000 000 175 255 255 255 255 255 255 
255 255 255 255 255 255 255 255 254 150 184 255 255 255 237 127 009 101 255 255 255 255 255 255 255 255 255 096 016 016 016 209 255 255 255 255 255 255 049 000 000 086 255 255 255 255 255 255 255 255 255 255 230 084 110 255 255 255 255 255 255 191 000 000 000 175 255 255 255 255 255 255 
255 255 255 255 255 255 255 255 255 255 255 255 255 255 255 255 218 237 255 255 255 255 255 255 255 255 255 255 255 255 255 255 255 255 255 255 255 255 079 059 059 098 255 255 255 255 255 255 255 255 255 255 255 255 234 255 255 255 255 255 255 188 025 025 025 184 255 255 255 255 255 255 
255 255 255 255 255 255 255 255 255 255 255 255 255 255 255 255 255 255 255 255 255 255 255 255 255 255 255 255 255 255 255 255 255 255 255 255 255 255 255 255 255 255 255 255 255 255 255 255 255 255 255 255 255 255 255 255 255 255 255 255 255 255 255 255 255 255 255 255 255 255 255 255 
255 255 255 255 255 255 255 255 255 255 255 255 255 255 255 255 255 255 255 255 255 255 255 255 255 255 255 255 255 255 255 255 255 255 255 255 255 255 255 255 255 255 255 255 255 255 255 255 255 255 255 255 255 255 255 255 255 255 255 255 255 255 255 255 255 255 255 255 255 255 255 255 
255 255 255 255 255 255 255 255 255 255 255 255 255 255 255 255 255 255 255 255 255 255 255 255 255 255 255 255 255 255 255 255 255 255 255 255 255 255 255 255 255 255 255 255 255 255 255 255 255 255 255 255 255 255 255 255 255 255 255 255 255 255 255 255 255 255 255 255 255 255 255 255 
255 255 255 255 255 255 255 255 255 255 255 255 255 255 255 255 255 255 255 255 255 255 255 255 255 255 255 255 255 255 255 255 255 255 255 255 255 255 255 255 255 255 255 255 255 255 255 255 255 255 255 255 255 255 255 255 255 255 255 255 255 255 255 255 255 255 255 255 255 255 255 255 
255 255 255 255 255 255 255 255 255 255 255 255 255 255 255 255 255 255 255 255 255 255 255 255 255 255 255 255 255 255 255 255 255 255 255 255 255 255 255 255 255 255 255 255 255 255 255 255 255 255 255 255 255 255 255 255 255 255 255 255 255 255 255 255 255 255 255 255 255 255 255 255 
255 255 255 255 255 255 255 255 255 255 255 255 255 255 255 255 255 255 255 255 255 255 255 255 255 255 255 255 255 255 255 255 255 255 255 255 255 255 255 255 255 255 255 255 255 255 255 255 255 255 255 255 255 255 255 255 255 255 255 255 255 255 255 255 255 255 255 255 255 255 255 255 
255 255 255 255 255 255 255 255 255 255 255 255 255 255 255 255 255 255 255 255 255 255 255 255 255 255 255 255 255 255 255 255 255 255 255 255 255 255 255 255 255 255 255 255 255 255 255 255 255 255 255 255 255 255 255 255 255 255 255 255 255 255 255 255 255 255 255 255 255 255 255 255 
255 255 255 255 255 255 255 255 255 255 255 255 255 255 255 255 255 255 255 255 255 255 255 255 255 255 255 255 255 255 255 255 255 255 255 255 255 255 255 255 255 255 255 255 255 255 255 255 255 255 255 255 255 255 255 255 255 255 255 255 255 255 255 255 255 255 255 255 255 255 255 255 
255 255 255 255 255 255 255 255 255 255 255 255 255 255 255 255 255 255 255 255 255 255 255 255 255 255 255 255 255 255 255 255 255 255 255 255 255 255 255 255 255 255 255 255 255 255 255 255 255 255 255 255 255 255 255 255 255 255 255 255 255 255 255 255 255 255 255 255 255 255 255 255 
255 255 255 255 255 255 255 255 255 255 255 255 255 255 255 255 255 255 255 255 255 255 255 255 255 255 255 255 255 255 255 255 255 255 255 255 255 255 255 255 255 255 255 255 255 255 255 255 255 255 255 255 255 255 255 255 255 255 255 255 255 255 255 255 255 255 255 255 255 255 255 255 
255 255 255 255 255 255 255 255 255 255 255 255 255 255 255 255 255 255 255 255 255 255 255 255 255 255 255 255 255 255 255 255 255 255 255 255 255 255 255 255 255 255 255 255 255 255 255 255 255 255 255 255 255 255 255 255 255 255 255 255 255 255 255 255 255 255 255 255 255 255 255 255 
255 255 255 255 255 255 255 255 255 255 255 255 255 255 255 255 255 255 255 255 255 255 255 255 255 255 255 255 255 255 255 255 255 255 255 255 255 255 255 255 255 255 255 255 255 255 255 255 255 255 255 255 255 255 255 255 255 255 255 255 255 255 255 255 255 255 255 255 255 255 255 255 
255 255 255 255 255 255 255 255 255 255 255 255 255 255 255 255 255 255 255 255 255 255 255 255 255 255 255 255 255 255 255 255 255 255 255 255 255 255 255 255 255 255 255 255 255 255 255 255 255 255 255 255 255 255 255 255 255 255 255 255 255 255 255 255 255 255 255 255 255 255 255 255 
255 255 255 255 255 255 255 255 255 255 255 255 255 255 255 255 255 255 255 255 255 255 255 255 255 255 255 255 255 255 255 255 255 255 255 255 255 255 255 255 255 255 255 255 255 255 255 255 255 255 255 255 255 255 255 255 255 255 255 255 255 255 255 255 255 255 255 255 255 255 255 255 
255 255 255 255 255 255 255 255 255 255 255 255 255 255 255 255 255 255 255 255 255 255 255 255 255 255 255 255 255 255 255 255 255 255 255 255 255 255 255 255 255 255 255 255 255 255 255 255 255 255 255 255 255 255 255 255 255 255 255 255 255 255 255 255 255 255 255 255 255 255 255 255 
255 255 255 255 255 255 255 255 255 255 255 255 255 255 255 255 255 255 255 255 255 255 255 255 255 255 255 255 255 255 255 255 255 255 255 255 255 255 255 255 255 255 255 255 255 255 255 255 255 255 255 255 255 255 255 255 255 255 255 255 255 255 255 255 255 255 255 255 255 255 255 255 
255 255 255 255 255 255 255 255 255 255 255 255 255 255 255 255 255 255 255 255 255 255 255 255 255 255 255 255 255 255 255 255 255 255 255 255 255 255 255 255 255 255 255 255 255 255 255 255 255 255 255 255 255 255 255 255 255 255 255 255 255 255 255 255 255 255 255 255 255 255 255 255 
255 255 255 255 255 255 255 255 255 255 255 255 255 255 255 255 255 255 255 255 255 255 255 255 255 255 255 255 255 255 255 255 255 255 255 255 255 255 255 255 255 255 255 255 255 255 255 255 255 255 255 255 255 255 255 255 255 255 255 255 255 255 255 255 255 255 255 255 255 255 255 255 
255 255 255 255 255 255 255 255 255 255 255 255 255 255 255 255 255 255 255 255 255 255 255 255 255 255 255 255 255 255 255 255 255 255 255 255 255 255 255 255 255 255 255 255 255 255 255 255 255 255 255 255 255 255 255 255 255 255 255 255 255 255 255 255 255 255 255 255 255 255 255 255 
255 255 255 255 255 255 255 255 255 255 255 255 255 255 255 255 255 255 255 255 255 255 255 255 255 255 255 255 255 255 255 255 255 255 255 255 255 255 255 255 255 255 255 255 255 255 255 255 255 255 255 255 255 255 255 255 255 255 255 255 255 255 255 255 255 255 255 255 255 255 255 255 
255 255 255 255 255 255 255 255 255 255 255 255 255 255 255 255 255 255 255 255 255 255 255 255 255 255 255 255 255 255 255 255 255 255 255 255 255 255 255 255 255 255 255 255 255 255 255 255 255 255 255 255 255 255 255 255 255 255 255 255 255 255 255 255 255 255 255 255 255 255 255 255 
255 255 255 255 255 255 255 255 255 255 255 255 255 255 255 255 255 255 255 255 255 255 255 255 255 255 255 255 255 255 255 255 255 255 255 255 255 255 255 255 255 255 255 255 255 255 255 255 255 255 255 255 255 255 255 255 255 255 255 255 255 255 255 255 255 255 255 255 255 255 255 255 
255 255 255 255 255 255 255 255 255 255 255 255 255 255 255 255 255 255 255 255 255 255 255 255 255 255 255 255 255 255 255 255 255 255 255 255 255 255 255 255 255 255 255 255 255 255 255 255 255 255 255 255 255 255 255 255 255 255 255 255 255 255 255 255 255 255 255 255 255 255 255 255 
255 255 255 255 255 255 255 255 255 255 255 255 255 255 255 255 255 255 255 255 255 255 255 255 255 255 255 255 255 255 255 255 255 255 255 255 255 255 255 255 255 255 255 255 255 255 255 255 255 255 255 255 255 255 255 255 255 255 255 255 255 255 255 255 255 255 255 255 255 255 255 255 
255 255 255 255 255 255 255 255 255 255 255 255 255 255 255 255 255 255 255 255 255 255 255 255 255 255 255 255 255 255 255 255 255 255 255 255 255 255 255 255 255 255 255 255 255 255 255 255 255 255 255 255 255 255 255 255 255 255 255 255 255 255 255 255 255 255 255 255 255 255 255 255 
255 255 255 255 255 255 255 255 255 255 255 255 255 255 255 255 255 255 255 255 255 255 255 255 255 255 255 255 255 255 255 255 255 255 255 255 255 255 255 255 255 255 255 255 255 255 255 255 255 255 255 255 255 255 255 255 255 255 255 255 255 255 255 255 255 255 255 255 255 255 255 255 
255 255 255 255 255 255 255 255 255 255 255 255 255 255 255 255 255 255 255 255 255 255 255 255 255 255 255 255 255 255 255 255 255 255 255 255 255 255 255 255 255 255 255 255 255 255 255 255 255 255 255 255 255 255 255 255 255 255 255 255 255 255 255 255 255 255 255 255 255 255 255 255 
255 255 255 255 255 255 255 255 255 255 255 255 255 255 255 255 255 255 255 255 255 255 255 255 255 255 255 233 236 255 255 255 255 255 255 255 255 255 255 255 255 255 255 255 255 255 255 255 255 255 255 255 255 255 255 255 255 255 255 255 255 255 255 255 255 255 255 255 255 255 255 255 
255 255 255 255 255 255 255 255 255 255 255 255 255 255 255 234 092 120 133 140 243 255 255 255 255 255 255 129 000 005 012 127 255 255 255 255 255 255 255 255 255 255 255 255 255 255 255 255 255 255 255 255 255 255 255 255 255 255 255 255 255 255 255 255 255 255 255 255 255 255 255 255 
255 255 255 255 255 255 255 255 255 255 255 255 255 255 255 250 002 000 000 100 254 255 255 255 255 255 255 159 000 000 000 248 255 255 255 255 255 255 255 255 255 255 255 255 255 255 255 255 255 255 255 255 255 255 255 255 255 255 255 255 255 255 255 255 255 255 255 255 255 255 255 255 
255 255 255 255 255 255 255 255 255 255 255 255 255 255 255 255 019 000 000 146 255 255 255 255 255 255 255 172 000 000 000 251 255 255 255 255 255 255 255 255 255 255 255 255 255 255 255 255 255 255 255 255 255 255 255 255 255 255 255 255 255 255 255 255 255 255 255 255 255 255 255 255 
255 255 255 255 255 255 255 255 255 255 255 255 255 255 255 255 021 000 000 146 255 255 255 255 255 255 255 173 000 000 000 251 255 255 255 255 255 255 255 255 255 255 255 255 255 255 255 255 255 255 255 251 239 255 255 255 255 255 255 255 255 255 255 255 255 255 255 255 255 255 255 255 
255 255 255 255 255 254 247 255 255 255 255 255 255 255 255 255 022 000 000 146 255 255 255 255 255 255 255 175 000 000 000 251 255 255 255 255 255 255 255 255 255 255 246 252 255 255 255 255 255 255 255 232 000 009 032 047 048 050 052 053 055 057 059 060 062 064 066 068 066 064 062 060 
255 255 255 255 255 231 000 009 027 045 059 061 063 065 067 068 006 000 000 040 070 070 070 070 070 070 070 048 000 000 000 068 067 066 064 063 061 060 053 037 021 006 000 209 255 255 255 255 255 255 255 254 006 000 000 000 000 000 000 000 000 000 000 000 000 000 000 000 000 000 000 000 
255 255 255 255 255 231 000 000 000 000 000 000 000 000 000 000 000 000 000 000 000 000 000 000 000 000 000 000 000 000 000 000 000 000 000 000 000 000 000 000 000 000 000 209 255 255 255 255 255 255 255 255 032 000 000 000 000 000 000 000 000 000 000 000 000 000 000 000 000 000 000 000 
255 255 255 255 255 231 000 000 000 000 000 000 000 000 000 000 000 000 000 000 000 000 000 000 000 000 000 000 000 000 000 000 000 000 000 000 000 000 000 000 000 000 000 209 255 255 255 255 255 255 255 255 041 000 000 016 091 091 091 091 091 091 091 091 091 091 091 091 091 091 091 091 
255 255 255 255 255 236 056 073 090 106 120 125 130 134 139 144 014 000 000 084 146 146 146 146 146 146 146 101 000 000 000 143 143 141 138 136 134 131 123 107 090 074 057 218 255 255 255 255 255 255 255 255 047 000 000 045 255 255 255 255 255 255 255 255 255 255 255 255 255 255 255 255 
255 255 255 255 255 255 255 255 255 255 255 255 255 255 255 255 024 000 000 146 255 255 255 255 255 255 255 176 000 000 000 251 255 255 255 255 255 255 255 255 255 255 255 255 255 255 255 255 255 255 255 255 053 000 000 045 255 255 255 255 255 255 255 255 255 255 255 255 255 255 255 255 
255 255 255 255 255 255 255 255 255 255 255 255 255 255 255 255 024 000 000 146 255 255 255 255 255 255 255 176 000 000 000 251 255 255 255 255 255 255 255 255 255 255 255 255 255 255 255 255 255 255 255 255 059 000 000 045 255 255 255 255 255 255 255 255 255 255 255 255 255 255 255 255 
255 255 255 255 255 255 255 255 255 255 255 255 255 255 255 255 024 000 000 146 255 255 255 255 255 255 255 186 029 029 029 252 255 255 255 255 255 255 255 255 255 255 255 255 255 255 255 255 255 255 255 255 059 000 000 045 255 255 255 255 255 255 255 255 255 255 255 255 255 255 255 255 
255 255 255 255 255 255 255 255 255 255 255 255 255 255 255 255 151 139 139 206 255 255 255 255 255 255 255 255 255 255 255 255 255 255 255 255 255 255 255 255 255 255 255 255 255 255 255 255 255 255 255 255 059 000 000 045 255 255 255 255 159 100 127 152 155 156 158 159 158 153 148 143 
255 255 255 255 255 255 255 255 255 255 255 255 255 255 255 226 119 251 255 255 255 255 255 255 255 087 086 109 114 117 217 255 255 255 255 255 255 255 255 255 255 255 255 255 255 255 255 255 255 255 255 255 059 000 000 045 255 255 255 255 138 000 000 000 000 000 000 000 000 000 000 000 
255 255 255 255 255 255 255 255 255 255 255 255 255 255 255 094 000 055 211 255 255 255 255 255 255 068 000 000 000 045 238 255 255 255 255 255 254 252 255 255 255 255 255 255 255 255 255 255 255 255 255 255 059 000 000 045 255 255 255 255 158 000 000 000 000 000 000 000 000 000 000 000 
255 255 255 255 255 255 255 255 255 255 255 255 255 255 168 000 000 000 005 157 255 255 255 255 255 103 000 000 000 188 255 255 255 255 255 255 122 073 241 255 255 255 255 255 255 255 255 255 255 255 255 255 059 000 000 045 255 255 255 255 165 000 000 005 067 067 067 067 067 067 067 067 
255 255 255 255 255 255 255 255 255 255 255 255 255 221 014 000 000 000 038 193 255 255 255 255 255 110 000 000 000 230 255 255 255 255 255 164 000 000 040 195 255 255 255 255 255 255 255 255 255 255 255 255 059 000 000 045 255 255 255 255 171 000 000 021 255 255 255 255 255 255 255 255 
255 255 255 255 255 255 255 255 255 255 255 255 243 051 000 000 000 067 244 255 255 255 255 255 255 113 000 000 000 231 255 255 255 255 187 008 000 000 000 001 115 255 255 255 255 255 255 255 255 255 255 255 059 000 000 045 255 255 255 255 172 000 000 021 255 255 255 255 255 255 255 255 
255 255 255 255 255 255 255 255 255 255 255 244 061 000 000 000 065 246 255 255 255 255 255 255 255 117 000 000 000 231 255 255 255 190 009 000 000 000 001 113 215 255 255 255 255 255 255 255 255 255 255 255 059 000 000 045 255 255 255 255 172 000 000 021 255 255 255 255 255 255 255 255 
255 255 255 255 255 255 255 255 255 255 245 064 000 000 000 000 196 255 255 255 255 255 255 255 255 117 000 000 000 231 255 255 193 011 000 000 000 016 181 255 255 255 255 255 255 255 255 255 255 255 255 255 059 000 000 045 255 255 255 255 172 000 000 021 255 255 255 255 255 255 255 255 
255 255 255 255 255 255 255 255 255 240 066 000 000 000 000 000 196 255 255 255 255 255 255 255 255 117 000 000 000 231 255 196 012 000 000 000 026 211 255 255 255 255 255 255 255 255 255 255 255 255 255 255 059 000 000 045 255 255 255 255 172 000 000 021 255 255 255 255 255 255 255 255 
255 255 255 255 255 255 255 255 203 033 000 000 000 000 000 000 196 255 255 255 255 255 255 255 255 117 000 000 000 231 179 013 000 000 000 039 224 255 255 255 255 255 255 255 255 255 255 255 255 255 255 255 059 000 000 045 255 255 255 255 172 000 000 021 255 255 255 255 255 255 255 255 
255 255 255 255 255 255 255 145 006 000 000 000 000 000 000 000 196 255 255 255 255 255 255 255 255 117 000 000 000 114 002 000 000 000 054 235 255 255 255 255 255 255 255 255 255 255 255 255 255 255 255 255 059 000 000 045 255 255 255 255 172 000 000 021 255 255 255 255 255 255 255 255 
255 255 255 255 255 217 077 000 000 000 000 038 089 000 000 000 196 255 255 255 255 255 255 255 255 117 000 000 000 000 000 000 000 071 244 255 255 255 255 255 255 255 255 255 255 255 255 255 255 255 255 255 059 000 000 045 255 255 255 255 167 000 000 016 189 189 189 189 189 189 189 189 
255 255 255 255 188 004 000 000 000 000 051 234 119 000 000 000 196 255 255 255 255 255 255 255 255 117 000 000 000 000 000 000 114 251 255 255 255 255 255 255 255 255 255 255 255 255 255 255 255 255 255 255 059 000 000 045 255 255 255 255 163 000 000 000 000 000 000 000 000 000 000 000 
255 255 255 255 255 118 000 000 000 068 242 255 119 000 000 000 196 255 255 255 255 255 255 255 227 058 000 000 000 000 015 174 255 255 255 255 255 255 255 255 255 255 255 255 255 255 255 255 255 255 255 255 059 000 000 045 255 255 255 255 148 000 000 000 000 000 000 000 000 000 000 000 
255 255 255 255 255 255 081 000 112 252 255 255 119 000 000 000 196 255 255 255 255 255 238 128 011 000 000 000 000 048 220 255 255 255 255 255 255 255 255 255 255 255 255 255 255 255 255 255 255 255 255 255 059 000 000 045 255 255 255 255 120 004 023 041 047 051 055 059 059 055 052 048 
255 255 255 255 255 255 240 168 255 255 255 255 119 000 000 000 196 255 255 255 231 117 013 000 000 000 000 000 000 227 255 255 255 255 255 255 255 255 255 255 255 255 255 255 255 255 255 255 255 255 255 255 059 000 000 045 255 255 255 255 249 255 255 255 255 255 255 255 255 255 255 255 
255 255 255 255 255 255 255 255 255 255 255 255 119 000 000 000 196 255 200 099 008 000 000 000 000 000 000 000 000 231 255 255 255 255 255 255 255 255 255 255 255 255 255 255 255 255 255 255 255 255 255 255 059 000 000 045 255 255 255 255 255 255 255 255 255 255 255 255 255 255 255 255 
255 255 255 255 255 255 255 255 255 255 255 255 119 000 000 000 196 247 079 000 000 000 000 000 011 041 000 000 000 231 255 255 255 255 255 255 255 255 255 255 255 255 255 255 255 255 255 255 255 255 255 255 059 000 000 045 255 255 255 255 255 255 255 255 255 255 255 255 255 255 255 255 
255 255 255 255 255 255 255 255 255 255 255 255 119 000 000 000 196 255 248 056 000 000 002 097 230 117 000 000 000 231 255 255 255 255 255 255 255 255 255 208 218 255 255 255 255 255 255 255 255 255 255 255 059 000 000 045 255 255 255 255 255 255 255 255 255 255 255 255 255 255 255 255 
255 255 255 255 255 255 255 255 255 255 255 255 114 000 000 000 196 255 255 230 023 101 218 255 255 117 000 000 000 231 255 255 255 255 255 255 255 255 255 158 032 199 255 255 255 255 255 255 255 255 255 255 056 000 000 045 255 255 255 255 255 255 255 255 255 255 255 255 255 255 255 255 
255 255 255 255 255 255 255 255 255 255 255 255 108 000 000 000 196 255 255 255 248 255 255 255 255 117 000 000 000 231 255 255 255 255 255 255 255 255 255 089 000 004 120 218 255 255 255 255 255 255 255 255 051 000 000 016 092 092 092 092 092 092 092 092 092 092 092 092 092 092 092 092 
255 255 255 255 255 255 255 255 255 255 255 255 103 000 000 000 196 255 255 255 255 255 255 255 255 117 000 000 000 230 255 255 255 255 255 255 255 255 247 013 000 000 000 129 255 255 255 255 255 255 255 255 047 000 000 000 000 000 000 000 000 000 000 000 000 000 000 000 000 000 000 000 
255 255 255 255 255 255 255 255 255 255 255 255 097 000 000 000 196 255 255 255 255 255 255 255 255 117 000 000 000 164 255 255 255 255 255 255 255 243 072 000 000 000 001 218 255 255 255 255 255 255 255 255 043 000 000 000 000 000 000 000 000 000 000 000 000 000 000 000 000 000 000 000 
255 255 255 255 255 255 255 255 255 255 255 255 091 000 000 000 196 255 255 255 255 255 255 255 255 119 000 000 000 000 055 118 124 129 128 116 070 020 000 000 000 000 087 255 255 255 255 255 255 255 255 255 023 000 000 018 101 101 101 101 101 101 101 101 101 101 101 101 101 101 101 101 
255 255 255 255 255 255 255 255 255 255 255 255 073 000 000 000 196 255 255 255 255 255 255 255 255 148 000 000 000 000 000 000 000 000 000 000 000 000 000 000 000 005 220 255 255 255 255 255 255 255 255 250 001 000 000 045 255 255 255 255 255 255 255 255 255 255 255 255 255 255 255 255 
255 255 255 255 255 255 255 255 255 255 255 255 051 000 000 000 196 255 255 255 255 255 255 255 255 233 020 000 000 000 000 000 000 000 000 000 000 000 000 000 031 177 255 255 255 255 255 255 255 255 255 225 000 000 000 045 255 255 255 255 255 255 255 255 255 255 255 255 255 255 255 255 
255 255 255 255 255 255 255 255 255 255 255 255 030 000 000 000 196 255 255 255 255 255 255 255 255 255 247 161 122 105 087 077 076 075 075 076 082 108 134 164 247 255 255 255 255 255 255 255 255 255 255 240 174 174 174 189 255 255 255 255 255 255 255 255 255 255 255 255 255 255 255 255 
255 255 255 255 255 255 255 255 255 255 255 255 009 000 000 000 196 255 255 255 255 255 255 255 255 255 255 255 255 255 255 255 255 255 255 255 255 255 255 255 255 255 255 255 255 255 255 255 255 255 255 255 255 255 255 255 255 255 255 255 255 255 255 255 255 255 255 255 255 255 255 255 
255 255 255 255 255 255 255 255 255 255 255 255 238 238 238 238 252 255 255 255 255 255 255 255 255 255 255 255 255 255 255 255 255 255 255 255 255 255 255 255 255 255 255 255 255 255 255 255 255 255 255 255 255 255 255 255 255 255 255 255 255 255 255 255 255 255 255 255 255 255 255 255 
255 255 255 255 255 255 255 255 255 255 255 255 255 255 255 255 255 255 255 255 255 255 255 255 255 255 255 255 255 255 255 255 255 255 255 255 255 255 255 255 255 255 255 255 255 255 255 255 255 255 255 255 255 255 255 255 255 255 255 255 255 255 255 255 255 255 255 255 255 255 255 255 
255 255 255 255 255 255 255 255 255 255 255 255 255 255 255 255 255 255 255 255 255 255 255 255 255 255 255 255 255 255 255 255 255 255 255 255 255 255 255 255 255 255 255 255 255 255 255 255 255 255 255 255 255 255 255 255 255 255 255 255 255 255 255 255 255 255 255 255 255 255 255 255 
255 255 255 255 255 255 255 255 255 255 255 255 255 255 255 255 255 255 255 255 255 255 255 255 255 255 255 255 255 255 255 255 255 255 255 255 255 255 255 255 255 255 255 255 255 255 255 255 255 255 255 255 255 255 255 255 255 255 255 255 255 255 255 255 255 255 255 255 255 255 255 255 
255 255 255 255 255 255 255 255 255 255 255 255 255 255 255 255 255 255 255 255 255 255 255 255 255 255 255 255 255 255 255 255 255 255 255 255 255 255 255 255 255 255 255 255 255 255 255 255 255 255 255 255 255 255 255 255 255 255 255 255 255 255 255 255 255 255 255 255 255 255 255 255 
255 255 255 255 255 255 255 255 255 255 255 255 255 255 255 255 255 255 255 255 255 255 255 255 255 255 255 255 255 255 255 255 255 255 255 255 255 255 255 255 255 255 255 255 255 255 255 255 255 255 255 255 255 255 255 255 255 255 255 255 255 255 255 255 255 255 255 255 255 255 255 255 
255 255 255 255 255 255 255 255 255 255 255 255 255 255 255 255 255 255 255 255 255 255 255 255 255 255 255 255 255 255 255 255 255 255 255 255 255 255 255 255 255 255 255 255 255 255 255 255 255 255 255 255 255 255 255 255 255 255 255 255 255 255 255 255 255 255 255 255 255 255 255 255 
255 255 255 255 255 255 255 255 255 255 255 255 255 255 255 255 255 255 255 255 255 255 255 255 255 255 255 255 255 255 255 255 255 255 255 255 255 255 255 255 255 255 255 255 255 255 255 255 255 255 255 255 255 255 255 255 255 255 255 255 255 255 255 255 255 255 255 255 255 255 255 255 
255 255 255 255 255 255 255 255 255 255 255 255 255 255 255 255 255 255 255 255 255 255 255 255 255 255 255 255 255 255 255 255 255 255 255 255 255 255 255 255 255 255 255 255 255 255 255 255 255 255 255 255 255 255 255 255 255 255 255 255 255 255 255 255 255 255 255 255 255 255 255 255 
255 255 255 255 255 255 255 255 255 255 255 255 255 255 255 255 255 255 255 255 255 255 255 255 255 255 255 255 255 255 255 255 255 255 255 255 255 255 255 255 255 255 255 255 255 255 255 255 255 255 255 255 255 255 255 255 255 255 255 255 255 255 255 255 255 255 255 255 255 255 255 255 
255 255 255 255 255 255 255 255 255 255 255 255 255 255 255 255 255 255 255 255 255 255 255 255 255 255 255 255 255 255 255 255 255 255 255 255 255 255 255 255 255 255 255 255 255 255 255 255 255 255 255 255 255 255 255 255 255 255 255 255 255 255 255 255 255 255 255 255 255 255 255 255 
255 255 255 255 255 255 255 255 255 255 255 255 255 255 255 255 255 255 255 255 255 255 255 255 255 255 255 255 255 255 255 255 255 255 255 255 255 255 255 255 255 255 255 255 255 255 255 255 255 255 255 255 255 255 255 255 255 255 255 255 255 255 255 255 255 255 255 255 255 255 255 255 
255 255 255 255 255 255 255 255 255 255 255 255 255 255 255 255 255 255 255 255 255 255 255 255 255 255 255 255 255 255 255 255 255 255 255 255 255 255 255 255 255 255 255 255 255 255 255 255 255 255 255 255 255 255 255 255 255 255 255 255 255 255 255 255 255 255 255 255 255 255 255 255 
255 255 255 255 255 255 255 255 255 255 255 255 255 255 255 255 255 255 255 255 255 255 255 255 255 255 255 255 255 255 255 255 255 255 255 255 255 255 255 255 255 255 255 255 255 255 255 255 255 255 255 255 255 255 255 255 255 255 255 255 255 255 255 255 255 255 255 255 255 255 255 255 
255 255 255 255 255 255 255 255 255 255 255 255 255 255 255 255 255 255 255 255 255 255 255 255 255 255 255 255 255 255 255 255 255 255 255 255 255 255 255 255 255 255 255 255 255 255 255 255 255 255 255 255 255 255 255 255 255 255 255 255 255 255 255 255 255 255 255 255 255 255 255 255 
255 255 255 255 255 255 255 255 255 255 255 255 255 255 255 255 255 255 255 255 255 255 255 255 255 255 255 255 255 255 255 255 255 255 255 255 255 255 255 255 255 255 255 255 255 255 255 255 255 255 255 255 255 255 255 255 255 255 255 255 255 255 255 255 255 255 255 255 255 255 255 255 
255 255 255 255 255 255 255 255 255 255 255 255 255 255 255 255 255 255 255 255 255 255 255 255 255 255 255 255 255 255 255 255 255 255 255 255 255 255 255 255 255 255 255 255 255 255 255 255 255 255 255 255 255 255 255 255 255 255 255 255 255 255 255 255 255 255 255 255 255 255 255 255 
255 255 255 255 255 255 255 255 255 255 255 255 255 255 255 255 255 255 255 255 255 255 255 255 255 255 255 255 255 255 255 255 255 255 255 255 255 255 255 255 255 255 255 255 255 255 255 255 255 255 255 255 255 255 255 255 255 255 255 255 255 255 255 255 255 255 255 255 255 255 255 255 
255 255 255 255 255 255 255 255 255 255 255 255 255 255 255 255 255 255 255 255 255 255 255 255 255 255 255 255 255 255 255 255 255 255 255 255 255 255 255 255 255 255 255 255 255 255 255 255 255 255 255 255 255 255 255 255 255 255 255 255 255 255 255 255 255 255 255 255 255 255 255 255 
255 255 255 255 255 255 255 255 255 255 255 255 255 255 255 255 255 255 255 255 255 255 255 255 255 255 255 255 255 255 255 255 255 255 255 255 255 255 255 255 255 255 255 255 255 255 255 255 255 255 255 255 255 255 255 255 255 255 255 255 255 255 255 255 255 255 255 255 255 255 255 255 
255 255 255 255 255 255 255 255 255 255 255 255 255 255 255 255 255 255 255 255 255 255 255 255 255 255 255 255 255 255 255 255 255 255 255 255 255 255 255 255 255 255 255 255 255 255 255 255 255 255 255 255 255 255 255 255 255 255 255 255 255 255 255 255 255 255 255 255 255 255 255 255 
255 255 255 255 255 255 255 255 255 255 255 255 255 255 255 255 255 255 255 255 255 255 255 255 255 255 255 255 255 255 255 255 255 255 255 255 255 255 255 255 255 255 255 255 255 255 255 255 255 255 255 255 255 255 255 255 255 255 255 255 255 255 255 255 255 255 255 255 255 255 255 255 
255 255 255 255 255 255 255 255 255 255 255 255 255 255 255 255 255 255 255 255 255 255 255 255 255 255 255 255 255 255 255 255 255 255 255 255 255 255 255 255 255 255 255 255 255 255 255 255 255 255 255 255 255 255 255 255 255 255 255 255 255 255 255 255 255 255 255 255 255 255 255 255 
255 255 255 255 255 255 255 255 255 255 255 255 255 255 255 255 255 255 255 255 255 255 255 255 255 255 255 255 255 255 255 255 255 255 255 255 255 255 255 255 255 255 255 255 255 255 255 255 255 255 255 255 255 255 255 255 255 255 255 255 255 255 255 255 255 255 255 255 255 255 255 255 
255 255 255 255 255 255 255 255 255 255 255 255 255 255 255 255 255 255 255 255 255 255 255 255 255 255 255 255 255 255 255 255 255 255 255 255 255 255 255 255 255 255 255 255 255 255 255 255 255 255 255 255 255 255 255 255 255 255 255 255 255 255 255 255 255 255 255 255 255 255 255 255 
255 255 255 255 255 255 255 255 255 255 255 255 255 255 255 255 255 255 255 255 255 255 255 255 255 255 255 255 255 255 255 255 255 255 255 255 255 255 255 255 255 255 255 255 255 255 255 255 255 255 255 255 255 255 255 255 255 255 255 255 255 255 255 255 255 255 255 255 255 255 255 255 
255 255 255 255 255 255 255 255 255 255 255 255 255 255 255 255 255 255 255 255 255 255 255 255 255 255 255 255 255 255 255 255 255 255 255 255 255 255 255 255 255 255 255 255 255 255 255 255 255 255 255 255 255 255 255 255 255 255 255 255 255 255 255 255 255 255 255 255 255 255 255 255 
255 255 255 255 255 255 255 255 255 255 255 255 255 255 255 255 255 255 255 142 131 223 255 255 255 255 255 255 255 255 255 255 255 255 255 255 255 255 255 255 255 255 255 255 255 255 255 255 255 255 255 255 255 255 255 255 255 255 255 255 255 255 255 255 255 255 255 255 255 255 255 255 
