255 255 255 255 255 255 255 255 255 255 255 255 255 255 255 255 255 255 255 255 255 255 255 255 255 255 255 255 255 255 255 255 255 255 255 255 255 255 255 255 255 255 255 255 255 255 255 255 255 255 255 255 255 255 255 255 255 255 255 255 255 255 255 255 255 255 255 255 255 255 255 255 
255 255 255 255 255 255 255 255 255 255 255 255 255 255 255 255 255 255 255 255 255 255 255 255 255 255 255 255 255 255 255 255 255 255 255 255 255 255 255 255 255 255 255 255 255 255 255 255 255 255 255 255 255 255 255 255 255 255 255 255 255 255 255 255 255 255 255 255 255 255 255 255 
255 255 255 255 255 255 255 255 255 255 255 255 255 255 255 255 255 255 255 255 255 255 255 255 255 255 255 255 255 255 255 255 255 255 255 255 255 255 255 255 255 255 255 255 255 255 255 255 255 255 255 255 255 255 255 255 255 255 255 255 255 255 255 255 255 255 255 255 255 255 255 255 
255 255 255 255 255 255 255 255 255 255 255 255 255 255 255 255 255 255 255 255 255 255 255 255 255 255 255 255 255 255 255 255 255 255 255 255 255 255 255 255 255 255 255 255 255 255 255 255 255 255 255 255 255 255 255 255 255 255 255 255 255 255 255 255 255 255 255 255 255 255 255 255 
255 255 255 255 255 255 255 255 255 255 255 255 255 255 255 255 255 255 255 255 255 255 255 255 255 255 255 255 255 255 255 255 255 255 255 255 255 255 255 255 255 255 255 255 255 255 255 255 255 255 255 255 255 255 255 255 255 255 255 255 255 255 255 255 255 255 255 255 255 255 255 255 
255 255 255 255 255 255 255 255 255 255 255 255 255 255 255 255 255 255 255 255 255 255 255 255 255 255 255 255 255 255 255 255 255 255 255 255 255 255 255 255 255 255 255 255 255 255 255 255 255 255 255 255 255 255 255 255 255 255 255 255 255 255 255 255 255 255 255 255 255 255 255 255 
255 255 255 255 255 255 255 255 255 255 255 255 255 255 255 255 255 255 255 255 255 255 255 255 255 255 255 255 255 255 255 255 255 255 255 255 255 255 255 255 255 255 255 255 255 255 255 255 255 255 255 255 255 255 255 255 255 255 255 255 255 255 255 255 255 255 255 255 255 255 255 255 
255 255 255 255 255 255 255 255 255 255 255 255 255 255 255 255 255 255 255 255 255 255 255 255 255 255 255 255 255 255 255 255 255 255 255 255 255 255 255 255 255 255 255 255 255 255 255 255 255 255 255 255 255 255 255 255 255 255 255 255 255 255 255 255 255 255 255 255 255 255 255 255 
255 255 255 255 255 255 255 255 255 255 255 255 255 255 255 255 255 255 255 255 255 255 255 255 255 255 255 255 255 255 255 255 255 255 255 255 255 255 255 255 255 255 255 255 255 255 255 255 255 255 255 255 255 255 255 255 255 255 255 255 255 255 255 255 255 255 255 255 255 255 255 255 
255 255 255 255 255 255 255 255 255 255 255 255 255 255 255 255 255 255 255 255 255 255 255 255 255 255 255 255 255 255 255 255 255 255 255 255 255 255 255 255 255 255 255 255 255 255 255 255 255 255 255 255 255 255 255 255 255 255 255 255 255 255 255 255 255 255 255 255 255 255 255 255 
255 255 255 255 255 255 255 255 255 255 255 255 255 255 255 255 255 255 255 255 255 255 255 255 255 255 255 255 255 255 255 255 255 255 255 255 255 255 255 255 255 255 255 255 255 255 255 255 255 255 255 255 255 255 255 255 255 255 255 255 255 255 255 255 255 255 255 255 255 255 255 255 
255 255 255 255 255 255 255 255 255 255 255 255 255 255 255 255 255 255 255 255 255 255 255 255 255 255 255 255 255 255 255 255 255 255 255 255 255 255 255 255 255 255 255 255 255 255 255 255 255 255 255 255 255 255 255 255 255 255 255 255 255 255 255 255 255 255 255 255 255 255 255 255 
255 255 255 255 255 255 255 255 255 255 255 255 255 255 255 255 255 255 255 255 255 255 255 255 255 255 255 255 255 255 255 255 255 255 255 255 255 255 255 255 255 255 255 255 255 255 255 255 255 255 255 255 255 255 255 255 255 255 255 255 255 255 255 255 255 255 255 255 255 255 255 255 
255 255 255 255 255 255 255 255 255 255 255 255 255 255 255 255 255 255 255 255 255 255 255 255 255 255 255 255 255 255 255 255 255 255 255 255 255 255 255 255 255 255 255 255 255 255 255 255 255 255 255 255 255 255 255 255 255 255 255 255 255 255 255 255 255 255 255 255 255 255 255 255 
255 255 255 255 255 255 255 255 255 255 255 255 255 255 255 255 255 255 255 255 255 255 255 255 255 255 255 255 255 255 255 255 255 255 255 255 255 255 255 255 255 255 255 255 255 255 255 255 255 255 255 255 255 255 255 255 255 255 255 255 255 255 255 255 255 255 255 255 255 255 255 255 
255 255 255 255 255 255 255 255 255 255 255 255 255 255 255 255 255 255 255 255 255 255 255 255 255 255 255 255 255 255 255 255 255 255 255 255 255 255 255 255 255 255 255 255 255 255 255 255 255 255 255 255 255 255 255 255 255 255 255 255 255 255 255 255 255 255 255 255 255 255 255 255 
255 255 255 255 255 255 255 255 255 255 255 255 255 255 255 255 255 255 255 255 255 255 255 255 255 255 255 255 255 255 255 255 255 255 255 255 255 255 255 255 255 255 255 255 255 255 255 255 255 255 255 255 255 255 255 255 255 255 255 255 255 255 255 255 255 255 255 255 255 255 255 255 
255 255 255 255 255 255 255 255 255 255 255 255 255 255 255 255 255 255 255 255 255 255 255 255 255 255 255 255 255 255 255 255 255 255 255 255 255 255 255 255 255 255 255 255 255 255 255 255 255 255 255 255 255 255 255 255 255 255 255 255 255 255 255 255 255 255 255 255 255 255 255 255 
255 255 255 255 255 255 255 255 255 255 255 255 255 255 255 255 255 255 255 255 255 255 255 255 255 255 255 255 255 255 255 255 255 255 255 255 255 255 255 255 255 255 255 255 255 255 255 255 255 255 255 255 255 255 255 255 255 255 255 255 255 255 255 255 255 255 255 255 255 255 255 255 
255 255 255 255 255 255 255 255 255 255 255 255 255 255 255 255 255 255 255 255 255 255 255 255 255 255 255 255 255 255 255 255 255 255 255 255 255 255 255 255 255 255 255 255 255 255 255 255 255 255 255 255 255 255 255 255 255 255 255 255 255 255 255 255 255 255 255 255 255 255 255 255 
255 255 255 255 255 255 255 255 255 255 255 255 255 255 255 255 255 255 255 255 255 255 255 255 255 255 255 255 255 255 255 255 255 255 255 255 255 255 255 255 255 255 255 255 255 255 255 255 255 255 255 255 255 255 255 255 255 255 255 255 255 255 255 255 255 255 255 255 255 255 255 255 
255 255 255 255 255 255 255 255 255 255 255 255 255 255 255 255 255 255 255 255 255 255 255 255 255 255 255 255 255 255 255 255 255 255 255 255 255 255 255 255 255 255 255 255 255 255 255 255 255 255 255 255 255 255 255 255 255 255 255 255 255 255 255 255 255 255 255 255 255 255 255 255 
255 255 255 255 255 255 255 255 255 255 255 255 255 255 255 255 255 255 255 255 255 255 255 255 255 255 255 255 255 255 255 255 255 255 255 255 255 255 255 255 255 255 255 255 255 255 255 255 255 255 255 255 255 255 255 255 255 255 255 255 255 255 255 255 255 255 255 255 255 255 255 255 
255 255 255 255 255 255 255 255 255 255 255 255 255 255 255 255 255 255 255 255 255 255 255 255 255 255 255 255 255 255 255 255 255 255 255 255 255 255 255 255 255 255 255 255 255 255 255 255 255 255 255 255 255 255 255 255 255 255 255 255 255 255 255 255 255 255 255 255 255 255 255 255 
255 255 255 255 255 255 255 255 255 255 255 255 255 255 255 255 255 255 255 255 255 255 255 255 255 255 255 255 255 255 255 255 255 255 255 255 255 255 255 255 255 255 255 255 255 255 255 255 255 255 255 255 255 255 255 255 255 255 255 255 255 255 255 255 255 255 255 255 255 255 255 255 
255 255 255 255 255 255 255 255 255 255 255 255 255 255 255 255 255 255 255 255 255 255 255 255 255 255 255 255 255 255 255 255 255 255 255 255 255 255 255 255 255 255 255 255 255 255 255 255 255 233 135 105 076 056 253 255 255 255 255 255 255 255 255 255 255 255 255 255 255 255 255 255 
074 157 236 255 255 255 255 255 255 255 255 255 255 255 255 255 255 255 255 255 255 255 255 255 255 255 255 255 255 255 255 255 255 255 255 255 255 255 255 255 255 255 255 255 255 255 255 255 255 244 007 000 000 000 213 255 255 255 255 255 255 255 255 255 255 255 255 255 255 255 255 255 
000 031 184 255 255 255 255 255 241 253 255 255 255 255 255 255 255 255 255 255 255 255 255 255 255 241 253 255 255 255 255 255 255 255 255 255 255 255 255 255 255 255 255 255 255 255 255 255 255 255 070 000 000 000 163 255 255 255 255 255 255 255 255 255 255 255 255 255 255 255 255 255 
000 157 255 255 255 255 255 255 052 002 019 040 052 054 056 058 060 061 058 055 052 049 044 025 006 061 254 255 255 255 255 255 255 255 255 255 255 255 255 255 255 255 255 255 255 255 255 255 255 255 120 000 000 000 132 255 255 255 255 255 255 255 255 255 255 255 255 255 255 255 255 255 
000 000 080 227 255 255 255 255 052 000 000 000 000 000 000 000 000 000 000 000 000 000 000 000 015 220 255 255 255 255 255 255 255 255 166 115 131 147 162 176 178 180 182 184 186 187 189 191 193 195 122 000 000 000 083 195 193 190 187 185 182 179 176 174 171 161 145 130 114 166 255 255 
000 000 000 012 141 252 255 255 052 000 000 000 000 000 000 000 000 000 000 000 000 000 000 000 176 255 255 255 255 255 255 255 255 255 104 000 000 000 000 000 000 000 000 000 000 000 000 000 000 000 000 000 000 000 000 000 000 000 000 000 000 000 000 000 000 000 000 000 000 106 255 255 
164 011 000 000 000 048 205 255 154 144 163 182 193 196 198 200 202 204 206 161 001 000 000 116 255 255 255 255 255 255 255 255 255 255 104 000 000 000 000 000 000 000 000 000 000 000 000 000 000 000 000 000 000 000 000 000 000 000 000 000 000 000 000 000 000 000 000 000 000 106 255 255 
255 213 040 000 000 000 004 120 248 255 255 255 255 255 255 255 255 255 238 034 000 000 060 251 255 255 255 255 255 255 255 255 255 255 104 000 000 004 051 051 051 051 051 051 051 051 051 051 051 051 051 051 051 051 051 051 051 051 051 051 051 051 051 051 051 051 006 000 000 106 255 255 
255 255 243 088 000 000 000 000 040 199 255 255 255 255 255 255 255 254 074 000 000 021 228 255 255 255 255 255 255 255 255 255 255 255 104 000 000 022 255 255 255 255 255 255 255 255 255 255 255 255 255 255 255 255 255 255 255 255 255 255 255 255 255 255 255 255 031 000 000 106 255 255 
255 255 255 255 131 001 000 000 036 221 255 255 186 173 255 255 255 128 000 000 003 188 255 255 255 255 255 255 255 255 255 255 255 255 104 000 000 022 255 255 255 255 255 255 255 243 095 098 251 255 255 255 255 255 255 255 101 072 170 249 255 255 255 255 255 255 031 000 000 106 255 255 
255 255 255 255 255 168 008 019 219 255 255 209 014 000 093 241 181 001 000 000 142 255 255 255 255 255 255 255 255 255 255 255 255 255 104 000 000 022 255 255 255 255 255 255 194 035 000 000 064 225 255 255 255 255 255 126 000 000 000 022 132 238 255 255 255 255 031 000 000 106 255 255 
196 191 186 175 142 193 199 175 255 255 254 054 000 000 000 033 017 000 000 093 255 255 255 255 255 255 255 255 255 255 255 255 255 255 104 000 000 022 255 255 255 253 173 057 000 000 000 000 000 015 224 255 255 255 239 083 007 000 000 000 000 012 114 228 255 255 120 100 100 165 255 255 
000 000 000 000 000 140 255 255 255 255 255 242 115 001 000 000 000 000 053 247 255 255 255 255 255 255 255 255 255 255 255 255 255 255 236 222 222 225 255 245 148 035 000 000 000 000 007 105 211 245 255 255 255 255 255 255 239 139 020 000 000 000 000 006 100 228 255 255 255 255 255 255 
000 000 000 000 000 140 255 255 255 255 255 255 255 183 019 000 000 000 070 240 255 255 255 255 255 255 255 255 255 255 255 255 255 255 255 255 239 122 066 012 000 000 000 000 009 111 229 255 255 255 255 255 255 255 255 255 255 255 243 132 017 000 000 000 000 010 124 247 255 255 255 255 
008 146 135 123 094 172 255 255 255 255 255 255 255 255 225 054 000 000 000 083 255 255 255 255 255 255 255 255 255 255 255 255 255 255 255 255 255 140 000 000 000 000 043 140 233 255 255 255 255 255 255 255 255 255 255 255 246 255 255 255 240 126 013 000 000 000 077 253 255 255 255 255 
013 255 255 255 255 255 255 255 255 255 255 255 255 255 255 249 080 000 071 241 255 255 255 255 255 255 255 255 255 255 255 255 255 255 255 255 255 255 091 000 014 176 255 255 255 255 255 255 255 255 255 255 255 255 255 255 054 029 059 070 091 255 235 086 000 044 242 255 255 255 255 255 
013 255 255 255 255 255 255 255 191 151 172 193 202 205 208 210 208 112 214 213 208 204 199 195 189 162 131 113 255 255 255 255 255 255 255 255 255 255 228 016 000 005 080 191 255 255 255 255 255 255 255 255 255 255 255 255 079 000 000 000 130 255 255 255 170 222 255 255 255 255 255 255 
013 255 255 254 241 213 224 255 119 000 000 000 000 000 000 000 000 000 000 000 000 000 000 000 000 000 000 082 255 255 255 255 255 255 255 255 255 255 121 000 000 000 055 194 255 255 150 205 255 255 255 255 255 255 255 255 082 000 000 002 234 255 255 255 255 255 255 255 255 255 255 255 
001 015 007 000 000 000 127 255 119 000 000 000 000 000 000 000 000 000 000 000 000 000 000 000 000 000 000 158 255 255 255 255 255 255 255 255 255 228 009 000 000 058 243 255 255 231 007 000 074 163 241 255 255 255 255 255 074 000 000 050 255 255 255 255 255 255 255 255 255 255 255 255 
000 000 000 000 000 000 127 255 119 004 019 030 037 043 050 001 000 000 024 064 064 064 064 024 000 000 001 233 255 255 255 255 255 255 255 255 255 098 000 000 049 240 255 255 255 108 000 000 000 026 159 249 255 255 255 255 066 000 000 081 255 255 255 255 255 255 255 248 245 255 255 255 
001 025 016 007 000 000 127 255 251 255 255 255 255 255 255 007 000 000 097 255 255 255 253 031 000 000 054 255 255 255 255 255 255 255 255 255 182 002 000 018 225 255 255 255 195 001 000 000 023 224 255 076 022 049 056 063 016 000 000 025 066 064 062 060 058 049 021 000 165 255 255 255 
013 255 255 255 247 221 229 255 255 255 255 255 255 255 255 007 000 000 097 255 255 255 176 000 000 000 130 255 255 255 255 255 255 255 255 223 018 000 001 180 255 255 255 247 038 000 000 010 203 255 255 075 000 000 000 000 000 000 000 000 000 000 000 000 000 000 000 000 184 255 255 255 
013 255 255 255 255 255 255 255 255 255 255 255 255 255 255 007 000 000 097 255 255 255 069 000 000 000 206 255 255 255 255 255 255 255 211 046 000 000 077 188 174 158 142 081 000 000 002 177 255 255 255 075 000 000 000 000 000 000 000 000 000 000 000 000 000 000 000 000 202 255 255 255 
013 255 255 255 255 255 255 255 255 255 255 255 255 255 255 007 000 000 097 255 255 230 008 000 000 027 255 255 255 255 255 255 255 221 002 000 000 000 000 000 000 000 000 000 000 000 147 255 255 255 255 151 142 175 183 189 004 000 000 134 192 192 192 192 142 000 000 000 221 255 255 255 
012 216 210 204 196 173 184 255 255 255 255 255 255 255 255 007 000 000 097 255 255 255 248 193 131 144 255 255 255 255 255 255 255 255 067 000 000 000 000 000 000 000 000 000 000 112 255 255 255 255 255 255 255 255 255 236 000 000 000 204 255 255 255 255 168 000 000 000 240 255 255 255 
000 000 000 000 000 000 100 255 255 255 255 255 255 255 255 007 000 000 097 255 255 255 255 255 255 255 255 255 255 255 255 255 255 255 127 010 086 132 171 195 206 036 000 000 069 252 255 255 255 255 255 255 255 255 255 208 000 000 000 233 255 255 255 255 146 000 000 004 255 255 255 255 
000 000 000 000 000 000 130 255 255 255 255 255 255 255 255 007 000 000 097 255 255 255 255 255 255 255 255 255 255 255 255 255 255 255 228 240 255 255 255 255 089 000 000 032 236 255 255 255 255 255 255 255 255 255 255 168 000 000 013 255 255 255 255 255 124 000 000 022 255 255 255 255 
085 085 085 015 000 000 143 255 255 255 255 255 255 255 255 007 000 000 097 255 255 255 255 255 255 255 255 255 255 255 255 255 255 255 255 255 255 255 255 138 000 000 009 206 255 194 093 092 255 255 255 255 255 255 255 103 000 000 069 255 255 255 255 255 102 000 000 041 255 255 255 255 
255 255 255 044 000 000 148 255 255 255 255 255 255 255 255 007 000 000 097 255 255 255 255 255 255 255 255 255 255 255 255 255 255 255 255 255 255 255 184 002 000 000 161 255 167 000 000 000 195 255 255 255 255 255 255 038 000 000 130 255 255 255 255 255 080 000 000 059 255 255 255 255 
255 255 255 044 000 000 149 255 255 255 255 255 255 255 255 007 000 000 097 255 255 255 255 255 255 255 255 255 255 255 255 255 255 255 255 255 255 199 013 000 000 108 255 255 252 040 000 000 054 254 255 255 255 255 229 000 000 000 190 255 255 255 255 255 058 000 000 078 255 255 255 255 
255 255 255 044 000 000 149 255 255 255 255 255 255 255 255 007 000 000 097 255 255 255 255 255 255 255 255 255 255 255 255 255 255 255 255 255 202 015 000 000 060 250 255 255 255 157 000 000 000 181 255 255 255 255 162 000 000 005 245 255 255 255 255 255 035 000 000 097 255 255 255 255 
255 255 255 044 000 000 149 255 255 255 255 255 255 255 255 007 000 000 097 255 255 255 255 255 255 255 255 255 255 255 255 255 255 255 255 204 017 000 000 026 231 255 255 249 210 160 002 000 000 072 255 255 255 251 041 000 000 063 255 255 255 255 255 255 013 000 000 116 255 255 255 255 
189 189 189 033 000 000 149 255 255 255 255 255 255 255 255 007 000 000 097 255 255 255 255 255 255 255 255 255 255 255 255 255 255 244 132 007 000 000 000 063 088 062 036 004 000 000 000 000 000 001 218 255 255 142 000 000 000 183 255 255 255 255 255 247 000 000 000 135 255 255 255 255 
000 000 000 000 000 000 148 255 255 255 255 255 255 255 255 006 000 000 097 255 255 255 255 255 255 255 255 255 255 255 255 255 255 246 027 000 000 000 000 000 000 000 000 000 000 000 011 000 000 002 161 255 233 015 000 000 056 255 255 255 255 255 255 225 000 000 000 154 255 255 255 255 
000 000 000 000 000 000 141 255 255 233 246 255 255 255 194 000 000 000 097 255 255 255 255 255 255 255 255 255 255 255 255 255 255 255 123 000 000 000 000 000 001 035 081 127 173 219 254 047 067 207 255 247 075 000 000 000 185 255 255 255 255 255 255 177 000 000 000 177 255 255 255 255 
139 139 139 024 000 000 131 255 255 231 032 031 052 051 002 000 000 000 100 255 255 255 255 255 255 255 255 255 255 255 255 255 255 255 217 000 022 085 147 199 244 255 255 255 255 255 255 227 255 255 238 060 000 000 000 067 255 255 215 202 225 238 201 049 000 000 000 218 255 255 255 255 
255 255 255 044 000 000 103 255 255 255 156 000 000 000 000 000 000 000 145 255 255 255 255 255 255 255 255 255 255 255 255 255 255 255 255 155 249 255 255 255 255 255 255 255 255 255 255 255 255 226 042 000 000 000 043 238 255 255 225 006 000 000 000 000 000 000 044 255 255 255 255 255 
255 255 255 083 046 046 107 255 255 255 249 026 000 000 000 000 000 048 238 255 255 255 255 255 255 255 255 255 255 255 255 255 255 255 255 255 255 255 255 255 255 255 255 255 255 255 255 255 179 027 000 000 000 029 227 255 255 255 255 076 000 000 000 000 000 005 165 255 255 255 255 255 
255 255 255 255 255 255 255 255 255 255 255 099 000 000 021 082 155 252 255 255 255 255 255 255 255 255 255 255 255 255 255 255 255 255 255 255 255 255 255 255 255 255 255 255 255 255 254 107 000 000 000 000 017 213 255 255 255 255 255 160 000 000 000 003 056 195 255 255 255 255 255 255 
255 255 255 255 255 255 255 255 255 255 255 200 181 219 255 255 255 255 255 255 255 255 255 255 255 255 255 255 255 255 255 255 255 255 255 255 255 255 255 255 255 255 255 255 255 255 255 254 159 020 000 033 208 255 255 255 255 255 255 209 073 117 173 239 255 255 255 255 255 255 255 255 
255 255 255 255 255 255 255 255 255 255 255 255 255 255 255 255 255 255 255 255 255 255 255 255 255 255 255 255 255 255 255 255 255 255 255 255 255 255 255 255 255 255 255 255 255 255 255 255 255 229 100 237 255 255 255 255 255 255 255 255 255 255 255 255 255 255 255 255 255 255 255 255 
255 255 255 255 255 255 255 255 255 255 255 255 255 255 255 255 255 255 255 255 255 255 255 255 255 255 255 255 255 255 255 255 255 255 255 255 255 255 255 255 255 255 255 255 255 255 255 255 255 255 255 255 255 255 255 255 255 255 255 255 255 255 255 255 255 255 255 255 255 255 255 255 
255 255 255 255 255 255 255 255 255 255 255 255 255 255 255 255 255 255 255 255 255 255 255 255 255 255 255 255 255 255 255 255 255 255 255 255 255 255 255 255 255 255 255 255 255 255 255 255 255 255 255 255 255 255 255 255 255 255 255 255 255 255 255 255 255 255 255 255 255 255 255 255 
255 255 255 255 255 255 255 255 255 255 255 255 255 255 255 255 255 255 255 255 255 255 255 255 255 255 255 255 255 255 255 255 255 255 255 255 255 255 255 255 255 255 255 255 255 255 255 255 255 255 255 255 255 255 255 255 255 255 255 255 255 255 255 255 255 255 255 255 255 255 255 255 
255 255 255 255 255 255 255 255 255 255 255 255 255 255 255 255 255 255 255 255 255 255 255 255 255 255 255 255 255 255 255 255 255 255 255 255 255 255 255 255 255 255 255 255 255 255 255 255 255 255 255 255 255 255 255 255 255 255 255 255 255 255 255 255 255 255 255 255 255 255 255 255 
255 255 255 255 255 255 255 255 255 255 255 255 255 255 255 255 255 255 255 255 255 255 255 255 255 255 255 255 255 255 255 255 255 255 255 255 255 255 255 255 255 255 255 255 255 255 255 255 255 255 255 255 255 255 255 255 255 255 255 255 255 255 255 255 255 255 255 255 255 255 255 255 
255 255 255 255 255 255 255 255 255 255 255 255 255 255 255 255 255 255 255 255 255 255 255 255 255 255 255 255 255 255 255 255 255 255 255 255 255 255 255 255 255 255 255 255 255 255 255 255 255 255 255 255 255 255 255 255 255 255 255 255 255 255 255 255 255 255 255 255 255 255 255 255 
255 255 255 255 255 255 255 255 255 255 255 255 255 255 255 255 255 255 255 255 255 255 255 255 255 255 255 255 255 255 255 255 255 255 255 255 255 255 255 255 255 255 255 255 255 255 255 255 255 255 255 255 255 255 255 255 255 255 255 255 255 255 255 255 255 255 255 255 255 255 255 255 
255 255 255 255 255 255 255 255 255 255 255 255 255 255 255 255 255 255 255 255 255 255 255 255 255 255 255 255 255 255 255 255 255 255 255 255 255 255 255 255 255 255 255 255 255 255 255 255 255 255 255 255 255 255 255 255 255 255 255 255 255 255 255 255 255 255 255 255 255 255 255 255 
255 255 255 255 255 255 255 255 255 255 255 255 255 255 255 255 255 255 255 255 255 255 255 255 255 255 255 255 255 255 255 255 255 255 255 255 255 255 255 255 255 255 255 255 255 255 255 255 255 255 255 255 255 255 255 255 255 255 255 255 255 255 255 255 255 255 255 255 255 255 255 255 
255 255 255 255 255 255 255 255 255 255 255 255 255 255 255 255 255 255 255 255 255 255 255 255 255 255 255 255 255 255 255 255 255 255 255 255 255 255 255 255 255 255 255 255 255 255 255 255 255 255 255 255 255 255 255 255 255 255 255 255 255 255 255 255 255 255 255 255 255 255 255 255 
255 255 255 255 255 255 255 255 255 255 255 255 255 255 255 255 255 255 255 255 255 255 255 255 255 255 255 255 255 255 255 255 255 255 255 255 255 255 255 255 255 255 255 255 255 255 255 255 255 255 255 255 255 255 255 255 255 255 255 255 255 255 255 255 255 255 255 255 255 255 255 255 
255 255 255 255 255 255 255 255 255 255 255 255 255 255 255 255 255 255 255 255 255 255 255 255 255 255 255 255 255 255 255 255 255 255 255 255 255 255 255 255 255 255 255 255 255 255 255 255 255 255 255 255 255 255 255 255 255 255 255 255 255 255 255 255 255 255 255 255 255 255 255 255 
255 255 255 255 255 255 255 255 255 255 255 255 255 255 255 255 255 255 255 255 255 255 255 255 255 255 255 255 255 255 255 255 255 255 255 255 255 255 255 255 255 255 255 255 255 255 255 255 255 255 255 255 255 255 255 255 255 255 255 255 255 255 255 255 255 255 255 255 255 255 255 255 
255 255 255 255 255 255 255 255 255 255 255 255 255 255 255 255 255 255 255 255 255 255 255 255 255 255 255 255 255 255 255 255 255 255 255 255 255 255 255 255 255 255 255 255 255 255 255 255 255 255 255 255 255 255 255 255 255 255 255 255 255 255 255 255 255 255 255 255 255 255 255 255 
255 255 255 255 255 255 255 255 255 255 255 255 255 255 255 255 255 255 255 255 255 255 255 255 255 255 255 255 255 255 255 255 255 255 255 255 255 255 255 255 255 255 255 255 255 255 255 255 255 255 255 255 255 255 255 255 255 255 255 255 255 255 255 255 255 255 255 255 255 255 255 255 
255 255 255 255 255 255 255 255 255 255 255 255 255 255 255 255 255 255 255 255 255 255 255 255 255 255 255 255 255 255 255 255 255 255 255 255 255 255 255 255 255 255 255 255 255 255 255 255 255 255 255 255 255 255 255 255 255 255 255 255 255 255 255 255 255 255 255 255 255 255 255 255 
255 255 255 255 255 255 255 255 255 255 255 255 255 255 255 255 255 255 255 255 255 255 255 255 255 255 255 255 255 255 255 255 255 255 255 255 255 255 255 255 255 255 255 255 255 255 255 255 255 255 255 255 255 255 255 255 255 255 255 255 255 255 255 255 255 255 255 255 255 255 255 255 
255 255 255 255 255 255 255 255 255 255 255 255 255 255 255 255 255 255 255 255 255 255 255 255 255 255 255 255 255 255 255 255 255 255 255 255 255 255 255 255 255 255 255 255 255 255 255 255 255 255 255 255 255 255 255 255 255 255 255 255 255 255 255 255 255 255 255 255 255 255 255 255 
255 255 255 255 255 255 255 255 255 255 255 255 255 255 255 255 255 255 255 255 255 255 255 255 255 255 255 255 255 255 255 255 255 255 255 255 255 255 255 255 255 255 255 255 255 255 255 255 255 255 255 255 255 255 255 255 255 255 255 255 255 255 255 255 255 255 255 255 255 255 255 255 
255 255 255 255 255 255 255 255 255 255 255 255 255 255 255 255 255 255 255 255 255 255 255 255 255 255 255 255 255 255 255 255 255 255 255 255 255 255 255 255 255 255 255 255 255 255 255 255 255 255 255 255 255 255 255 255 255 255 255 255 255 255 255 255 255 255 255 255 255 255 255 255 
255 255 255 255 255 255 255 255 255 255 255 255 255 255 255 255 255 255 255 255 255 255 255 255 255 255 255 255 255 255 255 255 255 255 255 255 255 255 255 255 255 255 255 255 255 255 255 255 255 255 255 255 255 255 255 255 255 255 255 255 255 255 255 255 255 255 255 255 255 255 255 255 
255 255 255 255 255 255 255 255 255 255 255 255 255 255 255 255 255 255 255 255 255 255 255 255 255 255 255 255 255 255 255 255 255 255 255 255 255 255 255 255 255 255 255 255 255 255 255 255 255 255 255 255 255 255 255 255 255 255 255 255 255 255 255 255 255 255 255 255 255 255 255 255 
255 255 255 255 255 255 255 255 255 255 255 255 255 255 255 255 255 255 255 255 255 255 255 255 255 255 255 255 255 255 255 255 255 255 255 255 255 255 255 255 255 255 255 255 255 255 255 255 255 255 255 255 255 255 255 255 255 255 255 255 255 255 255 255 255 255 255 255 255 255 255 255 
255 255 255 255 255 255 255 255 255 255 255 255 255 255 255 255 255 255 255 255 255 255 255 255 255 255 255 255 255 255 255 255 255 255 255 255 255 255 255 255 255 255 255 255 255 255 255 255 255 255 255 255 255 255 255 255 255 255 255 255 255 255 255 255 255 255 255 255 255 255 255 255 
255 255 255 255 255 255 255 255 255 255 255 255 255 255 255 255 255 255 255 255 255 255 255 255 255 255 255 255 255 255 255 255 255 255 255 255 255 255 255 255 255 255 255 255 255 255 255 255 255 255 255 255 255 255 255 255 255 255 255 255 255 255 255 255 255 255 255 255 255 255 255 255 
255 255 255 255 255 255 255 255 255 255 255 255 255 255 255 255 255 255 255 255 255 255 255 255 255 255 255 255 255 255 255 255 255 255 255 255 255 255 255 255 255 255 255 255 255 255 255 255 255 255 255 255 255 255 255 255 255 255 255 255 255 255 255 255 255 255 255 255 255 255 255 255 
255 255 255 255 255 255 255 255 255 255 255 255 255 255 255 255 255 255 255 255 255 255 255 255 255 255 255 255 255 255 255 255 255 255 255 255 255 255 255 255 255 255 255 255 255 255 255 255 255 255 255 255 255 255 255 255 255 255 255 255 255 255 255 255 255 255 255 255 255 255 255 255 
255 255 255 255 255 255 255 255 255 255 255 255 255 239 202 217 255 255 255 255 255 255 255 255 255 255 255 255 255 255 255 255 255 255 255 255 255 255 255 255 255 255 255 255 255 255 255 255 255 255 255 255 255 255 255 255 255 255 255 255 255 255 255 255 255 255 255 255 255 255 255 255 
255 255 255 255 255 255 255 255 255 255 255 161 018 000 000 088 255 255 255 255 255 255 255 255 255 255 255 255 255 255 255 255 255 255 255 255 255 255 255 255 255 255 255 255 255 255 255 255 255 255 255 255 255 255 255 255 255 255 255 255 255 255 255 255 255 255 255 255 255 255 255 255 
255 255 255 255 255 255 255 255 255 255 255 223 001 000 000 022 254 255 255 255 255 255 255 255 255 255 255 255 255 255 255 255 255 255 255 255 255 255 255 255 255 255 255 255 255 255 255 255 255 255 255 255 255 255 255 255 255 255 255 255 255 255 255 255 255 255 255 255 255 255 255 255 
207 194 179 211 255 255 255 255 255 255 255 255 057 000 000 000 206 255 255 255 255 255 255 255 255 255 255 255 255 255 255 255 255 255 255 255 255 255 255 255 255 255 255 255 255 255 255 255 255 255 255 255 255 255 255 255 255 255 255 255 255 255 255 255 255 255 255 255 255 255 255 255 
000 000 007 221 251 255 255 255 255 255 255 255 134 000 000 000 133 255 255 255 255 255 255 255 252 255 255 255 255 255 255 255 255 255 255 255 255 255 255 255 255 255 255 255 255 255 255 255 255 255 255 255 255 255 255 255 255 255 255 255 255 255 255 255 255 255 255 255 255 255 255 255 
000 000 125 255 093 008 027 046 056 061 065 070 053 000 000 000 025 071 065 060 054 048 032 014 001 240 255 255 255 255 255 255 255 255 255 255 255 255 255 255 255 255 255 255 255 255 255 255 255 255 255 255 255 255 255 255 255 255 255 255 255 255 255 246 199 217 236 253 255 255 255 255 
000 031 246 255 093 000 000 000 000 000 000 000 000 000 000 000 000 000 000 000 000 000 000 000 000 240 255 255 255 255 255 255 255 255 255 255 255 255 255 255 255 255 255 255 255 255 255 255 255 255 255 255 255 255 255 255 255 255 255 255 255 255 255 219 000 000 000 001 011 012 014 016 
000 174 255 255 093 000 000 000 000 000 000 000 000 003 005 006 002 000 000 000 000 000 000 000 000 240 255 255 255 255 255 255 255 255 255 255 255 255 255 255 255 255 255 255 255 255 255 255 255 255 255 255 255 255 255 255 255 255 255 255 255 255 255 219 000 000 000 000 000 000 000 000 
071 255 255 255 201 187 209 226 231 235 164 040 203 255 255 255 255 251 245 239 233 227 219 198 175 250 255 255 255 255 255 255 255 255 255 255 255 255 255 255 255 255 255 255 255 255 255 255 255 255 255 255 255 255 255 255 255 255 255 255 255 255 255 219 000 000 000 000 000 000 000 000 
217 255 255 255 255 255 255 255 255 248 049 000 004 117 235 255 255 255 255 255 255 255 255 255 255 255 255 255 255 255 255 255 255 255 255 255 255 255 255 255 255 255 255 255 255 255 255 255 255 255 255 255 255 255 255 255 255 255 255 255 255 255 255 239 150 167 184 202 214 219 224 229 
255 255 255 255 255 255 255 255 255 104 000 000 000 043 153 255 229 070 175 255 255 255 255 255 255 255 255 255 255 255 255 255 255 255 255 255 255 255 255 255 255 255 255 255 255 255 255 255 255 255 255 255 255 255 255 255 255 255 255 255 255 255 255 255 255 255 255 255 255 255 255 255 
255 255 255 255 255 255 255 255 166 000 000 000 114 251 255 198 021 000 004 167 255 255 255 255 255 255 255 255 255 255 255 255 255 255 255 255 255 255 255 255 255 255 255 255 255 255 255 255 255 255 255 255 255 255 255 255 255 255 255 255 255 255 255 255 255 255 255 255 255 255 255 255 
255 255 255 255 255 255 255 195 010 000 000 112 255 255 255 239 047 000 000 002 160 255 255 255 255 255 255 255 255 255 255 255 255 255 255 255 255 255 255 255 255 255 255 255 255 255 255 255 255 255 255 255 255 255 255 255 255 255 255 255 255 255 255 255 255 255 255 255 255 255 255 255 
255 255 255 255 255 255 203 014 000 000 109 255 255 255 255 255 232 034 000 000 001 154 255 255 255 255 255 255 255 255 255 255 255 255 255 255 255 255 255 255 255 255 255 255 255 255 255 255 255 255 255 255 255 255 255 255 255 255 255 255 255 255 255 255 255 255 255 255 255 255 255 255 
255 255 255 255 255 199 018 000 001 135 255 255 255 255 255 255 245 190 008 000 000 002 167 255 255 255 255 255 255 255 255 255 255 255 255 255 255 255 255 255 255 255 255 255 255 255 255 255 255 255 255 255 255 255 255 255 255 255 255 255 255 255 255 255 255 255 255 255 255 255 255 255 
255 255 255 239 123 005 000 000 054 114 096 078 060 042 025 008 000 000 000 000 000 000 005 180 255 255 255 255 255 255 255 255 255 255 255 255 255 255 255 255 255 255 255 255 255 255 255 255 255 255 255 255 255 255 255 255 255 255 255 255 255 255 255 254 255 255 255 255 255 255 255 255 
255 255 255 143 000 000 000 000 000 000 000 000 000 000 000 000 000 000 000 000 000 000 000 009 192 255 255 255 255 255 255 255 255 255 255 255 255 255 255 255 255 255 255 255 255 255 255 255 255 255 255 255 255 255 255 255 255 255 255 255 255 255 255 096 005 017 028 039 050 060 061 063 
243 229 215 247 022 000 000 000 000 000 000 003 027 046 065 083 101 120 138 156 091 000 000 043 215 255 255 255 255 255 255 255 255 255 255 255 255 255 255 255 255 255 255 255 255 255 255 255 255 255 255 255 255 255 255 255 255 255 255 255 255 255 255 096 000 000 000 000 000 000 000 000 
000 000 075 255 088 048 085 119 152 186 219 250 255 255 255 255 255 255 255 255 248 047 093 245 255 255 255 255 255 255 255 255 255 255 255 255 255 255 255 255 255 255 255 255 255 255 255 255 255 255 255 255 255 255 255 255 255 255 255 255 255 255 255 096 000 000 000 000 000 000 000 000 
000 000 075 255 246 255 255 255 255 255 255 255 255 255 255 255 255 255 255 255 255 239 255 255 255 255 255 255 255 255 255 255 255 255 255 255 255 255 255 255 255 255 255 255 255 255 255 255 255 255 255 255 255 255 255 255 255 255 255 255 255 255 255 168 123 134 144 155 165 170 173 176 
001 000 075 255 255 252 255 255 255 255 247 240 255 255 255 255 255 154 169 208 205 233 255 255 255 255 255 255 255 255 255 255 255 255 255 255 255 255 255 255 255 255 255 255 255 255 255 255 255 255 255 255 255 255 255 255 255 255 255 255 255 255 255 255 255 255 255 255 255 255 255 255 
255 241 224 255 254 010 048 046 074 254 228 000 017 024 082 248 255 100 000 000 010 212 255 255 255 255 255 255 255 255 255 255 255 255 255 255 255 255 255 255 255 255 255 255 255 255 255 255 255 255 255 255 255 255 255 255 255 255 255 255 255 255 255 255 255 255 255 255 255 255 255 255 
255 255 255 255 255 011 000 000 139 255 255 010 000 000 201 255 255 109 000 000 076 255 255 255 255 255 255 255 255 255 255 255 255 255 255 255 255 255 255 255 255 255 255 255 255 255 255 255 255 255 255 255 255 255 255 255 255 255 255 255 255 255 255 255 255 255 255 255 255 255 255 255 
255 255 255 255 255 022 000 000 155 255 255 017 000 000 224 255 255 111 000 000 103 255 255 255 255 255 255 255 255 255 255 255 255 255 255 255 255 255 255 255 255 255 255 255 255 255 255 255 255 255 255 255 255 255 255 255 255 255 255 255 255 255 255 255 255 255 255 255 255 255 255 255 
255 255 255 255 255 028 000 000 171 255 255 024 000 000 224 255 255 113 000 000 103 255 255 255 255 255 255 255 255 255 255 255 255 255 255 255 255 255 255 255 255 255 255 255 255 255 255 255 255 255 255 255 255 255 255 255 255 255 255 255 255 255 255 255 255 255 255 255 255 255 255 201 
255 255 255 255 255 016 000 000 186 255 255 025 000 000 224 255 255 113 000 000 103 255 255 255 255 255 255 255 255 255 255 255 255 255 255 255 255 255 255 255 255 255 255 255 255 255 255 255 255 255 255 255 255 255 255 255 255 255 255 255 255 255 255 255 255 255 255 255 255 255 147 006 
255 255 255 255 255 005 000 000 201 255 255 025 000 000 224 255 255 113 000 000 103 255 255 255 255 255 255 255 255 255 255 255 255 255 255 255 255 255 255 255 255 255 255 255 255 255 255 255 255 255 255 255 255 255 255 255 255 255 255 255 255 255 255 255 255 255 255 255 244 089 000 000 
255 255 255 255 248 000 000 000 217 255 255 025 000 000 224 255 255 113 000 000 103 255 255 255 255 255 255 255 255 255 255 255 255 255 255 255 255 255 255 255 255 255 255 255 255 255 255 255 255 255 255 255 255 255 255 255 255 255 255 255 255 255 255 255 255 255 253 164 034 000 000 000 
255 254 252 255 236 000 000 000 237 255 255 025 000 000 224 255 255 113 000 000 103 255 255 255 255 255 255 255 255 255 255 255 255 255 255 247 212 211 244 255 255 255 255 255 255 255 255 255 255 255 255 255 255 255 255 255 255 255 255 255 255 255 255 255 255 179 046 000 000 000 000 026 
106 027 216 255 219 000 000 020 255 255 255 025 000 000 224 255 255 113 000 000 103 255 255 255 255 255 255 255 255 255 255 255 255 236 113 017 000 000 014 108 231 255 255 255 255 255 255 255 255 255 255 255 255 255 255 255 255 255 255 255 255 255 244 157 054 000 000 000 000 000 059 227 
000 000 223 255 153 000 000 061 255 255 255 025 000 000 224 255 255 113 000 000 103 255 255 255 240 255 255 255 255 255 255 255 236 046 000 020 093 095 023 000 039 230 255 255 255 255 255 255 255 255 255 255 255 255 255 255 255 255 255 255 255 255 185 017 000 000 000 000 004 131 252 255 
000 000 192 255 076 000 000 102 255 255 255 025 000 000 224 255 255 113 000 000 103 255 255 255 144 105 239 255 255 255 255 255 081 000 101 248 255 255 250 113 000 065 255 255 255 255 255 255 255 255 255 255 255 255 255 255 255 255 255 255 255 255 255 198 010 000 000 036 201 255 255 255 
029 102 217 239 009 000 000 147 255 255 255 025 000 000 224 255 255 113 000 000 103 255 255 255 096 000 019 130 255 255 255 227 003 052 254 255 255 255 255 255 068 000 211 255 255 255 255 255 255 255 255 255 255 255 255 255 255 255 255 255 255 255 255 255 172 007 120 244 255 255 255 255 
255 255 255 109 000 000 006 233 255 255 255 025 000 000 224 255 255 113 000 000 102 255 255 252 030 000 000 100 255 255 255 160 000 149 255 255 255 255 255 255 169 000 139 255 255 255 255 255 255 255 255 255 255 255 255 255 255 255 255 255 255 255 255 255 255 228 255 255 255 255 255 255 
255 255 184 004 000 000 091 255 255 255 255 022 000 000 221 255 255 113 000 000 031 214 220 104 000 000 000 176 255 255 255 152 000 168 255 255 255 255 255 255 189 000 130 255 255 255 255 255 255 255 255 255 255 255 255 255 255 255 255 255 255 255 255 255 255 255 255 255 255 255 255 255 
255 190 010 000 000 000 200 255 255 255 255 011 000 000 211 255 255 115 000 000 000 000 000 000 000 000 019 250 255 255 255 186 000 106 255 255 255 255 255 255 136 000 155 255 255 255 255 255 255 255 255 255 255 255 255 255 255 255 255 255 255 255 255 255 255 255 255 255 255 255 255 255 
129 003 000 000 000 119 255 255 255 255 252 002 000 000 195 255 255 154 000 000 000 000 000 000 000 000 145 255 255 255 255 253 033 011 207 255 255 255 255 231 029 012 240 255 255 255 255 255 255 255 255 255 255 255 255 255 255 255 255 255 255 255 255 255 255 255 255 255 255 255 255 255 
000 000 000 000 094 255 255 255 255 255 226 000 000 000 163 255 255 243 088 010 000 000 000 007 058 153 255 255 255 255 255 255 169 002 018 142 227 233 162 036 000 122 255 255 255 255 255 255 255 255 255 255 255 255 255 255 255 255 255 255 255 255 255 255 255 255 255 255 255 255 255 255 
100 000 000 082 251 255 255 255 255 255 219 079 079 079 173 255 255 255 255 254 231 227 231 249 255 255 255 255 255 255 255 255 255 160 007 000 000 000 000 000 120 255 255 255 255 255 255 255 255 255 255 255 255 255 255 255 255 255 255 255 255 255 255 255 255 255 255 255 255 255 255 255 
255 161 151 255 255 255 255 255 255 255 255 255 255 255 255 255 255 255 255 255 255 255 255 255 255 255 255 255 255 255 255 255 255 255 234 133 076 074 122 215 255 255 255 255 255 255 255 255 255 255 255 255 255 255 255 255 255 255 255 255 255 255 255 255 255 255 255 255 255 255 255 255 
255 255 255 255 255 255 255 255 255 255 255 255 255 255 255 255 255 255 255 255 255 255 255 255 255 255 255 255 255 255 255 255 255 255 255 255 255 255 255 255 255 255 255 255 255 255 255 255 255 255 255 255 255 255 255 255 255 255 255 255 255 255 255 255 255 255 255 255 255 255 255 255 
255 255 255 255 255 255 255 255 255 255 255 255 255 255 255 255 255 255 255 255 255 255 255 255 255 255 255 255 255 255 255 255 255 255 255 255 255 255 255 255 255 255 255 255 255 255 255 255 255 255 255 255 255 255 255 255 255 255 255 255 255 255 255 255 255 255 255 255 255 255 255 255 
255 255 255 255 255 255 255 255 255 255 255 255 255 255 255 255 255 255 255 255 255 255 255 255 255 255 255 255 255 255 255 255 255 255 255 255 255 255 255 255 255 255 255 255 255 255 255 255 255 255 255 255 255 255 255 255 255 255 255 255 255 255 255 255 255 255 255 255 255 255 255 255 
255 255 255 255 255 255 255 255 255 255 255 255 255 255 255 255 255 255 255 255 255 255 255 255 255 255 255 255 255 255 255 255 255 255 255 255 255 255 255 255 255 255 255 255 255 255 255 255 255 255 255 255 255 255 255 255 255 255 255 255 255 255 255 255 255 255 255 255 255 255 255 255 
255 255 255 255 255 255 255 255 255 255 255 255 255 255 255 255 255 255 255 255 255 255 255 255 255 255 255 255 255 255 255 255 255 255 255 255 255 255 255 255 255 255 255 255 255 255 255 255 255 255 255 255 255 255 255 255 255 255 255 255 255 255 255 255 255 255 255 255 255 255 255 255 
255 255 255 255 255 255 255 255 255 255 255 255 255 255 255 255 255 255 255 255 255 255 255 255 255 255 255 255 255 255 255 255 255 255 255 255 255 255 255 255 255 255 255 255 255 255 255 255 255 255 255 255 255 255 255 255 255 255 255 255 255 255 255 255 255 255 255 255 255 255 255 255 
255 255 255 255 255 255 255 255 255 255 255 255 255 255 255 255 255 255 255 255 255 255 255 255 255 255 255 255 255 255 255 255 255 255 255 255 255 255 255 255 255 255 255 255 255 255 255 255 255 255 255 255 255 255 255 255 255 255 255 255 255 255 255 255 255 255 255 255 255 255 255 255 
255 255 255 255 255 255 255 255 255 255 255 255 255 255 255 255 255 255 255 255 255 255 255 255 255 255 255 255 255 255 255 255 255 255 255 255 255 255 255 255 255 255 255 255 255 255 255 255 255 255 255 255 255 255 255 255 255 255 255 255 255 255 255 255 255 255 255 255 255 255 255 255 
255 255 255 255 255 255 255 255 255 255 255 255 255 255 255 255 255 255 255 255 255 255 255 255 255 255 255 255 255 255 255 255 255 255 255 255 255 255 255 255 255 255 255 255 255 255 255 255 255 255 255 255 255 255 255 255 255 255 255 255 255 255 255 255 255 255 255 255 255 255 255 255 
255 255 255 255 255 255 255 255 255 255 255 255 255 255 255 255 255 255 255 255 255 255 255 255 255 255 255 255 255 255 255 255 255 255 255 255 255 255 255 255 255 255 255 255 255 255 255 255 255 255 255 255 255 255 255 255 255 255 255 255 255 255 255 255 255 255 255 255 255 255 255 255 
255 255 255 255 255 255 255 255 255 255 255 255 255 255 255 255 255 255 255 255 255 255 255 255 255 255 255 255 255 255 255 255 255 255 255 255 255 255 255 255 255 255 255 255 255 255 255 255 255 255 255 255 255 255 255 255 255 255 255 255 255 255 255 255 255 255 255 255 255 255 255 255 
255 255 255 255 255 255 255 255 255 255 255 255 255 255 255 255 255 255 255 255 255 255 255 255 255 255 255 255 255 255 255 255 255 255 255 255 255 255 255 255 255 255 255 255 255 255 255 255 255 255 255 255 255 255 255 255 255 255 255 255 255 255 255 255 255 255 255 255 255 255 255 255 
255 255 255 255 255 255 255 255 255 255 255 255 255 255 255 255 255 255 255 255 255 255 255 255 255 255 255 255 255 255 255 255 255 255 255 255 255 255 255 255 255 255 255 255 255 255 255 255 255 255 255 255 255 255 255 255 255 255 255 255 255 255 255 255 255 255 255 255 255 255 255 255 
255 255 255 255 255 255 255 255 255 255 255 255 255 255 255 255 255 255 255 255 255 255 255 255 255 255 255 255 255 255 255 255 255 255 255 255 255 255 255 255 255 255 255 255 255 255 255 255 255 255 255 255 255 255 255 255 255 255 255 255 255 255 255 255 255 255 255 255 255 255 255 255 
255 255 255 255 255 255 255 255 255 255 255 255 255 255 255 255 255 255 255 255 255 255 255 255 255 255 255 255 255 255 255 255 255 255 255 255 255 255 255 255 255 255 255 255 255 255 255 255 255 255 255 255 255 255 255 255 255 255 255 255 255 255 255 255 255 255 255 255 255 255 255 255 
255 255 255 255 255 255 255 255 255 255 255 255 255 255 255 255 255 255 255 255 255 255 255 255 255 255 255 255 255 255 255 255 255 255 255 255 255 255 255 255 255 255 255 255 255 255 255 255 255 255 255 255 255 255 255 255 255 255 255 255 255 255 255 255 255 255 255 255 255 255 255 255 
255 255 255 255 255 255 255 255 255 255 255 255 255 255 255 255 255 255 255 255 255 255 255 255 255 255 255 255 255 255 255 255 255 255 255 255 255 255 255 255 255 255 255 255 255 255 255 255 255 255 255 255 255 255 255 255 255 255 255 255 255 255 255 255 255 255 255 255 255 255 255 255 
255 255 255 255 255 255 255 255 255 255 255 255 255 255 255 255 255 255 255 255 255 255 255 255 255 255 255 255 255 255 255 255 255 255 255 255 255 255 255 255 255 255 255 255 255 255 255 255 255 255 255 255 255 255 255 255 255 255 255 255 255 255 255 255 255 255 255 255 255 255 255 255 
255 255 255 255 255 255 255 255 255 255 255 255 255 255 255 255 255 255 255 255 255 255 255 255 255 255 255 255 255 255 255 255 255 255 255 255 255 255 255 255 255 255 255 255 255 255 255 255 255 255 255 255 255 255 255 255 255 255 255 255 255 255 255 255 255 255 255 255 255 255 255 255 
255 255 255 255 255 255 255 255 255 255 255 255 255 255 255 255 255 255 255 255 255 255 255 255 255 255 255 255 255 255 255 255 255 255 255 255 255 255 255 255 255 255 255 255 255 255 255 255 255 255 255 255 255 255 255 255 255 255 255 255 255 255 255 255 255 255 255 255 255 255 255 255 
255 255 255 255 255 255 255 255 255 255 255 255 255 255 255 255 255 255 255 255 255 255 255 255 255 255 255 255 255 255 255 255 255 255 255 255 255 255 255 255 255 255 255 255 255 255 255 255 255 255 255 255 255 255 255 255 255 255 255 255 255 255 255 255 255 255 255 255 255 255 255 255 
255 255 255 255 255 255 255 255 255 255 255 255 255 255 255 255 255 255 255 255 255 255 255 255 255 255 255 255 255 255 255 255 255 255 255 255 255 255 255 255 255 255 255 255 255 255 255 255 255 255 255 255 255 255 255 255 255 255 255 255 255 255 255 255 255 255 255 255 255 255 255 255 
255 255 255 255 255 255 255 255 255 255 255 255 255 255 255 255 255 255 255 255 255 255 255 255 255 255 255 255 255 255 255 255 255 255 255 255 255 255 255 255 255 255 255 255 255 255 255 255 255 255 255 255 255 255 255 255 255 255 255 255 255 255 255 255 255 255 255 255 255 255 255 255 
255 255 255 255 255 255 255 255 255 255 255 255 255 255 255 255 255 255 255 255 255 255 255 255 255 255 255 255 255 255 255 255 255 255 255 255 255 255 255 255 255 255 255 255 255 255 255 255 255 255 255 255 255 255 255 255 255 255 255 255 255 255 255 255 255 255 255 255 255 255 255 255 
255 255 255 255 255 255 255 255 255 255 255 255 255 255 255 255 255 255 255 255 255 255 255 255 255 255 255 255 255 255 255 255 255 255 255 255 255 255 255 255 255 255 255 255 255 255 255 255 255 255 255 255 255 255 255 255 255 255 255 255 255 255 255 255 255 255 255 255 255 255 255 255 
255 255 255 255 255 255 255 255 255 255 255 255 255 255 255 255 255 255 255 255 255 255 255 255 255 255 255 255 255 255 255 255 255 255 255 255 255 255 255 255 255 255 255 255 255 255 255 255 255 255 255 255 255 255 255 255 255 255 255 255 255 255 255 255 255 255 255 255 255 255 255 255 
255 255 255 255 255 255 255 255 255 255 255 255 255 255 255 255 255 255 255 255 255 255 255 255 255 255 255 255 255 255 255 255 255 255 255 255 255 255 255 255 255 255 255 255 255 255 255 255 255 255 255 255 255 255 255 255 255 255 255 255 255 255 255 255 255 255 255 255 255 255 255 255 
255 255 255 255 255 255 255 255 255 255 255 255 255 255 255 255 255 255 255 255 255 255 255 255 255 255 255 255 255 255 255 255 255 255 255 255 255 255 255 255 255 255 255 255 255 255 255 255 255 255 255 255 255 255 255 255 255 255 255 255 255 255 255 255 255 255 255 255 255 255 255 255 
255 255 255 255 255 255 255 255 255 255 255 255 255 255 255 255 255 255 255 255 255 255 255 255 255 255 255 255 255 255 255 255 255 255 255 255 255 255 255 255 255 255 255 255 167 172 203 202 200 248 255 255 255 255 255 255 255 255 255 255 255 255 255 255 255 255 255 255 255 255 255 255 
255 255 232 255 255 255 255 255 255 254 110 167 224 254 255 255 255 255 255 255 255 255 255 255 255 255 255 255 255 255 255 255 255 255 255 255 255 255 255 255 255 255 255 255 087 000 000 000 006 211 255 255 255 255 255 255 255 255 255 255 255 255 255 255 255 255 255 255 255 255 255 255 
190 080 003 193 255 255 255 255 255 219 000 000 000 040 226 255 255 255 255 255 255 255 255 255 255 255 255 255 255 255 255 255 255 255 255 255 255 255 255 255 255 255 255 255 111 000 000 000 145 255 255 255 255 255 255 255 255 255 255 255 255 255 255 255 255 255 255 255 255 255 255 255 
025 000 000 057 255 255 255 255 255 169 000 000 004 210 255 255 255 255 255 255 255 255 255 255 255 255 255 255 255 255 255 255 255 255 255 255 255 255 255 255 255 255 255 255 111 000 000 000 213 255 255 255 255 255 255 255 255 255 255 255 255 255 255 255 255 255 255 255 255 255 255 255 
167 000 000 000 190 255 255 255 255 094 000 000 114 255 255 255 255 255 255 255 255 255 255 255 255 255 255 255 255 255 255 255 255 255 255 255 255 255 255 255 255 255 255 255 111 000 000 000 215 255 255 255 255 255 255 255 255 255 255 255 255 255 255 255 255 255 255 255 255 255 255 255 
255 046 000 018 157 255 255 255 249 015 000 012 236 255 255 255 255 255 255 255 255 255 255 255 255 255 255 255 255 255 255 255 255 255 255 255 255 255 255 255 255 255 255 255 111 000 000 000 215 255 255 255 255 255 255 255 255 255 255 255 255 255 255 255 255 255 255 255 255 255 255 255 
247 184 159 247 255 255 255 255 178 000 000 117 255 255 250 245 225 199 188 255 255 255 255 255 255 255 255 255 255 197 100 115 131 146 161 172 175 178 181 184 187 190 193 196 087 000 000 000 167 194 190 186 182 178 175 171 167 160 147 135 122 109 096 222 255 255 255 255 255 255 255 255 
000 000 001 002 004 005 007 008 005 000 000 006 004 000 000 000 000 000 039 255 255 255 255 255 255 255 255 255 255 165 000 000 000 000 000 000 000 000 000 000 000 000 000 000 000 000 000 000 000 000 000 000 000 000 000 000 000 000 000 000 000 000 000 203 255 255 255 255 255 255 255 255 
000 000 000 000 000 000 000 000 000 000 000 000 000 000 000 000 000 000 039 255 255 255 255 255 255 255 255 255 255 165 000 000 000 000 000 000 000 000 000 000 000 000 000 000 000 000 000 000 000 000 000 000 000 000 000 000 000 000 000 000 000 000 000 203 255 255 255 255 255 255 255 255 
056 059 063 067 071 022 000 000 043 072 070 068 067 065 063 047 025 004 039 255 255 255 255 255 255 255 255 255 255 165 000 000 000 002 015 023 025 027 029 031 032 034 036 038 017 000 000 000 033 037 035 033 031 029 028 026 024 018 006 000 000 000 000 203 255 255 255 255 255 255 255 255 
255 255 255 255 255 060 000 000 165 255 255 255 255 255 255 255 255 254 241 255 255 255 255 255 255 255 255 255 255 239 218 231 245 255 255 255 255 255 255 255 255 255 255 255 111 000 000 000 215 255 255 255 255 255 255 255 255 255 255 250 239 227 215 246 255 255 255 255 255 255 255 255 
255 255 255 255 255 031 000 000 192 255 255 255 255 255 255 255 255 255 255 255 255 255 255 255 255 255 255 255 255 255 255 255 255 255 255 255 255 255 255 255 255 255 255 255 111 000 000 000 215 255 255 255 255 255 255 112 180 254 255 255 255 255 255 255 255 255 255 255 255 255 255 255 
255 255 255 255 250 003 000 000 228 255 255 255 255 255 255 255 255 253 255 255 255 255 255 255 255 255 255 255 255 255 255 255 255 255 227 094 208 255 255 255 255 255 255 255 111 000 000 000 215 255 255 255 255 255 214 000 000 032 119 218 255 255 255 255 255 255 255 255 255 255 255 255 
055 071 072 074 069 000 000 000 074 074 073 072 071 070 054 029 006 186 255 255 255 255 255 255 255 255 255 255 255 255 255 255 252 141 012 000 020 210 255 255 255 255 255 255 111 000 000 000 215 255 255 255 255 255 087 000 000 000 010 182 255 255 255 255 255 255 255 255 255 255 255 255 
000 000 000 000 000 000 000 000 000 000 000 000 000 000 000 000 000 186 255 255 255 255 255 255 255 255 255 255 255 255 255 255 253 080 000 000 000 022 229 255 255 255 255 255 111 000 000 000 215 255 255 255 255 198 000 000 000 001 182 255 255 255 255 255 255 255 255 255 255 255 255 255 
000 000 000 002 003 000 000 003 007 006 005 004 003 001 000 000 000 186 255 255 255 255 255 255 255 255 255 255 255 255 255 255 255 244 035 000 000 000 068 254 255 255 255 255 111 000 000 000 215 255 255 255 254 056 000 000 000 114 255 255 255 255 255 255 255 255 255 255 255 255 255 255 
240 248 253 255 100 000 000 137 255 255 255 255 255 255 239 216 192 234 255 255 255 255 255 255 255 255 255 255 255 255 255 255 255 255 197 002 000 000 000 158 255 255 255 255 111 000 000 000 215 255 255 255 148 000 000 000 050 249 255 255 255 255 255 255 255 255 255 255 255 255 255 255 
255 255 255 255 050 000 000 183 255 255 255 255 255 255 255 255 255 255 255 255 255 255 255 255 255 255 255 255 255 255 255 255 255 255 255 117 000 002 117 249 255 255 255 255 111 000 000 000 215 255 255 213 008 000 000 006 215 255 255 255 255 255 255 255 255 255 255 255 255 255 255 255 
255 255 255 243 005 000 000 233 255 255 255 255 255 255 255 255 255 255 255 255 255 255 255 255 255 255 255 255 255 255 255 255 255 255 255 240 049 193 255 255 255 255 255 255 111 000 000 000 215 255 255 255 231 118 012 120 255 255 255 255 255 255 255 255 255 255 255 255 255 255 255 237 
