255 255 255 255 255 255 255 255 255 255 255 255 255 255 255 255 255 255 255 255 255 255 255 255 255 255 255 255 255 255 255 255 255 255 255 255 255 255 255 255 255 255 255 255 255 255 255 255 255 255 255 255 255 255 255 255 255 255 255 255 255 255 255 255 255 255 255 255 255 255 255 255 
255 255 255 255 255 255 255 255 255 255 255 255 255 255 255 255 255 255 255 255 255 255 255 255 255 255 255 255 255 255 255 255 255 255 255 255 255 255 255 255 255 255 255 255 255 255 255 255 255 255 255 255 255 255 255 255 255 255 255 255 255 255 255 255 255 255 255 255 255 255 255 255 
255 255 255 255 255 255 255 255 255 255 255 255 255 255 255 255 255 255 255 255 255 255 255 255 255 255 255 255 255 255 255 255 255 255 255 255 255 255 255 255 255 255 255 255 255 255 255 255 255 255 255 255 255 255 255 255 255 255 255 255 255 255 255 255 255 255 255 255 255 255 255 255 
255 255 255 255 255 255 255 255 255 255 255 255 255 255 255 255 255 255 255 255 255 255 255 255 255 255 255 255 255 255 255 255 255 255 255 255 255 255 255 255 255 255 255 255 255 255 255 255 255 255 255 255 255 255 255 255 255 255 255 255 255 255 255 255 255 255 255 255 255 255 255 255 
255 255 255 255 255 255 255 255 255 255 255 255 255 255 255 255 255 255 255 255 255 255 255 255 255 255 255 255 255 255 255 255 255 255 255 255 255 255 255 255 255 255 255 255 255 255 255 255 255 255 255 255 255 255 255 255 255 255 255 255 255 255 255 255 255 255 255 255 255 255 255 255 
255 255 255 255 255 255 255 255 255 255 255 255 255 255 255 255 255 255 255 255 255 255 255 255 255 255 255 255 255 255 255 255 255 255 255 255 255 255 255 255 255 255 255 255 255 255 255 255 255 255 255 255 255 255 255 255 255 255 255 255 255 255 255 255 255 255 255 255 255 255 255 255 
255 255 255 255 255 255 255 255 255 255 255 255 255 255 255 255 255 255 255 255 255 255 255 255 255 255 255 255 255 255 255 255 255 255 255 255 255 255 255 255 255 255 255 255 255 255 255 255 255 255 255 255 255 255 255 255 255 255 255 255 255 255 255 255 255 255 255 255 255 255 255 255 
255 255 255 255 255 255 255 255 255 255 255 255 255 255 255 255 255 255 255 255 255 255 255 255 255 255 255 255 255 255 255 255 255 255 255 255 255 255 255 255 255 255 255 255 255 255 255 255 255 255 255 255 255 255 255 255 255 255 255 255 255 255 255 255 255 255 255 255 255 255 255 255 
255 255 255 255 255 255 255 255 255 255 255 255 255 255 255 255 255 255 255 255 255 255 255 255 255 255 255 255 255 255 255 255 255 255 255 255 255 255 255 255 255 255 255 255 255 255 255 255 255 255 255 255 255 255 255 255 255 255 255 255 255 255 255 255 255 255 255 255 255 255 255 255 
255 255 255 255 255 255 255 255 255 255 255 255 255 255 255 255 255 255 255 255 255 255 255 255 255 255 255 255 255 255 255 255 255 255 255 255 255 255 255 255 255 255 255 255 255 255 255 255 255 255 255 255 255 255 255 255 255 255 255 255 255 255 255 255 255 255 255 255 255 255 255 255 
255 255 255 255 255 255 255 255 255 255 255 255 255 255 255 255 255 255 255 255 255 255 255 255 255 255 255 255 255 255 255 255 255 255 255 255 255 255 255 255 255 255 255 255 255 255 255 255 255 255 255 255 255 255 255 255 255 255 255 255 255 255 255 255 255 255 255 255 255 255 255 255 
255 255 255 255 255 255 255 255 255 255 255 255 255 255 255 255 255 255 255 255 255 255 255 255 255 255 255 255 255 255 255 255 255 255 255 255 255 255 255 255 255 255 255 255 255 255 255 255 255 255 255 255 255 255 255 255 255 255 255 255 255 255 255 255 255 255 255 255 255 255 255 255 
255 255 255 255 255 255 255 255 255 255 255 255 255 255 255 255 255 255 255 255 255 255 255 255 255 255 255 255 255 255 255 255 255 255 255 255 255 255 255 255 255 255 255 255 255 255 255 255 255 255 255 255 255 255 255 255 255 255 255 255 255 255 255 255 255 255 255 255 255 255 255 255 
255 255 255 255 255 255 255 255 255 255 255 255 255 255 255 255 255 255 255 255 255 255 255 255 255 255 255 255 255 255 255 255 255 255 255 255 255 255 255 255 255 255 255 255 255 255 255 255 255 255 255 255 255 255 255 255 255 255 255 255 255 255 255 255 255 255 255 255 255 255 255 255 
255 255 255 255 255 255 255 255 255 255 255 255 255 255 255 255 255 255 255 255 255 255 255 255 255 255 255 255 255 255 255 255 255 255 255 255 255 255 255 255 255 255 255 255 255 255 255 255 255 255 255 255 255 255 255 255 255 255 255 255 255 255 255 255 255 255 255 255 255 255 255 255 
255 255 255 255 255 255 255 255 255 255 255 255 255 255 255 255 255 255 255 255 255 255 255 255 255 255 255 255 255 255 255 255 255 255 255 255 255 255 255 255 255 255 255 255 255 255 255 255 255 255 255 255 255 255 255 255 255 255 255 255 255 255 255 255 255 255 255 255 255 255 255 255 
255 255 255 255 255 255 255 255 255 255 255 255 255 255 255 255 255 255 255 255 255 255 255 255 255 255 255 255 255 255 255 255 255 255 255 255 255 255 255 255 255 255 255 255 255 255 255 255 255 255 255 255 255 255 255 255 255 255 255 255 255 255 255 255 255 255 255 255 255 255 255 255 
255 255 255 255 255 255 255 255 255 255 255 255 255 255 255 255 255 255 255 255 255 255 255 255 255 255 255 255 255 255 255 255 255 255 255 255 255 255 255 255 255 255 255 255 255 255 255 255 255 255 255 255 255 255 255 255 255 255 255 255 255 255 255 255 255 255 255 255 255 255 255 255 
255 255 255 255 255 255 255 255 255 255 255 255 255 255 255 255 255 255 255 255 255 255 255 255 255 255 255 255 255 255 255 255 255 255 255 255 255 255 255 255 255 255 255 255 255 255 255 255 255 255 255 255 255 255 255 255 255 255 255 255 255 255 255 255 255 255 255 255 255 255 255 255 
255 255 255 255 255 255 255 255 222 217 239 249 255 255 255 255 255 255 226 202 226 237 248 255 255 255 255 255 255 255 255 255 255 255 255 255 255 255 255 255 255 255 255 255 255 255 255 255 255 255 255 255 255 255 255 255 255 255 255 255 255 255 255 255 255 255 255 255 255 255 255 255 
255 255 255 255 255 255 255 255 128 000 000 000 109 255 255 255 255 255 168 000 000 000 075 255 255 255 255 255 255 255 255 255 255 255 255 255 255 255 255 255 255 255 255 255 255 255 255 255 255 255 255 255 255 255 255 255 255 096 107 152 166 161 198 255 255 255 255 255 255 255 255 255 
255 255 255 255 255 255 255 255 152 000 000 000 230 255 255 255 255 255 192 000 000 000 193 255 255 255 255 255 255 255 255 255 255 255 255 255 255 255 255 255 255 255 255 255 255 255 255 255 255 255 255 255 255 255 255 255 255 068 000 000 000 009 186 255 255 255 255 255 255 255 255 255 
206 223 238 241 243 244 246 248 155 000 000 000 229 251 251 251 251 251 201 000 000 000 191 248 247 245 243 241 240 228 212 195 179 201 255 255 255 255 255 255 255 255 255 255 255 255 255 255 255 255 255 255 255 255 255 255 255 100 000 000 000 101 255 255 255 255 255 255 255 255 255 255 
000 000 000 000 000 000 000 000 000 000 000 000 000 000 000 000 000 000 000 000 000 000 000 000 000 000 000 000 000 000 000 000 000 098 255 255 255 255 255 255 255 255 255 255 255 255 255 255 255 255 255 255 255 255 255 255 255 112 000 000 000 122 255 255 255 255 255 255 255 255 255 255 
000 000 000 000 000 000 000 000 000 000 000 000 000 000 000 000 000 000 000 000 000 000 000 000 000 000 000 000 000 000 000 000 000 098 255 255 255 255 255 255 255 255 255 255 255 255 255 255 255 255 255 255 255 255 255 255 255 117 000 000 000 122 255 255 255 255 255 255 255 255 255 255 
086 102 116 122 126 131 135 139 096 000 000 000 131 144 144 144 144 144 119 000 000 000 110 142 139 136 134 131 129 116 099 081 063 129 255 255 255 255 255 255 255 255 255 255 255 255 255 255 255 255 255 255 255 255 255 255 255 122 000 000 000 122 255 255 255 255 255 255 255 255 255 255 
255 255 255 255 255 255 255 255 172 000 000 000 232 255 255 255 255 255 210 000 000 000 194 255 255 255 255 255 255 255 255 255 255 255 255 255 255 255 255 255 255 255 255 255 255 255 255 255 255 255 255 255 255 255 255 255 255 126 000 000 000 122 255 255 255 255 255 255 255 255 255 255 
255 241 098 109 120 127 133 139 098 000 000 000 134 147 147 147 147 147 121 000 000 000 111 143 141 138 134 120 107 150 255 255 255 255 255 255 255 255 255 255 255 255 255 255 255 255 255 255 255 255 255 255 255 255 255 255 255 126 000 000 000 122 255 255 255 255 255 255 255 255 255 255 
255 246 000 000 000 000 000 000 000 000 000 000 000 000 000 000 000 000 000 000 000 000 000 000 000 000 000 000 000 095 255 255 255 255 255 255 255 255 255 255 255 255 238 202 242 255 255 252 255 255 255 255 255 255 255 255 255 126 000 000 000 122 255 255 255 255 255 255 255 255 255 255 
255 255 007 000 000 000 000 000 000 000 000 000 000 000 000 000 000 000 000 000 000 000 000 000 000 000 000 000 000 106 255 255 255 255 255 255 255 255 255 255 255 255 229 000 000 007 001 061 255 255 255 255 255 255 255 255 255 126 000 000 000 122 255 255 255 255 255 255 255 255 255 215 
255 255 018 000 000 185 237 237 237 237 237 237 237 237 237 237 237 237 237 237 237 237 237 237 237 237 083 000 000 112 255 255 255 255 255 255 255 255 255 255 255 255 255 012 000 000 003 231 255 255 255 255 255 255 255 255 255 126 000 000 000 122 255 255 255 255 255 255 255 255 255 249 
255 255 022 000 000 181 232 232 232 232 232 232 232 232 232 232 232 232 232 232 232 232 232 232 232 232 081 000 000 114 255 255 255 255 255 255 255 255 255 255 255 255 255 018 000 000 011 255 255 255 255 255 255 255 255 255 255 126 000 000 000 122 255 255 255 255 255 255 255 255 255 255 
255 255 027 000 000 000 000 000 000 000 000 000 000 000 000 000 000 000 000 000 000 000 000 000 000 000 000 000 000 116 255 255 255 255 255 255 255 255 255 255 255 255 255 022 000 000 011 255 255 255 255 255 255 255 255 255 255 126 000 000 000 122 255 255 255 255 255 255 255 255 255 255 
255 255 025 000 000 000 000 000 000 000 000 000 000 000 000 000 000 000 000 000 000 000 000 000 000 000 000 000 000 115 255 255 255 255 255 255 255 255 255 255 255 255 255 025 000 000 011 255 255 255 255 255 255 255 255 255 255 126 000 000 000 122 255 255 255 255 255 255 255 255 255 255 
255 255 021 000 000 196 252 252 252 252 252 252 252 252 252 252 252 252 252 252 252 252 252 252 252 252 088 000 000 113 255 255 255 255 255 255 255 255 255 255 255 255 255 026 000 000 011 255 255 255 255 255 255 255 255 255 255 126 000 000 000 122 255 255 255 255 255 255 255 255 255 255 
255 255 015 000 000 151 194 194 194 194 194 194 194 194 194 194 194 194 194 194 194 194 194 194 194 194 068 000 000 110 255 255 255 255 255 255 255 255 255 255 255 255 255 026 000 000 011 255 255 255 255 255 255 255 255 255 255 126 000 000 000 122 255 255 255 255 255 255 255 255 255 255 
255 254 002 000 000 000 000 000 000 000 000 000 000 000 000 000 000 000 000 000 000 000 000 000 000 000 000 000 000 101 255 255 255 255 255 255 255 255 255 255 255 255 255 026 000 000 011 255 255 255 255 255 255 255 255 255 255 126 000 000 000 122 255 255 255 255 255 255 255 255 255 255 
255 241 000 000 000 000 000 000 000 000 000 000 000 000 000 000 000 000 000 000 000 000 000 000 000 000 000 000 000 091 255 255 255 255 255 255 255 255 255 255 255 255 255 026 000 000 011 255 255 255 255 255 255 255 255 255 255 126 000 000 000 122 255 255 255 255 255 255 255 255 255 255 
255 247 172 180 187 195 197 198 199 201 094 000 000 023 197 201 201 201 201 201 201 200 199 198 197 192 183 175 167 191 255 255 255 255 255 255 255 255 255 255 255 255 255 026 000 000 011 255 255 255 255 255 255 255 255 255 255 126 000 000 000 122 255 255 255 255 255 255 255 255 255 255 
255 255 255 255 255 255 255 255 255 221 014 000 000 171 255 255 255 255 255 255 255 255 255 255 255 255 255 255 255 255 255 255 255 254 254 255 255 255 255 255 255 255 255 026 000 000 011 255 255 255 255 255 255 255 255 255 255 126 000 000 000 122 255 255 255 255 255 255 255 255 255 255 
069 076 079 082 085 089 092 095 098 040 000 000 019 101 101 101 101 101 101 101 101 101 099 097 095 092 090 087 085 072 055 037 019 003 198 255 255 255 255 255 255 255 255 026 000 000 011 255 255 255 255 255 255 255 255 255 255 126 000 000 000 122 255 255 255 255 255 255 255 255 255 255 
000 000 000 000 000 000 000 000 000 000 000 000 000 000 000 000 000 000 000 000 000 000 000 000 000 000 000 000 000 000 000 000 000 000 198 255 255 255 255 255 255 255 255 026 000 000 011 255 255 255 255 255 255 255 255 255 255 126 000 000 000 122 255 255 255 255 255 255 255 255 255 255 
023 034 035 036 037 038 021 000 000 000 020 038 038 038 038 038 038 038 038 038 038 009 000 001 036 031 026 022 017 011 001 000 000 000 198 255 255 255 255 255 255 255 255 026 000 000 011 255 255 255 255 255 255 255 255 255 255 126 000 000 000 122 255 255 255 255 255 255 255 255 255 255 
255 255 255 255 255 184 020 000 000 043 234 255 255 255 255 255 255 255 255 255 255 167 000 000 103 250 255 255 255 255 253 238 221 205 242 255 255 255 255 255 255 255 255 026 000 000 011 255 255 255 255 255 255 255 255 255 255 126 000 000 000 122 255 255 255 255 255 255 255 255 255 255 
255 255 255 241 119 002 000 000 053 234 255 255 255 255 255 255 255 255 255 255 255 255 111 000 000 050 211 255 255 255 255 255 255 255 255 255 255 255 255 255 255 255 255 026 000 000 011 255 255 255 255 255 255 255 255 255 255 126 000 000 000 122 255 255 255 255 255 255 255 255 255 255 
255 243 133 017 000 000 000 000 065 076 076 076 076 076 076 076 076 076 076 076 076 076 075 003 000 000 007 121 231 255 255 255 255 255 255 255 255 255 255 255 255 255 255 026 000 000 011 255 255 255 255 255 255 255 255 255 255 126 000 000 000 122 255 255 255 255 255 255 255 255 255 255 
138 020 000 000 000 000 000 000 000 000 000 000 000 000 000 000 000 000 000 000 000 000 000 000 000 000 000 000 006 096 191 248 255 255 255 255 255 255 255 255 255 255 255 026 000 000 011 255 255 255 255 255 255 255 255 255 255 126 000 000 000 122 255 255 255 255 255 255 255 255 255 255 
000 000 000 000 000 000 000 051 085 085 085 085 085 085 085 085 085 085 085 085 085 085 085 024 000 000 000 000 000 000 000 009 067 127 161 250 255 255 255 255 255 255 255 026 000 000 011 255 255 255 255 255 255 255 255 255 255 126 000 000 000 122 255 255 255 255 255 255 255 255 255 255 
000 000 001 102 015 000 000 151 255 255 255 255 255 255 255 255 255 255 255 255 255 255 255 073 000 000 073 081 000 000 000 000 000 000 137 255 255 255 255 255 255 255 255 026 000 000 011 255 255 255 255 255 255 255 255 255 255 126 000 000 000 122 255 255 255 255 255 255 255 255 255 255 
000 039 193 255 020 000 000 122 206 206 206 206 206 206 206 206 206 206 206 206 206 206 206 059 000 000 098 255 198 079 001 000 000 064 254 255 255 255 255 255 255 255 255 026 000 000 011 255 255 255 255 255 255 255 255 255 255 126 000 000 000 122 255 255 255 255 255 255 255 255 255 255 
148 248 255 255 020 000 000 000 000 000 000 000 000 000 000 000 000 000 000 000 000 000 000 000 000 000 098 255 255 255 214 103 015 200 255 255 255 255 255 255 255 255 255 026 000 000 011 255 255 255 255 255 255 255 255 255 255 126 000 000 000 122 255 255 255 255 255 255 255 255 255 255 
255 255 255 255 020 000 000 000 000 000 000 000 000 000 000 000 000 000 000 000 000 000 000 000 000 000 098 255 255 255 255 255 246 254 255 255 255 255 255 255 255 255 255 024 000 000 011 254 254 254 254 254 254 254 254 254 254 126 000 000 000 122 254 254 254 254 254 254 254 254 254 254 
255 255 255 255 020 000 000 139 234 234 234 234 234 234 234 234 234 234 234 234 234 234 234 067 000 000 098 255 255 255 255 255 255 255 255 255 255 255 255 255 255 255 255 019 000 000 000 000 000 000 000 000 000 000 000 000 000 000 000 000 000 000 000 000 000 000 000 000 000 000 000 000 
255 255 255 255 019 000 000 151 255 255 255 255 255 255 255 255 255 255 255 255 255 255 255 073 000 000 098 255 255 255 255 255 255 255 255 255 255 255 255 255 255 255 255 010 000 000 000 000 000 000 000 000 000 000 000 000 000 000 000 000 000 000 000 000 000 000 000 000 000 000 000 000 
255 255 255 255 015 000 000 040 068 068 068 068 068 068 068 068 068 068 068 068 068 068 068 019 000 000 097 255 255 255 255 255 255 255 255 255 255 255 255 255 255 255 238 000 000 000 000 000 000 000 000 000 000 000 000 000 000 000 000 000 000 000 000 000 000 000 000 000 000 000 000 000 
255 255 255 255 011 000 000 000 000 000 000 000 000 000 000 000 000 000 000 000 000 000 000 000 000 000 095 255 255 255 255 255 255 255 255 255 255 255 255 255 255 255 226 088 110 132 154 176 191 193 196 198 200 202 204 206 207 207 207 207 207 207 207 207 207 207 207 207 207 207 207 207 
255 255 255 253 003 000 000 029 048 048 048 048 048 048 048 048 048 048 048 048 048 048 048 014 000 000 087 255 255 255 255 255 255 255 255 255 255 255 255 255 255 255 255 255 255 255 255 255 255 255 255 255 255 255 255 255 255 255 255 255 255 255 255 255 255 255 255 255 255 255 255 255 
255 255 255 228 000 000 000 151 255 255 255 255 255 255 255 255 255 255 255 255 255 255 255 073 000 000 067 255 255 255 255 255 255 255 255 255 255 255 255 255 255 255 255 255 255 255 255 255 255 255 255 255 255 255 255 255 255 255 255 255 255 255 255 255 255 255 255 255 255 255 255 255 
255 255 255 201 000 000 000 152 255 255 255 255 255 255 255 255 255 255 255 255 255 255 255 122 067 067 105 255 255 255 255 255 255 255 255 255 255 255 255 255 255 255 255 255 255 255 255 255 255 255 255 255 255 255 255 255 255 255 255 255 255 255 255 255 255 255 255 255 255 255 255 255 
255 255 255 255 255 255 255 255 255 255 255 255 255 255 255 255 255 255 255 255 255 255 255 255 255 255 255 255 255 255 255 255 255 255 255 255 255 255 255 255 255 255 255 255 255 255 255 255 255 255 255 255 255 255 255 255 255 255 255 255 255 255 255 255 255 255 255 255 255 255 255 255 
255 255 255 255 255 255 255 255 255 255 255 255 255 255 255 255 255 255 255 255 255 255 255 255 255 255 255 255 255 255 255 255 255 255 255 255 255 255 255 255 255 255 255 255 255 255 255 255 255 255 255 255 255 255 255 255 255 255 255 255 255 255 255 255 255 255 255 255 255 255 255 255 
255 255 255 255 255 255 255 255 255 255 255 255 255 255 255 255 255 255 255 255 255 255 255 255 255 255 255 255 255 255 255 255 255 255 255 255 255 255 255 255 255 255 255 255 255 255 255 255 255 255 255 255 255 255 255 255 255 255 255 255 255 255 255 255 255 255 255 255 255 255 255 255 
255 255 255 255 255 255 255 255 255 255 255 255 255 255 255 255 255 255 255 255 255 255 255 255 255 255 255 255 255 255 255 255 255 255 255 255 255 255 255 255 255 255 255 255 255 255 255 255 255 255 255 255 255 255 255 255 255 255 255 255 255 255 255 255 255 255 255 255 255 255 255 255 
255 255 255 255 255 255 255 255 255 255 255 255 255 255 255 255 255 255 255 255 255 255 255 255 255 255 255 255 255 255 255 255 255 255 255 255 255 255 255 255 255 255 255 255 255 255 255 255 255 255 255 255 255 255 255 255 255 255 255 255 255 255 255 255 255 255 255 255 255 255 255 255 
255 255 255 255 255 255 255 255 255 255 255 255 255 255 255 255 255 255 255 255 255 255 255 255 255 255 255 255 255 255 255 255 255 255 255 255 255 255 255 255 255 255 255 255 255 255 255 255 255 255 255 255 255 255 255 255 255 255 255 255 255 255 255 255 255 255 255 255 255 255 255 255 
255 255 255 255 255 255 255 255 255 255 255 255 255 255 255 255 255 255 255 255 255 255 255 255 255 255 255 255 255 255 255 255 255 255 255 255 255 255 255 255 255 255 255 255 255 255 255 255 255 255 255 255 255 255 255 255 255 255 255 255 255 255 255 255 255 255 255 255 255 255 255 255 
255 255 255 255 255 255 255 255 255 255 255 255 255 255 255 255 255 255 255 255 255 255 255 255 255 255 255 255 255 255 255 255 255 255 255 255 255 255 255 255 255 255 255 255 255 255 255 255 255 255 255 255 255 255 255 255 255 255 255 255 255 255 255 255 255 255 255 255 255 255 255 255 
255 255 255 255 255 255 255 255 255 255 255 255 255 255 255 255 255 255 255 255 255 255 255 255 255 255 255 255 255 255 255 255 255 255 255 255 255 255 255 255 255 255 255 255 255 255 255 255 255 255 255 255 255 255 255 255 255 255 255 255 255 255 255 255 255 255 255 255 255 255 255 255 
255 255 255 255 255 255 255 255 255 255 255 255 255 255 255 255 255 255 255 255 255 255 255 255 255 255 255 255 255 255 255 255 255 255 255 255 255 255 255 255 255 255 255 255 255 255 255 255 255 255 255 255 255 255 255 255 255 255 255 255 255 255 255 255 255 255 255 255 255 255 255 255 
255 255 255 255 255 255 255 255 255 255 255 255 255 255 255 255 255 255 255 255 255 255 255 255 255 255 255 255 255 255 255 255 255 255 255 255 255 255 255 255 255 255 255 255 255 255 255 255 255 255 255 255 255 255 255 255 255 255 255 255 255 255 255 255 255 255 255 255 255 255 255 255 
255 255 255 255 255 255 255 255 255 255 255 255 255 255 255 255 255 255 255 255 255 255 255 255 255 255 255 255 255 255 255 255 255 255 255 255 255 255 255 255 255 255 255 255 255 255 255 255 255 255 255 255 255 255 255 255 255 255 255 255 255 255 255 255 255 255 255 255 255 255 255 255 
255 255 255 255 255 255 255 255 255 255 255 255 255 255 255 255 255 255 255 255 255 255 255 255 255 255 255 255 255 255 255 255 255 255 255 255 255 255 255 255 255 255 255 255 255 255 255 255 255 255 255 255 255 255 255 255 255 255 255 255 255 255 255 255 255 255 255 255 255 255 255 255 
255 255 255 255 255 255 255 255 255 255 255 255 255 255 255 255 255 255 255 255 255 255 255 255 255 255 255 255 255 255 255 255 255 255 255 255 255 255 255 255 255 255 255 255 255 255 255 255 255 255 255 255 255 255 255 255 255 255 255 255 255 255 255 255 255 255 255 255 255 255 255 255 
255 255 255 255 255 255 255 255 255 255 255 255 255 255 255 255 255 255 255 255 255 255 255 255 255 255 255 255 255 255 255 255 255 255 255 255 255 255 255 255 255 255 255 255 255 255 255 255 255 255 255 255 255 255 255 255 255 255 255 255 255 255 255 255 255 255 255 255 255 255 255 255 
255 255 255 255 255 255 255 255 255 255 255 255 255 255 255 255 255 255 255 255 255 255 255 255 255 255 255 255 255 255 255 255 255 255 255 255 255 255 255 255 255 255 255 255 255 255 255 255 255 255 255 255 255 255 255 255 255 255 255 255 255 255 255 255 255 255 255 255 255 255 255 255 
255 255 255 255 255 255 255 255 255 255 255 255 255 255 255 255 255 255 255 255 255 255 255 255 255 255 255 255 255 255 255 255 255 255 255 255 255 255 255 255 255 255 255 255 255 255 255 255 255 255 255 255 255 255 255 255 255 255 255 255 255 255 255 255 255 255 255 255 255 255 255 255 
255 255 255 255 255 255 255 255 255 255 255 255 255 255 255 255 255 255 255 255 255 255 255 255 255 255 255 255 255 255 255 255 255 255 255 255 255 255 255 255 255 255 255 255 255 255 255 255 255 255 255 255 255 255 255 255 255 255 255 255 255 255 255 255 255 255 255 255 255 255 255 255 
255 255 255 255 255 255 255 255 255 255 255 255 255 255 255 255 255 255 255 255 255 255 255 255 255 255 255 255 255 255 255 255 255 255 255 255 255 255 255 255 255 255 255 255 255 255 255 255 255 255 255 255 255 255 255 255 255 255 255 255 255 255 255 255 255 255 255 255 255 255 255 255 
255 255 255 255 255 255 255 255 255 255 255 255 255 255 255 255 255 255 255 255 255 255 255 255 255 255 255 255 255 255 255 255 255 255 255 255 255 255 255 255 255 255 255 255 255 255 255 255 255 255 255 255 255 255 255 255 255 255 255 255 255 255 255 255 255 255 255 255 255 255 255 255 
255 255 255 255 255 255 255 255 255 255 255 255 255 255 255 255 255 255 255 255 255 255 255 255 255 255 255 255 255 255 255 255 255 255 255 255 255 255 255 255 255 255 255 255 255 255 255 255 255 255 255 255 255 255 255 255 255 255 255 255 255 255 255 255 255 255 255 255 255 255 255 255 
255 255 255 255 255 255 255 255 255 255 255 255 255 255 255 255 255 255 255 255 255 255 255 255 255 255 255 255 255 255 255 255 255 255 255 255 255 255 255 255 255 255 255 255 255 255 255 255 255 255 255 255 255 255 255 255 255 255 255 255 255 255 255 255 255 255 255 255 255 255 255 255 
255 255 255 255 255 255 255 255 255 255 255 255 255 255 255 255 255 255 255 255 255 255 255 255 255 255 255 255 255 255 255 255 255 255 255 255 255 255 255 255 255 255 255 255 255 255 255 255 255 255 255 255 255 255 255 255 255 255 255 255 255 255 255 255 255 255 255 255 255 255 255 255 
255 255 255 255 255 255 255 255 255 255 255 255 255 255 255 255 255 255 255 255 255 255 255 255 255 255 255 255 255 255 255 255 255 255 255 255 255 255 255 255 255 255 255 255 255 255 255 255 255 255 255 255 255 255 255 255 255 255 255 255 255 255 255 255 255 255 255 255 255 255 255 255 
255 255 255 255 255 255 255 255 255 255 255 255 255 255 255 255 255 255 255 255 255 255 255 255 255 255 255 255 255 255 255 255 255 255 255 255 255 255 255 255 255 255 255 255 255 255 255 255 255 255 255 255 255 255 255 255 255 255 255 255 255 255 255 255 255 255 255 255 255 255 255 255 
255 255 255 255 255 255 255 255 255 255 255 255 255 255 255 255 255 255 255 255 255 255 255 255 255 255 255 255 255 255 255 255 255 255 255 255 255 255 255 255 255 255 255 255 255 255 255 255 255 255 255 255 255 255 255 255 255 255 255 255 255 255 255 255 255 255 255 255 255 255 255 255 
255 255 255 255 255 255 255 255 255 255 255 255 255 255 255 255 255 255 255 255 255 255 255 255 255 255 255 255 255 255 255 255 255 255 255 255 255 255 255 255 255 255 255 255 255 255 255 255 255 255 255 255 255 255 255 255 255 255 255 255 255 255 255 255 255 255 255 255 255 255 255 255 
255 255 255 255 255 255 255 255 255 255 255 255 255 255 255 255 255 255 255 255 255 255 255 255 255 255 255 255 255 255 255 255 255 255 255 255 255 255 255 255 255 255 255 255 255 255 255 255 255 255 255 255 255 255 255 255 255 255 255 255 255 255 255 255 255 255 255 255 255 255 255 255 
255 255 255 255 255 255 255 255 255 255 255 255 255 255 255 255 255 255 255 255 255 255 255 255 255 255 255 255 255 255 255 255 255 255 255 255 255 255 255 255 255 255 255 255 255 255 255 255 255 255 255 255 255 255 255 255 255 255 255 255 255 255 255 255 255 255 255 255 255 255 255 255 
011 033 035 043 242 255 255 255 255 255 255 255 255 255 255 255 255 255 255 255 255 255 255 255 255 255 255 255 255 255 255 255 255 255 255 255 247 223 255 255 255 255 255 255 255 255 255 255 255 255 255 255 255 255 255 255 255 255 255 255 255 255 255 255 255 255 255 255 255 255 255 255 
000 000 000 139 255 255 255 255 255 255 255 255 255 255 255 255 255 255 255 255 255 255 227 043 160 250 255 255 255 255 255 255 255 175 102 059 012 078 255 255 255 255 255 255 255 255 255 255 255 255 255 255 255 255 255 255 255 255 255 255 255 255 255 255 255 255 255 255 255 255 255 255 
000 000 000 190 255 255 255 255 255 255 255 255 255 255 255 255 255 255 255 255 255 255 146 000 000 019 084 182 255 255 255 255 255 180 000 000 000 008 242 255 255 255 255 255 255 255 255 255 255 255 255 255 255 255 255 255 255 255 255 255 255 255 255 255 255 255 255 255 255 255 255 255 
000 000 000 190 255 255 255 255 255 255 255 255 255 255 255 255 255 255 255 255 255 255 049 000 000 000 011 194 255 255 255 255 255 250 017 000 000 000 162 255 255 255 255 255 255 255 255 255 255 255 255 255 255 255 255 255 255 255 255 255 255 255 255 255 255 255 255 255 255 255 255 255 
000 000 000 190 255 255 255 255 255 255 255 255 255 255 255 255 255 255 255 255 255 183 000 000 000 000 171 255 255 255 255 255 255 255 117 000 000 000 044 254 255 255 255 255 255 255 255 255 255 255 255 255 255 255 255 255 255 255 255 255 255 255 255 255 255 255 255 255 255 255 255 255 
000 000 000 190 255 255 255 255 255 255 255 255 255 255 255 255 255 255 255 255 255 061 000 000 000 068 255 255 255 255 255 255 255 255 230 007 000 000 000 172 255 255 255 255 255 255 255 255 255 255 255 255 255 255 255 255 255 255 255 255 255 255 255 255 255 255 255 255 255 255 255 255 
003 000 000 190 255 255 255 255 255 255 255 255 255 255 255 255 255 255 255 255 195 000 000 000 000 202 255 255 255 255 255 255 255 255 255 100 000 000 000 048 255 255 255 255 255 255 255 255 255 255 255 255 255 255 255 255 255 255 255 255 255 255 255 255 255 255 255 255 255 255 255 255 
003 000 000 190 255 255 255 255 255 255 255 255 255 255 255 255 255 255 255 255 074 000 000 000 081 255 255 255 255 255 255 255 255 255 255 218 002 000 000 000 177 255 255 255 255 255 255 255 255 255 255 255 255 255 255 255 255 255 255 255 255 255 255 255 255 255 255 255 255 255 255 255 
003 000 000 190 255 255 254 255 255 255 255 255 255 255 255 255 255 255 255 193 000 000 000 001 208 255 255 255 255 255 255 255 255 255 255 255 084 000 000 000 049 250 255 255 255 255 255 255 255 255 255 255 255 255 255 255 255 255 255 255 255 255 255 255 255 255 255 255 255 255 255 255 
001 000 000 040 042 016 175 255 255 255 255 255 255 255 255 255 255 255 246 037 000 000 000 080 255 255 255 255 255 255 255 255 255 255 255 255 219 009 000 000 000 110 255 255 255 255 255 255 255 255 255 255 255 255 255 255 255 255 255 255 255 255 255 255 255 255 255 255 255 255 255 255 
000 000 000 000 000 000 174 255 255 255 255 255 255 255 255 255 255 255 117 000 000 000 007 215 255 255 255 255 255 255 255 255 255 255 255 255 255 139 000 000 000 000 166 255 255 255 255 255 255 255 255 255 255 255 255 255 255 255 255 255 255 255 255 255 255 255 255 255 255 255 255 255 
000 000 000 000 000 000 174 255 255 255 255 255 255 255 255 255 255 204 003 000 000 000 131 255 255 255 255 255 255 255 255 255 255 255 255 255 255 252 053 000 000 000 011 211 255 255 255 255 255 255 255 255 255 255 255 255 255 255 255 255 255 255 255 255 255 255 255 255 255 255 255 255 
003 000 000 147 184 159 219 255 255 255 255 255 255 255 255 255 250 046 000 000 000 045 250 255 255 255 255 255 255 255 255 255 255 255 255 255 255 255 211 006 000 000 000 037 238 255 255 255 255 255 255 255 255 255 255 255 255 255 255 255 255 255 255 255 255 255 255 255 255 255 255 255 
003 000 000 190 255 255 255 255 255 255 255 255 255 255 255 255 118 000 000 000 002 201 255 255 255 255 255 255 255 255 255 255 255 255 255 255 255 255 255 128 000 000 000 000 037 215 255 255 255 255 255 255 255 255 255 255 255 255 255 255 255 255 255 255 255 255 255 255 255 255 255 255 
003 000 000 190 255 255 255 255 255 255 255 255 255 255 255 147 000 000 000 000 112 255 255 255 255 255 255 130 180 255 255 255 255 255 255 255 255 255 255 250 065 000 000 000 000 014 181 255 255 255 255 255 255 255 255 255 255 255 255 255 255 255 255 255 255 255 255 255 255 255 255 255 
003 000 000 190 255 255 255 255 255 255 255 255 255 255 171 002 000 000 000 032 244 255 255 255 255 255 247 012 000 055 170 248 255 255 255 255 255 255 255 255 240 043 000 000 000 000 002 137 255 255 255 255 255 255 255 255 255 255 255 255 255 255 255 255 255 255 255 255 255 255 255 255 
003 000 000 190 255 255 255 255 255 255 255 255 255 192 007 000 000 000 003 191 255 255 255 255 255 255 158 000 000 000 000 017 168 255 255 255 255 255 255 255 255 226 026 000 000 000 000 000 081 224 255 255 255 255 255 255 255 255 255 255 255 255 255 255 255 255 255 255 255 255 255 255 
003 000 000 190 255 255 255 255 255 255 255 255 209 015 000 000 000 000 139 255 255 255 255 255 255 255 048 000 000 000 000 090 242 255 255 255 255 255 255 255 255 255 207 012 000 000 000 000 000 008 127 255 255 255 255 255 255 255 255 255 255 255 255 255 255 255 255 255 255 255 255 255 
003 000 000 190 255 255 255 255 255 255 255 173 014 000 000 000 000 085 255 255 255 255 255 255 255 193 000 000 000 000 059 253 255 255 255 255 255 255 255 255 255 255 255 183 004 000 000 000 000 026 200 255 255 255 255 255 255 255 255 255 255 255 255 255 255 255 255 255 255 255 255 255 
003 000 000 190 255 255 255 255 255 255 176 001 000 000 000 000 042 243 255 255 255 255 255 255 255 079 000 000 000 011 220 255 255 255 255 255 255 255 255 255 255 255 255 255 164 004 000 000 020 214 255 255 255 255 255 255 255 255 255 255 255 255 255 255 255 255 255 255 255 255 255 255 
003 000 000 190 255 255 255 255 255 255 255 206 080 000 000 023 218 255 255 255 255 255 255 255 194 000 000 000 000 146 255 255 255 255 255 255 255 255 255 255 255 255 255 255 255 180 010 009 203 255 255 255 255 255 255 255 255 255 255 255 255 255 255 255 255 255 255 255 255 255 255 255 
003 000 000 190 255 255 255 255 255 255 255 255 255 163 034 212 255 255 255 255 255 255 255 254 053 000 000 000 063 254 255 255 255 255 255 255 255 255 255 255 255 255 255 255 255 255 198 145 255 255 255 255 255 255 255 255 255 255 255 255 255 255 255 255 255 255 255 255 255 255 255 255 
003 000 000 190 255 255 255 255 255 255 255 255 255 255 253 255 255 255 255 255 255 255 255 165 000 000 000 011 221 255 255 255 255 255 255 255 255 255 255 255 255 255 255 255 255 255 255 255 255 255 255 255 255 255 255 255 255 255 255 255 255 255 255 255 255 255 255 255 255 255 255 255 
003 000 000 190 255 255 255 255 255 255 255 255 255 255 255 255 255 255 255 255 255 255 244 031 000 000 000 146 255 255 255 255 255 255 255 255 227 103 219 255 255 255 255 255 255 255 255 255 255 255 255 255 255 255 255 255 255 255 255 255 255 255 255 255 255 255 255 255 255 255 255 255 
003 000 000 190 255 255 255 255 255 255 255 255 255 255 255 255 255 255 255 255 255 255 105 000 000 000 063 254 255 255 255 255 255 255 240 117 008 000 049 248 255 255 255 255 255 255 255 255 255 255 255 255 255 255 255 255 255 255 255 255 255 255 255 255 255 255 255 255 255 255 255 255 
003 000 000 190 255 255 255 255 255 255 255 255 255 255 255 255 255 255 255 255 255 185 000 000 000 012 221 255 255 255 255 255 255 255 233 021 000 000 000 104 255 255 255 255 255 255 255 255 255 255 255 255 255 255 255 255 255 255 255 255 255 255 255 255 255 255 255 255 255 255 255 255 
003 000 000 190 255 255 255 255 255 255 255 255 255 255 255 255 255 255 255 255 238 027 000 000 000 160 255 255 255 255 255 255 255 255 255 172 000 000 000 000 174 255 255 255 255 255 255 255 255 255 255 255 255 255 255 234 249 255 255 255 255 255 255 255 255 255 255 255 255 255 255 255 
003 000 000 190 255 255 255 255 255 255 255 255 255 255 255 255 255 255 255 255 089 000 000 000 091 255 255 255 255 255 255 255 255 255 255 255 090 000 000 000 022 234 255 255 255 255 255 255 255 255 255 255 255 255 238 043 053 222 255 255 255 255 255 255 255 255 255 255 255 255 255 255 
003 000 000 190 255 255 255 255 255 255 255 255 255 255 255 255 255 255 255 157 000 000 000 036 242 255 255 255 255 255 255 255 255 255 255 255 233 015 000 000 000 083 255 255 255 255 255 255 255 255 255 255 255 246 058 000 000 015 177 255 255 255 255 255 255 255 255 255 255 255 255 255 
003 000 000 190 255 255 255 255 255 255 255 255 255 255 255 255 255 255 200 007 000 000 005 203 255 255 255 255 255 255 255 255 255 255 255 255 255 144 000 000 000 000 164 255 255 255 255 255 255 255 255 255 255 228 051 000 000 000 002 141 255 255 255 255 255 255 255 255 255 255 255 255 
003 000 000 190 255 255 255 255 255 255 255 255 255 255 255 255 255 229 027 000 000 000 139 255 255 255 255 255 255 255 255 255 255 255 255 255 255 251 044 000 000 000 017 229 255 255 255 255 255 255 255 255 255 255 248 103 000 000 000 000 104 251 255 255 255 255 255 255 255 255 255 255 
003 000 000 190 255 255 255 255 255 255 255 255 255 255 255 255 223 044 000 000 000 072 254 249 232 216 200 183 167 151 134 118 102 086 069 053 037 020 004 000 000 000 000 072 255 255 255 255 255 255 255 255 255 255 255 255 143 001 000 000 000 071 241 255 255 255 255 255 255 255 255 255 
003 000 000 190 255 255 255 255 255 255 255 255 255 255 255 186 018 000 000 000 000 016 009 000 000 000 000 000 000 000 000 000 000 000 000 000 000 000 000 000 000 000 000 000 155 255 255 255 255 255 255 255 255 255 255 255 255 168 007 000 000 000 044 228 255 255 255 255 255 255 255 255 
003 000 000 190 255 255 255 255 255 255 255 255 255 255 255 233 009 000 000 000 000 000 000 000 000 000 000 000 000 000 000 000 000 000 000 000 000 000 000 000 000 000 000 000 018 235 255 255 255 255 255 255 255 255 255 255 255 255 191 015 000 000 000 032 221 255 255 255 255 255 255 255 
000 000 000 190 255 255 255 255 255 255 255 255 255 255 255 255 104 000 000 000 000 000 000 000 000 000 000 000 001 026 058 086 106 126 145 165 185 204 224 243 094 000 000 000 000 098 255 255 255 255 255 255 255 255 255 255 255 255 255 209 026 000 000 000 026 221 255 255 255 255 255 255 
000 000 000 191 255 255 255 255 255 255 255 255 255 255 255 255 181 000 000 000 002 028 060 092 123 155 187 219 249 255 255 255 255 255 255 255 255 255 255 255 215 002 000 000 000 010 230 255 255 255 255 255 255 255 255 255 255 255 255 255 221 027 000 000 078 249 255 255 255 255 255 255 
000 000 000 214 255 255 255 255 255 255 255 255 255 255 255 255 243 103 166 220 250 255 255 255 255 255 255 255 255 255 255 255 255 255 255 255 255 255 255 255 255 080 000 000 081 223 255 255 255 255 255 255 255 255 255 255 255 255 255 255 255 217 024 085 250 255 255 255 255 255 255 255 
000 000 094 255 255 255 255 255 255 255 255 255 255 255 255 255 255 255 255 255 255 255 255 255 255 255 255 255 255 255 255 255 255 255 255 255 255 255 255 255 255 187 039 185 255 255 255 255 255 255 255 255 255 255 255 255 255 255 255 255 255 255 224 252 255 255 255 255 255 255 255 255 
149 209 255 255 255 255 255 255 255 255 255 255 255 255 255 255 255 255 255 255 255 255 255 255 255 255 255 255 255 255 255 255 255 255 255 255 255 255 255 255 255 255 250 255 255 255 255 255 255 255 255 255 255 255 255 255 255 255 255 255 255 255 255 255 255 255 255 255 255 255 255 255 
255 255 255 255 255 255 255 255 255 255 255 255 255 255 255 255 255 255 255 255 255 255 255 255 255 255 255 255 255 255 255 255 255 255 255 255 255 255 255 255 255 255 255 255 255 255 255 255 255 255 255 255 255 255 255 255 255 255 255 255 255 255 255 255 255 255 255 255 255 255 255 255 
255 255 255 255 255 255 255 255 255 255 255 255 255 255 255 255 255 255 255 255 255 255 255 255 255 255 255 255 255 255 255 255 255 255 255 255 255 255 255 255 255 255 255 255 255 255 255 255 255 255 255 255 255 255 255 255 255 255 255 255 255 255 255 255 255 255 255 255 255 255 255 255 
255 255 255 255 255 255 255 255 255 255 255 255 255 255 255 255 255 255 255 255 255 255 255 255 255 255 255 255 255 255 255 255 255 255 255 255 255 255 255 255 255 255 255 255 255 255 255 255 255 255 255 255 255 255 255 255 255 255 255 255 255 255 255 255 255 255 255 255 255 255 255 255 
255 255 255 255 255 255 255 255 255 255 255 255 255 255 255 255 255 255 255 255 255 255 255 255 255 255 255 255 255 255 255 255 255 255 255 255 255 255 255 255 255 255 255 255 255 255 255 255 255 255 255 255 255 255 255 255 255 255 255 255 255 255 255 255 255 255 255 255 255 255 255 255 
255 255 255 255 255 255 255 255 255 255 255 255 255 255 255 255 255 255 255 255 255 255 255 255 255 255 255 255 255 255 255 255 255 255 255 255 255 255 255 255 255 255 255 255 255 255 255 255 255 255 255 255 255 255 255 255 255 255 255 255 255 255 255 255 255 255 255 255 255 255 255 255 
255 255 255 255 255 255 255 255 255 255 255 255 255 255 255 255 255 255 255 255 255 255 255 255 255 255 255 255 255 255 255 255 255 255 255 255 255 255 255 255 255 255 255 255 255 255 255 255 255 255 255 255 255 255 255 255 255 255 255 255 255 255 255 255 255 255 255 255 255 255 255 255 
255 255 255 255 255 255 255 255 255 255 255 255 255 255 255 255 255 255 255 255 255 255 255 255 255 255 255 255 255 255 255 255 255 255 255 255 255 255 255 255 255 255 255 255 255 255 255 255 255 255 255 255 255 255 255 255 255 255 255 255 255 255 255 255 255 255 255 255 255 255 255 255 
255 255 255 255 255 255 255 255 255 255 255 255 255 255 255 255 255 255 255 255 255 255 255 255 255 255 255 255 255 255 255 255 255 255 255 255 255 255 255 255 255 255 255 255 255 255 255 255 255 255 255 255 255 255 255 255 255 255 255 255 255 255 255 255 255 255 255 255 255 255 255 255 
255 255 255 255 255 255 255 255 255 255 255 255 255 255 255 255 255 255 255 255 255 255 255 255 255 255 255 255 255 255 255 255 255 255 255 255 255 255 255 255 255 255 255 255 255 255 255 255 255 255 255 255 255 255 255 255 255 255 255 255 255 255 255 255 255 255 255 255 255 255 255 255 
255 255 255 255 255 255 255 255 255 255 255 255 255 255 255 255 255 255 255 255 255 255 255 255 255 255 255 255 255 255 255 255 255 255 255 255 255 255 255 255 255 255 255 255 255 255 255 255 255 255 255 255 255 255 255 255 255 255 255 255 255 255 255 255 255 255 255 255 255 255 255 255 
255 255 255 255 255 255 255 255 255 255 255 255 255 255 255 255 255 255 255 255 255 255 255 255 255 255 255 255 255 255 255 255 255 255 255 255 255 255 255 255 255 255 255 255 255 255 255 255 255 255 255 255 255 255 255 255 255 255 255 255 255 255 255 255 255 255 255 255 255 255 255 255 
255 255 255 255 255 255 255 255 255 255 255 255 255 255 255 255 255 255 255 255 255 255 255 255 255 255 255 255 255 255 255 255 255 255 255 255 255 255 255 255 255 255 255 255 255 255 255 255 255 255 255 255 255 255 255 255 255 255 255 255 255 255 255 255 255 255 255 255 255 255 255 255 
255 255 255 255 255 255 255 255 255 255 255 255 255 255 255 255 255 255 255 255 255 255 255 255 255 255 255 255 255 255 255 255 255 255 255 255 255 255 255 255 255 255 255 255 255 255 255 255 255 255 255 255 255 255 255 255 255 255 255 255 255 255 255 255 255 255 255 255 255 255 255 255 
255 255 255 255 255 255 255 255 255 255 255 255 255 255 255 255 255 255 255 255 255 255 255 255 255 255 255 255 255 255 255 255 255 255 255 255 255 255 255 255 255 255 255 255 255 255 255 255 255 255 255 255 255 255 255 255 255 255 255 255 255 255 255 255 255 255 255 255 255 255 255 255 
255 255 255 255 255 255 255 255 255 255 255 255 255 255 255 255 255 255 255 255 255 255 255 255 255 255 255 255 255 255 255 255 255 255 255 255 255 255 255 255 255 255 255 255 255 255 255 255 255 255 255 255 255 255 255 255 255 255 255 255 255 255 255 255 255 255 255 255 255 255 255 255 
255 255 255 255 255 255 255 255 255 255 255 255 255 255 255 255 255 255 255 255 255 255 255 255 255 255 255 255 255 255 255 255 255 255 255 255 255 255 255 255 255 255 255 255 255 255 255 255 255 255 255 255 255 255 255 255 255 255 255 255 255 255 255 255 255 255 255 255 255 255 255 255 
255 255 255 255 255 255 255 255 255 255 255 255 255 255 255 255 255 255 255 255 255 255 255 255 255 255 255 255 255 255 255 255 255 255 255 255 255 255 255 255 255 255 255 255 255 255 255 255 255 255 255 255 255 255 255 255 255 255 255 255 255 255 255 255 255 255 255 255 255 255 255 255 
255 255 255 255 255 255 255 255 255 255 255 255 255 255 255 255 255 255 255 255 255 255 255 255 255 255 255 255 255 255 255 255 255 255 255 255 255 255 255 255 255 255 255 255 255 255 255 255 255 255 255 255 255 255 255 255 255 255 255 255 255 255 255 255 255 255 255 255 255 255 255 255 
255 255 255 255 255 255 255 255 255 255 255 255 255 255 255 255 255 255 255 255 255 255 255 255 255 255 255 255 255 255 255 255 255 255 255 255 255 255 255 255 255 255 255 255 255 255 255 255 255 255 255 255 255 255 255 255 255 255 255 255 255 255 255 255 255 255 255 255 255 255 255 255 
255 255 255 255 255 255 255 255 255 255 255 255 255 255 255 255 255 255 255 255 255 255 255 255 255 255 255 255 255 255 255 255 255 255 255 255 255 255 255 255 255 255 255 255 255 255 255 255 255 255 255 255 255 255 255 255 255 255 255 255 255 255 255 255 255 255 255 255 255 255 255 255 
255 255 255 255 255 255 255 255 255 255 255 255 255 255 255 255 255 255 255 255 255 255 255 255 255 255 255 255 255 255 255 255 255 255 255 255 255 255 255 255 255 255 255 255 255 255 255 255 255 255 255 255 255 255 255 255 255 255 255 255 255 255 255 255 255 255 255 255 255 255 255 255 
255 255 255 255 255 255 255 255 255 255 255 255 255 255 255 255 255 255 255 255 255 255 255 255 255 255 255 255 255 255 255 255 255 255 255 255 255 255 255 255 255 255 255 255 255 255 255 255 255 255 255 255 255 255 255 255 255 255 255 255 255 255 255 255 255 255 255 255 255 255 255 255 
255 255 255 255 255 255 255 255 255 255 255 255 255 255 255 255 255 255 255 255 255 255 255 255 255 255 255 255 255 255 255 255 255 255 255 255 255 255 255 255 255 255 255 255 255 255 255 255 255 255 255 255 255 255 255 255 255 255 255 255 255 255 255 255 255 255 255 255 255 255 255 255 
255 255 255 255 255 255 255 255 255 255 255 255 255 255 255 255 255 255 255 255 255 255 255 255 255 255 255 255 255 255 255 255 255 255 255 255 255 255 255 255 255 255 255 255 255 255 255 255 255 255 255 255 255 255 255 255 255 255 255 255 255 255 255 255 255 255 255 255 255 255 255 255 
255 255 255 255 255 255 255 255 255 255 255 255 255 255 255 255 255 255 255 255 255 255 255 255 255 255 255 255 255 255 255 255 255 255 255 255 255 255 255 255 255 255 255 255 255 255 255 255 255 255 255 255 255 255 255 255 255 255 255 255 255 255 255 255 255 255 255 255 255 255 255 255 
255 255 255 255 255 255 255 255 255 255 255 255 255 255 255 255 255 255 255 255 255 255 255 255 255 255 255 255 255 255 255 255 255 255 255 255 255 255 255 255 255 255 255 255 255 255 255 255 255 255 255 255 255 255 255 255 255 255 255 255 255 255 255 255 255 255 255 255 255 255 255 255 
255 255 255 255 255 255 255 255 255 255 255 255 255 255 255 255 255 255 255 255 255 255 255 255 255 255 255 255 255 255 255 255 255 255 255 255 255 255 255 255 255 255 255 255 255 255 255 255 255 255 255 255 255 255 255 255 255 255 255 255 255 255 255 255 255 255 255 255 255 255 255 255 
255 255 255 255 255 255 255 255 255 255 255 255 255 255 255 255 255 255 255 255 255 255 255 255 255 255 255 255 255 255 255 255 255 255 255 255 255 255 255 255 255 255 255 255 255 255 255 255 255 255 255 255 255 255 255 255 255 255 255 255 255 255 255 255 255 255 255 255 255 255 255 255 
255 255 255 255 255 255 255 255 255 255 255 255 255 255 255 255 255 255 255 255 255 255 255 255 255 255 255 255 255 255 255 255 255 255 255 255 255 255 255 255 255 255 255 255 255 255 255 255 255 255 255 255 255 255 255 255 255 255 255 255 255 255 255 255 255 255 255 255 255 255 255 255 
255 255 255 255 255 255 255 255 255 255 255 255 255 255 255 255 255 255 255 255 255 255 255 255 255 255 255 255 255 255 255 255 255 255 255 255 255 255 255 255 255 255 255 255 255 255 255 255 255 255 255 255 255 255 255 255 232 229 255 255 255 255 255 255 255 255 255 255 255 255 255 255 
255 255 255 255 255 255 255 255 255 255 255 255 255 255 255 255 255 255 255 255 255 255 255 255 255 255 255 255 255 255 255 255 255 255 255 255 255 255 255 255 255 255 255 255 255 255 255 255 255 255 255 255 255 255 255 255 172 000 018 051 049 053 239 255 255 255 255 255 255 255 255 255 
255 255 255 255 255 255 255 255 255 255 255 255 255 255 255 255 255 255 255 255 255 255 255 255 255 255 255 255 255 255 255 255 255 255 255 255 255 255 255 255 255 255 255 255 255 255 255 255 255 255 255 255 255 255 255 255 204 000 000 000 000 171 255 255 255 255 255 255 255 255 255 255 
255 255 255 255 255 255 255 255 255 255 255 255 255 255 255 255 255 255 255 255 255 255 255 255 255 255 255 255 255 255 255 255 255 255 255 255 255 255 255 255 255 255 255 255 255 255 255 255 255 255 255 255 255 255 255 255 231 000 000 000 000 254 255 255 255 255 255 255 255 255 255 255 
255 255 255 255 255 255 255 255 255 255 255 255 255 255 255 255 255 255 255 255 255 255 255 255 255 255 255 255 255 255 255 255 255 255 255 255 255 255 255 255 255 255 255 255 255 255 255 255 255 255 255 255 255 255 255 255 236 000 000 000 000 255 255 255 255 255 255 255 255 255 255 255 
255 255 255 255 255 255 255 255 255 255 255 255 255 255 255 255 255 255 255 255 255 255 255 255 255 255 255 255 255 255 255 255 255 255 255 255 255 255 255 255 255 255 255 255 255 255 255 255 255 255 255 255 255 255 255 255 241 000 000 000 000 255 255 255 255 255 255 255 255 255 255 255 
255 255 255 255 255 255 255 255 255 255 255 255 255 255 255 255 255 255 255 255 255 255 255 255 255 255 255 255 255 255 255 255 255 255 255 255 255 255 255 255 255 255 255 255 255 255 255 255 255 255 255 255 255 255 255 255 246 000 000 000 000 255 255 255 255 255 255 255 255 255 255 255 
255 255 255 255 255 255 255 255 255 255 255 255 255 255 255 255 255 255 255 255 255 255 255 255 255 255 255 255 255 255 255 255 255 255 255 255 255 255 255 255 255 255 255 255 255 255 255 255 255 255 255 255 255 255 255 255 248 000 000 000 000 255 255 255 255 255 255 255 255 255 255 255 
255 255 255 255 255 255 255 255 255 255 255 255 255 255 255 255 255 255 255 255 255 255 255 255 255 255 255 255 255 255 255 255 255 255 255 255 255 255 255 255 255 255 255 255 255 255 255 255 255 255 255 255 255 255 255 255 248 000 000 000 000 255 255 255 255 255 255 255 255 255 255 255 
255 255 255 255 255 255 255 255 255 255 255 255 255 255 255 255 255 255 255 255 255 255 255 255 255 255 255 255 255 255 255 255 255 255 255 255 255 255 255 255 255 255 128 109 145 145 139 211 255 255 255 255 255 255 255 255 248 000 000 000 000 255 255 255 255 255 255 255 255 255 255 208 
255 255 255 255 255 255 255 255 255 255 255 255 255 255 255 255 255 255 255 255 255 255 255 255 255 255 255 255 255 255 255 255 255 255 255 255 255 255 255 255 255 255 115 000 000 000 041 235 255 255 255 255 255 255 255 255 248 000 000 000 000 255 255 255 255 255 255 255 255 255 255 091 
255 255 255 255 255 255 255 255 255 255 255 255 255 255 255 255 255 255 255 255 255 255 255 255 255 255 255 255 255 255 255 255 255 255 255 255 255 255 255 255 255 255 138 000 000 000 139 255 255 255 255 255 255 255 255 255 248 000 000 000 000 255 255 255 255 255 255 255 255 255 255 139 
133 248 255 255 255 255 255 255 255 255 255 255 255 255 255 255 255 255 255 255 255 255 255 255 255 255 255 255 255 255 255 255 255 255 255 255 255 255 255 255 255 255 141 000 000 000 145 255 255 255 255 255 255 255 255 255 248 000 000 000 000 255 255 255 255 255 255 255 255 255 255 148 
000 016 095 182 254 255 255 255 255 255 255 255 255 255 255 255 255 255 255 255 255 255 255 255 255 255 255 255 255 255 255 255 255 255 255 255 255 255 255 255 255 255 144 000 000 000 145 255 255 255 255 255 255 255 255 255 248 000 000 000 000 255 255 255 255 255 255 255 255 255 255 152 
000 000 001 144 255 255 255 255 255 255 255 255 255 255 255 255 255 255 255 255 255 255 255 255 255 255 255 255 255 255 255 255 255 255 255 255 255 255 255 255 255 255 147 000 000 000 145 255 255 255 255 255 255 255 255 255 248 000 000 000 000 255 255 255 255 255 255 255 255 255 255 157 
000 000 115 255 255 255 255 255 255 255 255 255 255 255 255 255 255 255 255 255 255 255 255 255 255 255 255 255 255 255 255 255 255 255 255 255 255 255 255 255 255 255 147 000 000 000 145 255 255 255 255 255 255 255 255 255 248 000 000 000 000 255 255 255 255 255 255 255 255 255 255 159 
000 053 250 255 255 255 255 255 255 255 255 255 255 255 255 255 255 255 255 255 255 255 255 255 255 255 255 255 255 255 255 255 255 255 255 255 255 255 255 255 255 255 147 000 000 000 145 255 255 255 255 255 255 255 255 255 248 000 000 000 000 255 255 255 255 255 255 255 255 255 255 159 
091 184 255 255 255 255 255 255 255 255 255 255 255 255 255 255 255 255 255 255 255 255 255 255 255 255 255 255 255 255 255 255 255 255 255 255 255 255 255 255 255 255 147 000 000 000 145 255 255 255 255 255 255 255 255 255 248 000 000 000 000 255 255 255 255 255 255 255 255 255 255 159 
255 255 255 255 255 255 255 255 255 255 255 255 255 255 255 255 255 255 255 255 255 255 255 255 255 255 255 255 255 255 255 255 255 255 255 255 255 255 255 255 255 255 147 000 000 000 145 255 255 255 255 255 255 255 255 255 248 000 000 000 000 255 255 255 255 255 255 255 255 255 255 159 
184 255 255 255 255 255 255 255 255 255 255 255 255 255 255 255 255 255 255 255 255 255 255 255 255 255 255 255 255 255 255 255 255 255 255 255 255 255 255 255 255 255 147 000 000 000 145 255 255 255 255 255 255 255 255 255 248 000 000 000 000 255 255 255 255 255 255 255 255 255 255 159 
128 255 255 255 255 255 255 255 255 255 255 255 255 255 255 255 255 255 255 255 255 255 255 255 255 255 255 255 255 255 255 255 255 255 255 255 255 255 255 255 255 255 147 000 000 000 145 255 255 255 255 255 255 255 255 255 248 000 000 000 000 255 255 255 255 255 255 255 255 255 255 159 
128 255 255 255 255 255 255 255 255 255 255 255 255 255 255 255 255 255 255 255 255 255 255 255 255 255 255 255 255 255 255 255 255 255 255 255 255 255 255 255 255 255 147 000 000 000 145 255 255 255 255 255 255 255 255 255 248 000 000 000 000 255 255 255 255 255 255 255 255 255 255 159 
150 255 255 255 255 255 255 255 255 255 255 255 255 255 255 255 255 255 255 255 255 255 255 255 255 255 255 255 255 255 255 255 255 255 255 255 255 255 255 255 255 255 147 000 000 000 145 255 255 255 255 255 255 255 255 255 248 000 000 000 000 255 255 255 255 255 255 255 255 255 255 159 
255 255 255 255 255 255 255 255 255 255 255 255 255 255 255 255 255 255 255 255 255 255 255 255 255 255 255 255 255 255 255 255 255 255 255 255 255 255 255 255 255 255 147 000 000 000 145 255 255 255 255 255 255 255 255 255 248 000 000 000 000 255 255 255 255 255 255 255 255 255 255 159 
