255 255 255 255 255 255 255 255 255 255 255 255 255 255 255 255 255 254 028 000 000 015 251 255 255 255 255 255 255 255 255 255 255 255 110 000 000 000 128 255 255 255 255 255 255 255 255 255 255 255 255 255 255 255 255 255 255 255 178 000 000 000 085 067 000 000 017 255 255 255 255 255 
255 255 255 255 255 255 255 255 255 255 255 255 255 255 255 255 255 202 000 000 000 085 255 255 255 255 255 255 255 255 255 255 255 255 245 037 000 000 001 179 255 255 255 255 255 255 255 255 255 255 255 255 255 255 255 255 255 237 034 000 000 001 212 139 000 000 002 245 255 255 255 255 
255 255 255 255 255 255 255 255 255 255 255 255 255 255 255 255 255 122 000 000 000 160 255 255 255 255 254 233 255 255 255 255 255 255 255 197 002 000 000 015 213 255 255 255 255 255 255 255 255 255 255 255 255 255 255 255 252 068 000 000 000 087 255 210 000 000 000 186 255 255 255 255 
255 255 255 255 255 255 255 255 255 255 255 255 255 255 255 255 248 030 000 000 001 233 255 255 255 255 147 007 098 213 255 255 255 255 255 255 117 000 000 000 011 154 255 255 255 255 255 255 255 255 255 255 255 255 255 255 234 085 001 000 011 225 255 255 031 000 000 120 255 255 255 212 
255 255 255 255 255 255 255 255 255 255 255 255 255 255 255 255 141 000 000 000 074 255 255 255 255 218 010 000 000 001 087 222 255 255 255 255 250 093 000 000 000 000 077 233 255 255 255 255 255 255 255 255 255 255 255 255 255 255 195 032 137 255 255 255 121 000 000 055 255 255 255 094 
255 255 255 255 255 255 255 255 255 255 255 255 255 255 255 240 019 000 000 000 200 255 255 255 255 140 005 000 000 000 000 006 113 237 255 255 255 254 119 000 000 000 000 018 109 204 255 255 255 255 255 255 255 255 255 255 255 255 255 240 250 255 255 255 214 000 000 004 242 255 226 005 
255 255 255 255 255 255 255 255 255 255 255 255 255 255 255 119 000 000 000 070 255 255 255 255 255 255 227 116 009 000 000 000 000 016 138 248 255 255 255 146 002 000 000 000 000 000 043 138 224 255 255 255 255 255 255 255 255 255 255 255 255 255 255 255 255 050 000 000 173 255 111 000 
255 255 255 255 255 255 255 255 255 255 255 255 255 255 185 002 000 000 000 197 255 255 255 255 255 255 255 255 223 079 000 000 000 000 000 038 193 255 255 255 175 024 000 000 000 000 000 000 000 028 086 238 255 255 255 255 255 255 255 255 255 255 255 255 255 143 000 000 060 223 009 000 
255 255 255 255 255 255 255 255 255 255 255 255 255 223 018 000 000 000 102 255 255 255 255 255 255 255 255 255 255 255 182 037 000 000 000 000 001 205 255 255 255 243 121 007 000 000 000 000 000 000 096 255 255 255 255 255 255 255 255 255 255 255 255 255 255 232 004 000 000 044 000 000 
255 255 255 255 255 255 255 255 255 255 255 255 246 049 000 000 000 037 244 255 255 255 255 255 255 255 255 255 255 255 255 248 133 010 000 000 072 255 255 255 255 255 255 222 083 000 000 000 000 004 223 255 255 255 255 255 255 255 255 255 255 255 255 255 255 255 099 000 000 000 000 000 
255 255 255 255 255 255 255 255 255 255 255 245 065 000 000 000 004 201 255 255 255 255 255 255 255 255 255 255 255 255 255 255 255 216 050 007 219 255 255 255 255 255 255 255 255 192 070 001 000 094 255 255 255 255 255 255 255 255 255 255 255 255 255 255 255 255 229 010 000 000 000 078 
255 255 255 255 255 255 255 255 255 255 255 213 053 000 000 000 131 255 255 255 255 255 255 255 255 255 255 255 255 255 255 255 255 255 249 188 255 255 255 255 255 255 255 255 255 255 255 216 108 196 255 255 255 255 255 255 255 255 255 255 255 255 255 255 255 255 188 010 000 000 000 129 
255 255 255 255 255 255 255 255 255 255 255 255 251 111 000 082 254 255 255 255 255 255 255 255 213 103 192 254 255 255 255 255 255 255 255 255 255 255 255 255 255 255 255 255 255 255 255 255 255 255 255 255 255 255 255 255 255 255 255 255 255 255 255 255 255 172 007 000 000 000 000 000 
255 255 255 255 255 255 255 255 255 255 255 255 255 255 161 244 255 255 255 255 255 255 255 253 055 000 000 028 115 210 255 255 255 255 255 255 255 255 255 255 255 255 255 255 255 255 255 255 255 255 255 255 255 255 255 255 255 255 255 255 255 255 255 254 124 001 000 000 009 030 000 000 
255 255 255 255 255 255 255 255 255 255 255 255 255 255 255 255 255 255 255 255 255 255 255 140 000 000 000 000 000 000 059 165 249 255 255 255 255 255 255 255 255 255 255 255 255 255 255 255 255 255 255 255 255 255 255 255 255 255 255 255 255 255 239 077 000 000 000 009 187 220 030 000 
255 255 255 255 255 255 255 255 255 255 255 255 255 255 255 255 255 255 255 255 255 255 255 106 016 000 000 000 000 000 000 000 023 122 226 255 255 255 255 255 255 255 255 255 255 255 255 255 255 255 255 255 255 255 255 255 255 255 255 255 255 164 023 000 000 000 010 187 255 255 232 054 
255 255 255 255 255 255 255 255 255 255 255 255 255 255 255 255 255 255 255 255 255 255 255 255 249 180 094 009 000 000 000 000 000 000 003 078 186 255 255 255 255 255 255 255 255 255 255 255 255 255 255 255 255 255 255 255 255 255 252 175 062 000 000 000 000 021 201 255 255 255 255 246 
255 255 255 255 255 255 255 255 255 255 255 255 255 255 255 255 255 255 255 255 255 255 255 255 255 255 255 235 129 022 000 000 000 000 000 000 000 053 180 255 255 255 255 255 255 255 255 255 255 255 255 255 255 255 255 255 255 147 028 000 000 000 000 000 035 219 255 255 255 255 255 255 
255 255 255 255 255 255 255 255 255 255 255 255 255 255 255 255 255 255 255 255 255 255 255 255 255 255 255 255 255 248 156 043 000 000 000 000 000 000 000 064 254 255 255 255 255 255 255 255 255 255 255 255 255 255 255 255 255 248 095 000 000 000 000 054 234 255 255 255 255 255 255 255 
255 255 255 255 255 255 255 255 255 255 255 255 255 255 255 255 255 255 255 255 255 255 255 255 255 255 255 255 255 255 255 255 183 069 000 000 000 000 000 140 255 255 255 255 255 255 255 255 255 255 255 255 255 255 255 255 255 255 255 123 000 000 081 245 255 255 255 255 255 255 255 255 
255 255 255 255 255 255 255 255 255 255 255 255 255 255 255 255 255 255 255 255 255 255 255 255 255 255 255 255 255 255 255 255 255 255 201 057 000 000 051 252 255 255 255 255 255 255 255 255 255 255 255 255 255 255 255 255 255 255 255 255 125 131 254 255 255 255 255 255 255 255 255 255 
255 255 255 255 255 255 255 255 255 255 255 255 255 255 255 255 255 255 255 255 255 255 255 255 255 255 255 255 255 255 255 255 255 255 255 255 168 035 206 255 255 255 255 255 255 255 255 255 255 255 255 255 255 255 255 255 255 255 255 255 255 255 255 255 255 255 255 255 255 255 255 255 
255 255 255 255 255 255 255 255 255 255 255 255 255 255 255 255 255 255 255 255 255 255 255 255 255 255 255 255 255 255 255 255 255 255 255 255 255 253 255 255 255 255 255 255 255 255 255 255 255 255 255 255 255 255 255 255 255 255 255 255 255 255 255 255 255 255 255 255 255 255 255 255 
255 255 255 255 255 255 255 255 255 255 255 255 255 255 255 255 255 255 255 255 255 255 255 255 255 255 255 255 255 255 255 255 255 255 255 255 255 255 255 255 255 255 255 255 255 255 255 255 255 255 255 255 255 255 255 255 255 255 255 255 255 255 255 255 255 255 255 255 255 255 255 255 
255 255 255 255 255 255 255 255 255 255 255 255 255 255 255 255 255 255 255 255 255 255 255 255 255 255 255 255 255 255 255 255 255 255 255 255 255 255 255 255 255 255 255 255 255 255 255 255 255 255 255 255 255 255 255 255 255 255 255 255 255 255 255 255 255 255 255 255 255 255 255 255 
255 255 255 255 255 255 255 255 255 255 255 255 255 255 255 255 255 255 255 255 255 255 255 255 255 255 255 255 255 255 255 255 255 255 255 255 255 255 255 255 255 255 255 255 255 255 255 255 255 255 255 255 255 255 255 255 255 255 255 255 255 255 255 255 255 255 255 255 255 255 255 255 
255 255 255 255 255 255 255 255 255 255 255 255 255 255 255 255 255 255 255 255 255 255 255 255 255 255 255 255 255 255 255 255 255 255 255 255 255 255 255 255 255 255 255 255 255 255 255 255 255 255 255 255 255 255 255 255 255 255 255 255 255 255 255 255 255 255 255 255 255 255 255 255 
255 255 255 255 255 255 255 255 255 255 255 255 255 255 255 255 255 255 255 255 255 255 255 255 255 255 255 255 255 255 255 255 255 255 255 255 255 255 255 255 255 255 255 255 255 255 255 255 255 255 255 255 255 255 255 255 255 255 255 255 255 255 255 255 255 255 255 255 255 255 255 255 
255 255 255 255 255 255 255 255 255 255 255 255 255 255 255 255 255 255 255 255 255 255 255 255 255 255 255 255 255 255 255 255 255 255 255 255 255 255 255 255 255 255 255 255 255 255 255 255 255 255 255 255 255 255 255 255 255 255 255 255 255 255 255 255 255 255 255 255 255 255 255 255 
255 255 255 255 255 255 255 255 255 255 255 255 255 255 255 255 255 255 255 255 255 255 255 255 255 255 255 255 255 255 255 255 255 255 255 255 255 255 255 255 255 255 255 255 255 255 255 255 255 255 255 255 255 255 255 255 255 255 255 255 255 255 255 255 255 255 255 255 255 255 255 255 
255 255 255 255 255 255 255 255 255 255 255 255 255 255 255 255 255 255 255 255 255 255 255 255 255 255 255 255 255 255 255 255 255 255 255 255 255 255 255 255 255 255 255 255 255 255 255 255 255 255 255 255 255 255 255 255 255 255 255 255 255 255 255 255 255 255 255 255 255 255 255 255 
255 255 255 255 255 255 255 255 255 255 255 255 255 255 255 255 255 255 255 255 255 255 255 255 255 255 255 255 255 255 255 255 255 255 255 255 255 255 255 255 255 255 255 255 255 255 255 255 255 255 255 255 255 255 255 255 255 255 255 255 255 255 255 255 255 255 255 255 255 255 255 255 
255 255 255 255 255 255 255 255 255 255 255 255 255 255 255 255 255 255 255 255 255 255 255 255 255 255 255 255 255 255 255 255 255 255 255 255 255 255 255 255 255 255 255 255 255 255 255 255 255 255 255 255 255 255 255 255 255 255 255 255 255 255 255 255 255 255 255 255 255 255 255 255 
255 255 255 255 255 255 255 255 255 255 255 255 255 255 255 255 255 255 255 255 255 255 255 255 255 255 255 255 255 255 255 255 255 255 255 255 255 255 255 255 255 255 255 255 255 255 255 255 255 255 255 255 255 255 255 255 255 255 255 255 255 255 255 255 255 255 255 255 255 255 255 255 
255 255 255 255 255 255 255 255 255 255 255 255 255 255 255 255 255 255 255 255 255 255 255 255 255 255 255 255 255 255 255 255 255 255 255 255 255 255 255 255 255 255 255 255 255 255 255 255 255 255 255 255 255 255 255 255 255 255 255 255 255 255 255 255 255 255 255 255 255 255 255 255 
255 255 255 255 255 255 255 255 255 255 255 255 255 255 255 255 255 255 255 255 255 255 255 255 255 255 255 255 255 255 255 255 255 255 255 255 255 255 255 255 255 255 255 255 255 255 255 255 255 255 255 255 255 255 255 255 255 255 255 255 255 255 255 255 255 255 255 255 255 255 255 255 
255 255 255 255 255 255 255 255 255 255 255 255 255 255 255 255 255 255 255 255 255 255 255 255 255 255 255 255 255 255 255 255 255 255 255 255 255 255 255 255 255 255 255 255 255 255 255 255 255 255 255 255 255 255 255 255 255 255 255 255 255 255 255 255 255 255 255 255 255 255 255 255 
255 255 255 255 255 255 255 255 255 255 255 255 255 255 255 255 255 255 255 255 255 255 255 255 255 255 255 255 255 255 255 255 255 255 255 255 255 255 255 255 255 255 255 255 255 255 255 255 255 255 255 255 255 255 255 255 255 255 255 255 255 255 255 255 255 255 255 255 255 255 255 255 
255 255 255 255 255 255 255 255 255 255 255 255 255 255 255 255 255 255 255 255 255 255 255 255 255 255 255 255 255 255 255 255 255 255 255 255 255 255 255 255 255 255 255 255 255 255 255 255 255 255 255 255 255 255 255 255 255 255 255 255 255 255 255 255 255 255 255 255 255 255 255 255 
255 255 255 255 255 255 255 255 255 255 255 255 255 255 255 255 255 255 255 255 255 255 255 255 255 255 255 255 255 255 255 255 255 255 255 255 255 255 255 255 255 255 255 255 255 255 255 255 255 255 255 255 255 255 255 255 255 255 255 255 255 255 255 255 255 255 255 255 255 255 255 255 
255 255 255 255 255 255 255 255 255 255 255 255 255 255 255 255 255 255 255 255 255 255 255 255 255 255 255 255 255 255 255 255 255 255 255 255 255 255 255 255 255 255 255 255 255 255 255 255 255 255 255 255 255 255 255 255 255 255 255 255 255 255 255 255 255 255 255 255 255 255 255 255 
255 255 255 255 255 255 255 255 255 255 255 255 255 255 255 255 255 255 255 255 255 255 255 255 255 255 255 255 255 255 255 255 255 255 255 255 255 255 255 255 255 255 255 255 255 255 255 255 255 255 255 255 255 255 255 255 255 255 255 255 255 255 255 255 255 255 255 255 255 255 255 255 
255 255 255 255 255 255 255 255 255 255 255 255 255 255 255 255 255 255 255 255 255 255 255 255 255 255 255 255 255 255 255 255 255 255 255 255 255 255 255 255 255 255 255 255 255 255 255 255 255 255 255 255 255 255 255 255 255 255 255 255 255 255 255 255 255 255 255 255 255 255 255 255 
255 255 255 255 255 255 255 255 255 255 255 255 255 255 255 255 255 255 255 255 255 255 255 255 255 255 255 255 255 255 255 255 255 255 255 255 255 255 255 255 255 255 255 255 255 255 255 255 255 255 255 255 255 255 255 255 255 255 255 255 255 255 255 255 255 255 255 255 255 255 255 255 
255 255 255 255 255 255 255 255 255 255 255 255 255 255 255 255 255 255 255 255 255 255 255 255 255 255 255 255 255 255 255 255 255 255 255 255 255 255 255 255 255 255 255 255 255 255 255 255 255 255 255 255 255 255 255 255 255 255 255 255 255 255 255 255 255 255 255 255 255 255 255 255 
255 255 255 255 255 255 255 255 255 255 255 255 255 255 255 255 255 255 255 255 255 255 255 255 255 255 255 255 255 255 255 255 255 255 255 255 255 255 255 255 255 255 255 255 255 255 255 255 255 255 255 255 255 255 255 255 255 255 255 255 255 255 255 255 255 255 255 255 255 255 255 255 
255 255 255 255 255 255 255 255 255 255 255 255 255 255 255 255 255 255 255 255 255 255 255 255 255 255 255 255 255 255 255 255 255 255 255 255 255 255 255 255 255 255 255 255 255 255 255 255 255 255 255 255 255 255 255 255 255 255 255 255 255 255 255 255 255 255 255 255 255 255 255 255 
255 255 255 255 255 255 255 255 255 255 255 255 255 255 255 255 255 255 255 255 255 255 255 255 255 255 255 255 255 255 255 255 255 255 255 255 255 255 255 255 255 255 255 255 255 255 255 255 255 255 255 255 255 255 255 255 255 255 255 255 255 255 255 255 255 255 255 255 255 255 255 255 
255 255 255 255 255 255 255 255 255 255 255 255 255 255 255 255 255 255 255 255 255 255 255 255 255 255 255 255 255 255 255 255 255 255 255 255 255 255 255 255 255 255 255 255 255 255 255 255 255 255 255 255 255 255 255 255 255 255 255 255 255 255 255 255 255 255 255 255 255 255 255 255 
255 255 255 255 255 255 255 255 255 255 255 255 255 255 255 255 255 255 255 255 255 255 255 255 255 255 255 255 255 255 255 255 255 255 255 255 255 255 255 255 255 255 255 255 255 255 255 255 255 255 255 255 255 255 255 255 255 255 255 255 255 255 255 255 255 255 255 255 255 255 255 255 
255 255 255 255 255 255 255 255 255 255 255 255 255 255 255 255 255 255 255 255 255 255 255 255 255 255 255 255 255 255 255 255 255 255 194 036 062 054 095 255 255 255 255 255 255 255 255 255 255 255 255 255 255 255 255 255 255 255 255 255 255 255 255 255 255 255 255 255 255 255 249 145 
255 255 255 255 255 255 255 255 255 255 255 255 255 255 255 255 174 238 255 255 255 255 255 255 255 255 255 255 255 255 255 255 255 255 207 000 000 000 171 255 255 255 255 255 255 255 255 255 255 255 255 255 255 255 255 255 255 255 255 255 203 244 255 255 255 255 255 255 255 173 035 000 
255 255 255 255 255 255 255 255 255 255 255 255 255 255 255 183 003 032 203 255 255 255 255 255 255 255 255 255 255 255 255 255 255 255 209 000 000 000 202 255 255 255 255 255 255 255 255 255 255 255 255 255 255 255 255 255 255 255 255 172 007 051 231 255 255 255 255 255 234 022 000 000 
255 255 255 255 255 255 255 255 255 255 255 255 255 255 215 015 000 000 006 148 255 255 255 255 166 103 123 144 164 173 181 189 197 205 177 000 000 000 170 207 201 194 188 181 175 160 140 120 100 180 255 255 255 255 255 255 255 255 149 002 000 000 031 212 255 255 255 255 255 192 001 000 
255 255 255 255 255 255 255 255 255 255 255 255 255 255 200 040 000 000 000 000 097 250 255 255 119 000 000 000 000 000 000 000 000 000 000 000 000 000 000 000 000 000 000 000 000 000 000 000 000 141 255 255 255 255 255 255 255 255 153 006 000 000 000 016 199 255 255 255 255 255 099 000 
255 255 255 255 255 255 255 255 255 255 255 255 255 255 255 248 094 000 000 000 000 062 236 255 119 000 000 000 000 000 000 000 000 000 000 000 000 000 000 000 000 000 000 000 000 000 000 000 000 141 255 255 255 255 255 255 255 255 255 191 009 000 000 000 013 194 255 255 255 255 234 016 
255 255 255 255 255 255 255 255 255 255 255 255 255 255 255 255 255 120 000 000 000 000 036 245 140 054 073 092 110 119 126 133 140 147 129 000 000 000 123 149 143 138 132 126 120 107 089 070 051 159 255 255 255 255 255 255 255 255 255 255 182 005 000 000 000 021 241 255 255 255 255 141 
255 255 255 255 255 255 255 255 255 255 255 255 255 255 255 255 255 255 148 002 000 000 127 255 255 255 255 255 255 255 255 255 255 255 213 000 000 000 203 255 255 255 255 255 255 255 255 255 255 255 255 255 255 255 255 255 255 255 255 255 255 170 002 000 022 201 255 255 255 255 255 242 
255 255 255 255 255 255 255 255 255 255 255 255 255 255 255 255 255 255 255 149 000 082 254 255 255 255 255 255 255 255 255 255 255 255 213 000 000 000 203 255 255 255 255 255 255 255 255 255 255 255 255 255 255 255 255 255 255 255 255 255 255 255 119 038 221 255 255 255 255 255 255 255 
255 255 255 255 255 255 255 255 255 255 255 255 255 255 255 255 255 255 255 255 145 243 255 255 255 225 039 062 085 107 116 123 131 138 121 000 000 000 115 138 130 122 115 107 094 074 054 035 255 255 255 255 255 255 255 255 255 255 255 255 255 255 250 237 255 255 235 242 255 255 255 255 
255 255 255 255 255 255 255 255 255 255 255 255 255 255 255 255 255 255 255 255 255 255 255 255 255 221 000 000 000 000 000 000 000 000 000 000 000 000 000 000 000 000 000 000 000 000 000 000 254 255 255 255 255 255 255 255 255 255 255 255 255 255 255 255 255 255 140 000 019 025 116 255 
255 255 255 255 255 255 255 255 255 255 255 255 255 255 241 255 255 255 255 255 255 255 255 255 255 221 000 000 000 000 000 000 000 000 000 000 000 000 000 000 000 000 000 000 000 000 000 000 254 255 255 255 255 255 255 255 255 255 207 255 255 255 255 255 255 255 156 000 000 000 209 255 
255 255 255 255 255 255 255 255 255 255 255 255 255 170 024 180 255 255 255 255 255 255 255 255 255 240 151 174 197 218 227 235 242 249 213 000 000 000 203 250 243 237 230 223 210 189 168 147 255 255 255 255 255 255 255 255 255 169 002 083 239 255 255 255 255 255 168 000 000 000 231 255 
255 255 255 255 255 255 255 255 255 255 255 255 237 023 000 000 101 243 255 255 255 255 255 255 255 255 255 255 255 255 255 255 255 255 213 000 000 000 203 255 255 255 255 255 255 255 255 255 255 255 255 255 255 255 255 255 187 006 000 000 031 197 255 255 255 255 170 000 000 000 231 255 
255 255 255 255 255 255 255 255 255 255 255 255 101 000 000 000 000 031 177 255 255 255 207 137 155 172 190 206 213 220 227 234 241 248 212 000 000 000 203 250 245 240 234 229 224 218 202 183 164 144 170 255 255 255 255 255 147 003 000 000 000 006 173 255 255 255 172 000 000 000 231 255 
255 255 255 255 255 255 255 255 255 255 255 255 229 101 001 000 000 000 000 077 223 255 160 000 000 000 000 000 000 000 000 000 000 000 000 000 000 000 000 000 000 000 000 000 000 000 000 000 000 000 083 255 255 255 255 255 255 190 015 000 000 000 003 160 255 255 174 000 000 000 231 255 
255 255 255 255 255 255 255 255 255 255 255 255 255 255 188 028 000 000 000 000 094 255 160 000 000 000 000 000 000 000 000 000 000 000 000 000 000 000 000 000 000 000 000 000 000 000 000 000 000 000 083 255 255 255 255 255 255 255 209 024 000 000 000 011 235 255 174 000 000 000 231 255 
255 255 255 255 255 255 255 255 255 255 255 255 255 255 255 238 087 000 000 017 233 255 163 017 033 049 065 081 097 101 103 105 107 109 111 113 115 114 112 110 108 106 104 102 099 086 070 054 038 022 090 255 255 255 255 255 255 255 255 222 036 000 001 172 255 255 174 000 000 000 231 255 
255 255 255 255 255 255 255 255 255 255 255 255 255 255 255 255 255 155 005 155 255 255 255 255 255 255 255 255 255 255 255 255 255 255 255 255 255 255 255 255 255 255 255 255 255 255 255 255 255 255 255 255 255 255 255 255 255 255 255 255 228 031 132 255 255 255 174 000 000 000 231 255 
255 255 255 255 255 255 255 255 255 255 255 255 255 255 255 255 255 255 205 254 255 255 255 255 255 255 220 201 214 227 233 234 236 238 239 241 243 241 240 238 236 235 233 229 216 203 212 255 255 255 255 255 255 255 255 255 255 255 255 255 255 230 255 255 255 255 174 000 000 000 231 255 
255 255 255 255 255 255 255 255 255 255 255 255 255 255 255 255 255 255 255 255 255 255 255 255 255 255 125 000 000 000 000 000 000 000 000 000 000 000 000 000 000 000 000 000 000 000 087 255 255 255 255 255 255 255 255 255 255 255 255 255 255 255 255 255 255 255 174 000 000 000 231 255 
255 255 255 255 255 255 255 255 255 255 255 255 255 255 255 255 255 255 255 255 255 255 255 255 255 255 139 000 000 000 000 000 000 000 000 000 000 000 000 000 000 000 000 000 000 000 096 255 255 255 255 255 255 255 255 255 255 255 255 255 254 255 255 255 255 255 174 000 000 000 231 255 
255 255 255 255 255 255 255 255 255 255 255 255 255 255 255 255 255 211 236 255 255 255 255 255 255 255 141 000 000 000 127 130 130 130 130 130 130 130 130 130 130 130 130 030 000 000 099 255 255 255 255 255 255 255 255 255 255 255 255 255 086 219 255 255 255 255 174 000 000 000 231 255 
255 255 255 255 255 255 255 255 255 255 255 255 255 255 255 255 255 119 041 207 255 255 255 255 255 255 144 000 000 000 249 255 255 255 255 255 255 255 255 255 255 255 255 059 000 000 101 255 255 255 255 255 255 255 255 255 255 255 255 250 004 007 125 233 255 255 174 000 000 000 231 255 
255 255 255 255 255 255 255 255 255 255 255 255 255 255 255 255 255 051 000 005 118 240 255 255 255 255 144 000 000 000 249 255 255 255 255 255 255 255 255 255 255 255 255 059 000 000 101 255 255 255 255 255 255 255 255 255 255 255 255 214 000 000 000 112 255 255 174 000 000 000 231 255 
255 255 255 255 255 255 255 255 255 255 255 255 255 255 255 255 236 002 000 000 016 244 255 255 255 255 144 000 000 000 072 073 073 073 073 073 073 073 073 073 073 073 073 017 000 000 101 255 255 255 255 255 255 255 255 255 255 255 255 172 000 000 000 199 255 255 174 000 000 000 231 255 
255 255 255 255 255 255 255 255 255 255 255 255 255 255 255 255 160 000 000 000 113 255 255 255 255 255 144 000 000 000 000 000 000 000 000 000 000 000 000 000 000 000 000 000 000 000 101 255 255 255 255 255 255 255 255 255 255 255 255 113 000 000 011 250 255 255 174 000 000 000 231 255 
255 255 255 255 255 255 255 255 255 255 255 255 255 255 255 255 067 000 000 000 205 255 255 255 255 255 144 000 000 000 064 065 065 065 065 065 065 065 065 065 065 065 065 015 000 000 101 255 255 255 255 255 255 255 255 255 255 255 255 051 000 000 067 255 255 255 174 000 000 000 231 255 
255 255 255 255 255 255 255 255 255 255 255 255 255 255 255 228 002 000 000 038 255 255 255 255 255 255 144 000 000 000 249 255 255 255 255 255 255 255 255 255 255 255 255 059 000 000 101 255 255 255 255 255 255 255 255 255 255 255 242 003 000 000 126 255 255 255 174 000 000 000 231 255 
255 255 255 255 255 255 255 255 255 255 255 255 255 255 255 138 000 000 000 125 255 255 255 255 255 255 144 000 000 000 249 255 255 255 255 255 255 255 255 255 255 255 255 059 000 000 101 255 255 255 255 255 255 255 255 255 255 255 181 000 000 000 173 255 255 255 174 000 000 000 231 255 
255 255 255 255 255 255 255 255 255 255 255 255 255 255 254 036 000 000 000 213 255 255 255 255 255 255 144 000 000 000 091 093 093 093 093 093 093 093 093 093 093 093 093 022 000 000 101 255 255 255 255 255 255 255 255 255 255 255 106 000 000 000 219 255 255 255 174 000 000 000 231 255 
255 255 255 255 255 255 255 255 255 255 255 255 255 255 186 000 000 000 044 255 255 255 255 255 255 255 144 000 000 000 000 000 000 000 000 000 000 000 000 000 000 000 000 000 000 000 101 255 255 255 255 255 255 255 255 255 255 255 032 000 000 011 254 255 255 255 174 000 000 000 231 255 
255 255 255 255 255 255 255 255 255 255 255 255 255 255 064 000 000 000 129 255 255 255 255 255 255 255 144 000 000 000 035 035 035 035 035 035 035 035 035 035 035 035 035 008 000 000 101 255 255 255 255 255 255 255 255 255 255 213 000 000 000 055 255 255 255 255 174 000 000 000 231 255 
255 255 255 255 255 255 255 255 255 255 255 255 255 188 000 000 000 000 215 255 255 255 255 255 255 255 141 000 000 000 249 255 255 255 255 255 255 255 255 255 255 255 255 059 000 000 101 255 255 255 255 255 255 255 255 255 255 131 000 000 000 100 255 255 255 255 173 000 000 000 231 255 
255 255 255 255 255 255 255 255 255 255 255 255 255 058 000 000 000 044 255 255 255 255 255 255 255 255 137 000 000 000 249 255 255 255 255 255 255 255 255 255 255 255 255 056 000 000 102 255 255 255 255 255 255 255 255 255 251 028 000 000 000 146 255 255 255 255 166 000 000 000 231 255 
255 255 255 255 255 255 255 255 255 255 255 255 156 000 000 000 000 128 255 255 255 255 255 255 255 255 134 000 000 000 249 255 255 255 255 255 255 255 253 243 253 247 180 007 000 000 102 255 255 255 255 255 255 255 255 255 170 000 000 000 000 188 255 255 255 255 160 000 000 000 231 255 
255 255 255 255 255 255 255 255 255 255 255 255 139 011 000 000 000 207 255 255 255 255 255 255 255 255 121 000 000 000 249 255 255 255 255 255 255 255 253 039 000 003 000 000 000 000 120 255 255 255 255 255 255 255 255 255 133 005 000 000 000 224 255 255 255 255 143 000 000 000 231 255 
255 255 255 255 255 255 255 255 255 255 255 255 255 231 087 000 030 255 255 255 255 255 255 255 255 255 105 000 000 000 249 255 255 255 255 255 255 255 255 147 000 000 000 000 000 000 175 255 255 255 255 255 255 255 255 255 255 230 118 005 006 253 255 255 255 255 120 000 000 000 231 255 
255 255 255 255 255 255 255 255 255 255 255 255 255 255 255 139 111 255 255 255 255 255 255 255 255 255 089 000 000 000 249 255 255 255 255 255 255 255 255 232 003 000 000 000 002 125 254 255 255 255 255 255 255 255 255 255 255 255 255 209 092 255 255 255 255 255 096 000 000 000 231 255 
255 255 255 255 255 255 255 255 255 255 255 255 255 255 255 255 250 255 255 255 255 255 255 255 255 255 211 191 191 191 254 255 255 255 255 255 255 255 255 255 067 061 105 171 237 255 255 255 255 255 255 255 255 255 255 255 255 255 255 255 255 255 255 255 255 255 165 124 124 124 243 255 
255 255 255 255 255 255 255 255 255 255 255 255 255 255 255 255 255 255 255 255 255 255 255 255 255 255 255 255 255 255 255 255 255 255 255 255 255 255 255 255 255 255 255 255 255 255 255 255 255 255 255 255 255 255 255 255 255 255 255 255 255 255 255 255 255 255 255 255 255 255 255 255 
255 255 255 255 255 255 255 255 255 255 255 255 255 255 255 255 255 255 255 255 255 255 255 255 255 255 255 255 255 255 255 255 255 255 255 255 255 255 255 255 255 255 255 255 255 255 255 255 255 255 255 255 255 255 255 255 255 255 255 255 255 255 255 255 255 255 255 255 255 255 255 255 
255 255 255 255 255 255 255 255 255 255 255 255 255 255 255 255 255 255 255 255 255 255 255 255 255 255 255 255 255 255 255 255 255 255 255 255 255 255 255 255 255 255 255 255 255 255 255 255 255 255 255 255 255 255 255 255 255 255 255 255 255 255 255 255 255 255 255 255 255 255 255 255 
255 255 255 255 255 255 255 255 255 255 255 255 255 255 255 255 255 255 255 255 255 255 255 255 255 255 255 255 255 255 255 255 255 255 255 255 255 255 255 255 255 255 255 255 255 255 255 255 255 255 255 255 255 255 255 255 255 255 255 255 255 255 255 255 255 255 255 255 255 255 255 255 
255 255 255 255 255 255 255 255 255 255 255 255 255 255 255 255 255 255 255 255 255 255 255 255 255 255 255 255 255 255 255 255 255 255 255 255 255 255 255 255 255 255 255 255 255 255 255 255 255 255 255 255 255 255 255 255 255 255 255 255 255 255 255 255 255 255 255 255 255 255 255 255 
255 255 255 255 255 255 255 255 255 255 255 255 255 255 255 255 255 255 255 255 255 255 255 255 255 255 255 255 255 255 255 255 255 255 255 255 255 255 255 255 255 255 255 255 255 255 255 255 255 255 255 255 255 255 255 255 255 255 255 255 255 255 255 255 255 255 255 255 255 255 255 255 
255 255 255 255 255 255 255 255 255 255 255 255 255 255 255 255 255 255 255 255 255 255 255 255 255 255 255 255 255 255 255 255 255 255 255 255 255 255 255 255 255 255 255 255 255 255 255 255 255 255 255 255 255 255 255 255 255 255 255 255 255 255 255 255 255 255 255 255 255 255 255 255 
255 255 255 255 255 255 255 255 255 255 255 255 255 255 255 255 255 255 255 255 255 255 255 255 255 255 255 255 255 255 255 255 255 255 255 255 255 255 255 255 255 255 255 255 255 255 255 255 255 255 255 255 255 255 255 255 255 255 255 255 255 255 255 255 255 255 255 255 255 255 255 255 
255 255 255 255 255 255 255 255 255 255 255 255 255 255 255 255 255 255 255 255 255 255 255 255 255 255 255 255 255 255 255 255 255 255 255 255 255 255 255 255 255 255 255 255 255 255 255 255 255 255 255 255 255 255 255 255 255 255 255 255 255 255 255 255 255 255 255 255 255 255 255 255 
255 255 255 255 255 255 255 255 255 255 255 255 255 255 255 255 255 255 255 255 255 255 255 255 255 255 255 255 255 255 255 255 255 255 255 255 255 255 255 255 255 255 255 255 255 255 255 255 255 255 255 255 255 255 255 255 255 255 255 255 255 255 255 255 255 255 255 255 255 255 255 255 
255 255 255 255 255 255 255 255 255 255 255 255 255 255 255 255 255 255 255 255 255 255 255 255 255 255 255 255 255 255 255 255 255 255 255 255 255 255 255 255 255 255 255 255 255 255 255 255 255 255 255 255 255 255 255 255 255 255 255 255 255 255 255 255 255 255 255 255 255 255 255 255 
255 255 255 255 255 255 255 255 255 255 255 255 255 255 255 255 255 255 255 255 255 255 255 255 255 255 255 255 255 255 255 255 255 255 255 255 255 255 255 255 255 255 255 255 255 255 255 255 255 255 255 255 255 255 255 255 255 255 255 255 255 255 255 255 255 255 255 255 255 255 255 255 
255 255 255 255 255 255 255 255 255 255 255 255 255 255 255 255 255 255 255 255 255 255 255 255 255 255 255 255 255 255 255 255 255 255 255 255 255 255 255 255 255 255 255 255 255 255 255 255 255 255 255 255 255 255 255 255 255 255 255 255 255 255 255 255 255 255 255 255 255 255 255 255 
255 255 255 255 255 255 255 255 255 255 255 255 255 255 255 255 255 255 255 255 255 255 255 255 255 255 255 255 255 255 255 255 255 255 255 255 255 255 255 255 255 255 255 255 255 255 255 255 255 255 255 255 255 255 255 255 255 255 255 255 255 255 255 255 255 255 255 255 255 255 255 255 
255 255 255 255 255 255 255 255 255 255 255 255 255 255 255 255 255 255 255 255 255 255 255 255 255 255 255 255 255 255 255 255 255 255 255 255 255 255 255 255 255 255 255 255 255 255 255 255 255 255 255 255 255 255 255 255 255 255 255 255 255 255 255 255 255 255 255 255 255 255 255 255 
255 255 255 255 255 255 255 255 255 255 255 255 255 255 255 255 255 255 255 255 255 255 255 255 255 255 255 255 255 255 255 255 255 255 255 255 255 255 255 255 255 255 255 255 255 255 255 255 255 255 255 255 255 255 255 255 255 255 255 255 255 255 255 255 255 255 255 255 255 255 255 255 
255 255 255 255 255 255 255 255 255 255 255 255 255 255 255 255 255 255 255 255 255 255 255 255 255 255 255 255 255 255 255 255 255 255 255 255 255 255 255 255 255 255 255 255 255 255 255 255 255 255 255 255 255 255 255 255 255 255 255 255 255 255 255 255 255 255 255 255 255 255 255 255 
255 255 255 255 255 255 255 255 255 255 255 255 255 255 255 255 255 255 255 255 255 255 255 255 255 255 255 255 255 255 255 255 255 255 255 255 255 255 255 255 255 255 255 255 255 255 255 255 255 255 255 255 255 255 255 255 255 255 255 255 255 255 255 255 255 255 255 255 255 255 255 255 
255 255 255 255 255 255 255 255 255 255 255 255 255 255 255 255 255 255 255 255 255 255 255 255 255 255 255 255 255 255 255 255 255 255 255 255 255 255 255 255 255 255 255 255 255 255 255 255 255 255 255 255 255 255 255 255 255 255 255 255 255 255 255 255 255 255 255 255 255 255 255 255 
255 255 255 255 255 255 255 255 255 255 255 255 255 255 255 255 255 255 255 255 255 255 255 255 255 255 255 255 255 255 255 255 255 255 255 255 255 255 255 255 255 255 255 255 255 255 255 255 255 255 255 255 255 255 255 255 255 255 255 255 255 255 255 255 255 255 255 255 255 255 255 255 
255 255 255 255 255 255 255 255 255 255 255 255 255 255 255 255 255 255 255 255 255 255 255 255 255 255 255 255 255 255 255 255 255 255 255 255 255 255 255 255 255 255 255 255 255 255 255 255 255 255 255 255 255 255 255 255 255 255 255 255 255 255 255 255 255 255 255 255 255 255 255 255 
255 255 255 255 255 255 255 255 255 255 255 255 255 255 255 255 255 255 255 255 255 255 255 255 255 255 255 255 255 255 255 255 255 255 255 255 255 255 255 255 255 255 255 255 255 255 255 255 255 255 255 255 255 255 255 255 255 255 255 255 255 255 255 255 255 255 255 255 255 255 255 255 
255 255 255 255 255 255 255 255 255 255 255 255 255 255 255 255 255 255 255 255 255 255 255 255 255 255 255 255 255 255 255 255 255 255 255 255 255 255 255 255 255 255 255 255 255 255 255 255 255 255 255 255 255 255 255 255 255 255 255 255 255 255 255 255 255 255 255 255 255 255 255 255 
255 255 255 255 255 255 255 255 255 255 255 255 255 255 255 255 255 255 255 255 255 255 255 255 255 255 255 255 255 255 255 255 255 255 255 255 255 255 255 255 255 255 255 255 255 255 255 255 255 255 255 255 255 255 255 255 255 255 255 255 255 255 255 255 255 255 255 255 255 255 255 255 
255 255 255 255 255 255 255 255 255 255 255 255 255 255 255 255 255 255 255 255 255 255 255 255 255 255 255 255 255 255 255 255 255 255 255 255 255 255 255 255 255 255 255 255 255 255 255 255 255 255 255 255 255 255 255 255 255 255 255 255 255 255 255 255 255 255 255 255 255 255 255 255 
255 255 255 255 255 255 255 255 255 255 255 255 255 255 255 255 255 255 255 255 255 255 255 255 255 255 255 255 255 255 255 255 255 255 255 255 255 255 255 255 255 255 255 255 255 255 255 255 255 255 255 255 255 255 255 255 255 255 255 255 255 255 255 255 255 255 255 255 255 255 255 255 
255 255 255 255 255 255 255 255 255 255 255 255 255 255 255 255 255 255 255 255 255 255 255 255 255 255 255 255 255 255 255 255 255 255 255 255 255 255 255 255 255 255 255 255 255 255 255 255 255 255 255 255 255 255 255 255 255 255 255 255 255 255 255 255 255 255 255 255 255 255 255 255 
255 255 255 255 255 255 255 255 255 255 255 255 255 255 255 255 255 255 255 255 255 255 255 255 255 255 255 255 255 255 255 255 255 223 255 255 255 255 255 255 255 255 255 255 255 255 255 255 255 255 255 255 255 255 255 255 255 255 255 255 255 255 255 255 255 255 255 255 255 255 255 255 
255 255 255 255 255 255 255 255 255 255 255 255 255 255 255 255 255 255 255 255 255 255 255 255 255 255 255 255 255 255 255 255 239 010 026 073 176 255 255 255 255 255 255 255 255 255 255 255 255 255 255 255 255 255 255 255 255 255 255 255 255 255 255 255 255 255 255 255 255 255 255 255 
255 255 255 255 255 255 255 255 255 255 255 255 255 255 255 159 185 211 220 225 229 233 229 225 220 211 184 168 255 255 255 255 137 000 000 078 250 255 255 255 255 255 255 255 255 255 255 255 255 255 255 255 255 255 255 255 255 255 255 255 255 255 255 255 255 255 255 255 255 255 255 255 
255 255 255 255 255 255 255 255 255 255 255 255 255 255 255 025 000 000 000 000 000 000 000 000 000 000 000 049 255 255 255 228 013 000 002 112 124 124 124 124 124 124 124 124 124 124 124 156 255 255 255 255 255 255 255 255 255 255 255 255 255 255 255 255 255 255 255 255 255 255 255 255 
255 255 255 255 255 255 255 255 255 255 255 255 255 255 255 054 000 000 000 000 000 000 000 000 000 000 000 075 255 255 255 082 000 000 000 000 000 000 000 000 000 000 000 000 000 000 008 205 255 255 255 255 255 255 255 255 255 255 255 255 255 255 255 255 255 255 255 255 255 255 255 255 
255 255 255 255 255 255 255 255 255 255 255 255 255 255 255 062 000 011 228 228 228 228 228 228 217 000 000 082 255 255 179 000 000 000 031 082 082 082 082 082 082 082 020 000 000 007 177 255 255 255 255 255 255 255 255 255 255 255 157 145 158 172 183 184 186 187 188 190 191 192 194 190 
255 255 255 255 255 255 255 255 255 255 255 255 255 255 255 070 000 012 255 255 255 255 255 255 242 000 000 086 255 217 025 000 036 015 005 156 255 255 255 255 254 120 000 000 010 187 255 255 255 255 255 255 255 255 255 255 255 255 049 000 000 000 000 000 000 000 000 000 000 000 000 000 
255 255 255 255 255 255 255 255 255 255 255 255 255 255 255 067 000 012 255 255 255 255 255 255 242 000 000 086 215 023 000 005 205 198 012 000 084 237 255 234 077 000 000 015 196 255 255 255 255 255 255 255 255 255 255 255 255 255 049 000 000 000 000 000 000 000 000 000 000 000 000 000 
255 255 255 255 255 255 255 255 255 255 255 255 255 255 255 062 000 008 166 166 166 166 166 166 158 000 000 086 253 184 045 155 255 255 200 033 000 020 116 022 000 000 045 210 255 255 255 255 255 255 255 255 255 255 255 255 255 255 049 000 000 000 000 000 000 000 000 000 000 000 000 000 
255 255 255 255 255 255 255 255 255 255 255 255 255 255 255 046 000 000 000 000 000 000 000 000 000 000 000 074 255 255 253 255 255 255 255 242 064 000 000 000 000 043 218 255 255 255 255 255 255 255 255 255 255 255 255 255 255 255 142 125 136 147 155 157 159 160 162 164 165 165 165 165 
255 255 255 255 255 255 255 255 255 255 255 255 255 255 255 014 020 038 048 057 019 000 000 059 052 043 023 048 255 255 255 255 255 220 147 059 000 000 000 000 000 000 000 025 056 086 116 146 169 178 192 255 255 255 255 255 255 255 255 255 255 255 255 255 255 255 255 255 255 255 255 255 
255 255 255 255 255 255 255 255 255 255 255 255 255 255 255 251 255 255 255 255 079 000 000 249 255 255 255 251 253 217 173 109 037 000 000 000 001 084 208 201 088 004 000 000 000 000 000 000 000 000 133 255 255 255 255 255 255 255 255 255 255 255 255 255 255 255 255 255 255 255 255 255 
255 255 255 255 255 255 255 255 255 255 255 255 255 255 255 255 255 255 255 255 079 000 000 211 214 212 198 214 222 021 000 000 000 000 021 106 213 255 255 255 255 241 175 105 034 000 000 000 000 017 243 255 255 255 255 255 255 255 255 255 255 255 255 255 255 255 255 255 255 255 255 255 
255 255 255 255 255 255 255 255 255 255 255 255 255 255 121 034 034 116 255 255 079 000 000 000 000 000 000 131 255 173 000 019 000 067 152 164 167 170 172 174 172 171 170 169 162 101 124 110 069 111 255 255 255 255 255 255 255 255 255 255 255 255 255 255 255 255 255 255 255 255 255 255 
255 255 255 255 255 255 255 255 255 255 255 255 255 255 153 000 000 198 255 255 079 000 000 033 032 030 018 132 255 252 213 245 000 000 000 000 000 000 000 000 000 000 000 000 000 000 223 255 255 255 255 255 255 255 255 255 255 255 255 255 255 255 255 255 255 255 255 255 255 255 255 255 
255 255 255 255 255 255 255 255 255 255 255 255 255 255 166 000 000 202 255 255 079 000 000 249 255 255 255 254 255 255 255 255 004 000 008 110 110 110 110 110 110 110 110 045 000 000 235 255 255 255 255 255 255 255 255 255 255 255 255 255 255 255 255 255 255 255 255 255 255 255 255 255 
255 255 255 255 255 255 255 255 255 255 255 255 255 255 170 000 000 202 255 255 079 000 000 249 255 255 255 253 223 255 255 255 007 000 019 255 255 255 255 255 255 255 255 104 000 000 235 255 255 255 255 255 255 255 255 255 255 255 255 255 255 255 255 255 255 255 255 255 255 255 255 255 
255 255 255 255 255 255 255 255 255 255 255 255 255 255 170 000 000 202 254 239 071 000 000 140 111 079 046 009 038 255 255 255 006 000 019 255 255 255 255 255 255 255 255 104 000 000 234 255 255 255 255 255 255 255 255 255 255 255 255 255 255 255 255 255 255 255 255 255 255 255 255 255 
255 255 255 255 255 255 255 255 255 255 255 255 198 069 042 000 000 014 003 000 000 000 000 000 000 000 000 000 068 255 255 255 003 000 001 014 014 014 014 014 014 014 014 006 000 000 232 255 255 255 255 255 255 255 255 255 255 255 255 255 255 255 255 255 255 255 255 255 255 255 255 255 
255 255 255 255 255 255 255 255 255 255 255 255 241 002 000 000 000 000 000 000 000 020 049 078 106 135 161 190 228 255 250 240 000 000 000 000 000 000 000 000 000 000 000 000 000 000 213 255 255 255 255 255 255 255 255 255 255 255 255 255 255 255 255 255 255 255 255 255 255 255 255 255 
255 255 255 255 255 255 255 255 255 255 255 255 255 026 012 051 091 132 172 212 246 255 255 255 255 255 188 002 018 007 099 239 175 214 227 230 232 234 236 236 231 227 222 218 204 173 228 255 255 255 255 255 255 255 255 255 255 255 255 255 255 255 255 255 255 255 255 255 255 255 255 255 
255 255 255 255 255 255 255 255 255 255 255 255 255 235 255 255 255 255 255 255 255 255 255 255 255 255 147 000 000 035 248 255 255 255 255 255 255 255 255 255 255 255 255 255 255 255 255 255 255 255 255 255 255 255 255 255 255 255 255 255 255 255 255 255 255 255 255 255 255 255 255 255 
255 255 255 255 255 255 255 255 255 255 255 255 255 255 255 255 255 255 206 103 121 139 155 161 167 173 051 000 000 097 178 178 178 178 178 175 171 166 161 157 143 122 101 234 255 255 255 255 255 255 255 255 255 255 255 255 255 255 255 255 255 255 255 255 255 255 255 255 255 255 255 255 
255 255 255 255 255 255 255 255 255 255 255 255 255 255 255 255 255 255 206 000 000 000 000 000 000 000 000 000 000 000 000 000 000 000 000 000 000 000 000 000 000 000 000 235 255 255 255 255 255 255 255 255 255 255 255 255 255 255 255 255 255 255 255 255 255 255 255 255 255 255 255 255 
255 255 255 255 255 255 255 255 255 255 255 255 255 255 255 255 255 255 219 000 000 000 000 000 000 000 000 000 000 000 000 000 000 000 000 000 000 000 000 000 000 000 001 251 255 255 255 255 255 255 255 255 255 255 255 255 255 255 255 255 255 255 255 255 255 255 255 255 255 255 255 255 
255 255 255 255 255 255 255 255 255 255 255 255 255 255 255 255 255 255 221 000 000 046 228 228 228 228 228 228 228 225 169 228 228 228 228 228 228 228 228 102 000 000 028 255 255 255 255 255 255 255 255 255 255 255 255 255 255 255 255 255 255 255 255 255 255 255 255 255 255 255 255 255 
255 255 255 255 255 255 255 255 255 255 255 255 255 255 255 255 255 255 221 000 000 051 255 255 255 255 255 183 091 018 000 208 255 255 255 255 255 255 244 039 000 000 064 255 255 255 255 255 255 255 255 255 255 255 255 255 255 255 255 255 255 255 255 255 255 255 255 255 255 255 255 255 
255 255 255 255 255 255 255 255 255 255 255 255 255 255 255 255 255 255 221 000 000 051 255 255 255 255 255 143 000 000 000 101 255 255 255 251 089 077 016 000 000 000 114 255 255 255 255 255 255 255 255 255 255 255 255 255 255 255 255 255 255 255 255 255 255 255 255 255 255 255 255 255 
255 255 255 255 255 255 255 255 255 255 255 255 255 255 255 255 255 255 221 000 000 051 255 255 255 255 255 247 012 000 012 098 254 255 255 255 169 000 000 000 001 076 238 255 255 255 255 255 255 255 255 255 255 255 255 255 255 255 255 255 255 255 255 255 255 255 255 255 255 255 255 255 
255 255 255 255 255 255 255 255 255 255 255 255 255 255 255 255 255 255 221 000 000 051 255 255 255 255 255 255 137 166 245 255 255 255 255 255 249 057 091 136 216 255 255 255 255 255 255 255 255 255 255 255 255 255 255 255 255 255 255 255 255 255 255 255 255 255 255 255 255 255 255 255 
255 255 255 255 255 255 255 255 255 255 255 255 255 255 255 255 255 255 221 000 000 034 168 168 168 168 168 168 168 168 168 168 168 168 168 168 168 168 168 162 155 148 141 132 114 095 076 155 255 255 255 255 255 255 255 255 255 255 255 255 255 255 255 255 255 255 255 255 255 255 255 255 
255 255 255 255 255 255 255 255 255 255 255 255 255 255 255 255 255 255 216 000 000 000 000 000 000 000 000 000 000 000 000 000 000 000 000 000 000 000 000 000 000 000 000 000 000 000 000 149 255 255 255 255 255 255 255 255 255 255 255 255 255 255 255 255 255 255 255 255 255 255 255 255 
255 255 255 255 255 255 255 255 255 255 255 255 255 255 255 255 255 255 200 000 000 000 000 000 000 000 000 000 000 000 000 000 000 000 000 000 000 000 000 000 000 000 000 000 000 000 000 179 255 255 255 255 255 255 255 255 255 255 255 255 255 255 255 255 255 255 255 255 255 255 255 255 
255 255 255 255 255 255 255 255 255 255 255 255 255 255 255 255 255 255 216 143 162 181 194 197 200 203 204 204 204 204 204 204 204 204 204 204 204 204 204 204 204 204 204 190 000 000 000 205 255 255 255 255 255 255 255 255 255 255 255 255 255 255 255 255 255 255 255 255 255 255 255 255 
255 255 255 255 255 255 255 255 255 255 255 255 255 255 255 255 255 255 255 255 255 255 255 255 255 255 255 255 255 255 255 255 255 255 255 255 255 255 255 255 255 255 255 233 000 000 000 218 255 255 255 255 255 255 255 255 255 255 255 255 255 255 255 255 255 255 255 255 255 255 255 255 
255 255 255 255 255 255 255 255 255 255 255 255 255 255 149 007 018 030 041 052 054 056 057 059 061 062 064 065 062 061 059 057 056 054 052 041 029 018 006 169 255 255 255 202 000 000 000 229 255 255 255 255 255 255 255 255 255 255 255 255 255 255 255 255 255 255 255 255 255 255 255 255 
255 255 255 255 255 255 255 255 255 255 255 255 255 255 148 000 000 000 000 000 000 000 000 000 000 000 000 000 000 000 000 000 000 000 000 000 000 000 000 168 255 255 255 119 000 000 000 239 255 255 255 255 255 255 255 255 255 255 255 255 255 255 255 255 255 255 255 255 255 255 255 255 
255 255 255 255 255 255 255 255 255 255 255 255 255 255 148 000 007 018 030 040 042 044 046 047 049 050 052 052 050 049 047 045 044 042 039 028 017 006 000 168 115 089 053 000 000 000 002 251 255 255 255 255 255 255 255 255 255 255 255 255 255 255 255 255 255 255 255 255 255 255 255 255 
255 255 255 255 255 255 255 255 255 255 255 255 255 255 250 251 255 255 255 255 255 255 255 255 255 255 255 255 255 255 255 255 255 255 255 255 255 255 250 251 142 000 000 000 000 000 079 255 255 255 255 255 255 255 255 255 255 255 255 255 255 255 255 255 255 255 255 255 255 255 255 255 
255 255 255 255 255 255 255 255 255 255 255 255 255 255 255 255 255 255 255 255 255 255 255 255 255 255 255 255 255 255 255 255 255 255 255 255 255 255 255 255 245 004 000 000 016 111 244 255 255 255 255 255 255 255 255 255 255 255 255 255 255 255 255 255 255 255 255 255 255 255 255 255 
255 255 255 255 255 255 255 255 255 255 255 255 255 255 255 255 255 255 255 255 255 255 255 255 255 255 255 255 255 255 255 255 255 255 255 255 255 255 255 255 255 108 123 189 251 255 255 255 255 255 255 255 255 255 255 255 255 255 255 255 255 255 255 255 255 255 255 255 255 255 255 255 
255 255 255 255 255 255 255 255 255 255 255 255 255 255 255 255 255 255 255 255 255 255 255 255 255 255 255 255 255 255 255 255 255 255 255 255 255 255 255 255 255 255 255 255 255 255 255 255 255 255 255 255 255 255 255 255 255 255 255 255 255 255 255 255 255 255 255 255 255 255 255 255 
255 255 255 255 255 255 255 255 255 255 255 255 255 255 255 255 255 255 255 255 255 255 255 255 255 255 255 255 255 255 255 255 255 255 255 255 255 255 255 255 255 255 255 255 255 255 255 255 255 255 255 255 255 255 255 255 255 255 255 255 255 255 255 255 255 255 255 255 255 255 255 255 
255 255 255 255 255 255 255 255 255 255 255 255 255 255 255 255 255 255 255 255 255 255 255 255 255 255 255 255 255 255 255 255 255 255 255 255 255 255 255 255 255 255 255 255 255 255 255 255 255 255 255 255 255 255 255 255 255 255 255 255 255 255 255 255 255 255 255 255 255 255 255 255 
255 255 255 255 255 255 255 255 255 255 255 255 255 255 255 255 255 255 255 255 255 255 255 255 255 255 255 255 255 255 255 255 255 255 255 255 255 255 255 255 255 255 255 255 255 255 255 255 255 255 255 255 255 255 255 255 255 255 255 255 255 255 255 255 255 255 255 255 255 255 255 255 
255 255 255 255 255 255 255 255 255 255 255 255 255 255 255 255 255 255 255 255 255 255 255 255 255 255 255 255 255 255 255 255 255 255 255 255 255 255 255 255 255 255 255 255 255 255 255 255 255 255 255 255 255 255 255 255 255 255 255 255 255 255 255 255 255 255 255 255 255 255 255 255 
255 255 255 255 255 255 255 255 255 255 255 255 255 255 255 255 255 255 255 255 255 255 255 255 255 255 255 255 255 255 255 255 255 255 255 255 255 255 255 255 255 255 255 255 255 255 255 255 255 255 255 255 255 255 255 255 255 255 255 255 255 255 255 255 255 255 255 255 255 255 255 255 
255 255 255 255 255 255 255 255 255 255 255 255 255 255 255 255 255 255 255 255 255 255 255 255 255 255 255 255 255 255 255 255 255 255 255 255 255 255 255 255 255 255 255 255 255 255 255 255 255 255 255 255 255 255 255 255 255 255 255 255 255 255 255 255 255 255 255 255 255 255 255 255 
255 255 255 255 255 255 255 255 255 255 255 255 255 255 255 255 255 255 255 255 255 255 255 255 255 255 255 255 255 255 255 255 255 255 255 255 255 255 255 255 255 255 255 255 255 255 255 255 255 255 255 255 255 255 255 255 255 255 255 255 255 255 255 255 255 255 255 255 255 255 255 255 
255 255 255 255 255 255 255 255 255 255 255 255 255 255 255 255 255 255 255 255 255 255 255 255 255 255 255 255 255 255 255 255 255 255 255 255 255 255 255 255 255 255 255 255 255 255 255 255 255 255 255 255 255 255 255 255 255 255 255 255 255 255 255 255 255 255 255 255 255 255 255 255 
255 255 255 255 255 255 255 255 255 255 255 255 255 255 255 255 255 255 255 255 255 255 255 255 255 255 255 255 255 255 255 255 255 255 255 255 255 255 255 255 255 255 255 255 255 255 255 255 255 255 255 255 255 255 255 255 255 255 255 255 255 255 255 255 255 255 255 255 255 255 255 255 
255 255 255 255 255 255 255 255 255 255 255 255 255 255 255 255 255 255 255 255 255 255 255 255 255 255 255 255 255 255 255 255 255 255 255 255 255 255 255 255 255 255 255 255 255 255 255 255 255 255 255 255 255 255 255 255 255 255 255 255 255 255 255 255 255 255 255 255 255 255 255 255 
255 255 255 255 255 255 255 255 255 255 255 255 255 255 255 255 255 255 255 255 255 255 255 255 255 255 255 255 255 255 255 255 255 255 255 255 255 255 255 255 255 255 255 255 255 255 255 255 255 255 255 255 255 255 255 255 255 255 255 255 255 255 255 255 255 255 255 255 255 255 255 255 
255 255 255 255 255 255 255 255 255 255 255 255 255 255 255 255 255 255 255 255 255 255 255 255 255 255 255 255 255 255 255 255 255 255 255 255 255 255 255 255 255 255 255 255 255 255 255 255 255 255 255 255 255 255 255 255 255 255 255 255 255 255 255 255 255 255 255 255 255 255 255 255 
255 255 255 255 255 255 255 255 255 255 255 255 255 255 255 255 255 255 255 255 255 255 255 255 255 255 255 255 255 255 255 255 255 255 255 255 255 255 255 255 255 255 255 255 255 255 255 255 255 255 255 255 255 255 255 255 255 255 255 255 255 255 255 255 255 255 255 255 255 255 255 255 
255 255 255 255 255 255 255 255 255 255 255 255 255 255 255 255 255 255 255 255 255 255 255 255 255 255 255 255 255 255 255 255 255 255 255 255 255 255 255 255 255 255 255 255 255 255 255 255 255 255 255 255 255 255 255 255 255 255 255 255 255 255 255 255 255 255 255 255 255 255 255 255 
255 255 255 255 255 255 255 255 255 255 255 255 255 255 255 255 255 255 255 255 255 255 255 255 255 255 255 255 255 255 255 255 255 255 255 255 255 255 255 255 255 255 255 255 255 255 255 255 255 255 255 255 255 255 255 255 255 255 255 255 255 255 255 255 255 255 255 255 255 255 255 255 
255 255 255 255 255 255 255 255 255 255 255 255 255 255 255 255 255 255 255 255 255 255 255 255 255 255 255 255 255 255 255 255 255 255 255 255 255 255 255 255 255 255 255 255 255 255 255 255 255 255 255 255 255 255 255 255 255 255 255 255 255 255 255 255 255 255 255 255 255 255 255 255 
255 255 255 255 255 255 255 255 255 255 255 255 255 255 255 255 255 255 255 255 255 255 255 255 255 255 255 255 255 255 255 255 255 255 255 255 255 255 255 255 255 255 255 255 255 255 255 255 255 255 255 255 255 255 255 255 255 255 255 255 255 255 255 255 255 255 255 255 255 255 255 255 
255 255 255 255 255 255 255 255 255 255 255 255 255 255 255 255 255 255 255 255 255 255 255 255 255 255 255 255 255 255 255 255 255 255 255 255 255 255 255 255 255 255 255 255 255 255 255 255 255 255 255 255 255 255 255 255 255 255 255 255 255 255 255 255 255 255 255 255 255 255 255 255 
255 255 255 255 255 255 255 255 255 255 255 255 255 255 255 255 255 255 255 255 255 255 255 255 255 255 255 255 255 255 255 255 255 255 255 255 255 255 255 255 255 255 255 255 255 255 255 255 255 255 255 255 255 255 255 255 255 255 255 255 255 255 255 255 255 255 255 255 255 255 255 255 
255 255 255 255 255 255 255 255 255 255 255 255 255 255 255 255 255 255 255 255 255 255 255 255 255 255 255 255 255 255 255 255 255 255 255 255 255 255 255 255 255 255 255 255 255 255 255 255 255 255 255 255 255 255 255 255 255 255 255 255 255 255 255 255 255 255 255 255 255 255 255 255 
255 255 255 255 255 255 255 255 255 255 255 255 255 255 255 255 255 255 255 255 255 255 255 255 255 255 255 255 255 255 255 255 255 255 255 255 255 255 255 255 255 255 255 255 255 255 255 255 255 255 255 255 255 255 255 255 255 255 255 255 255 255 255 255 255 255 255 255 255 255 255 255 
