255 255 255 255 255 255 255 255 255 255 255 255 255 255 255 055 000 000 027 255 255 255 255 152 000 000 000 208 255 255 168 000 000 000 000 000 000 000 000 000 000 000 000 000 000 000 000 000 000 179 255 255 255 255 255 255 255 255 255 255 255 255 255 255 255 255 255 255 255 255 255 255 
204 255 255 255 255 255 255 255 255 255 255 255 255 255 255 055 000 000 027 255 255 255 255 141 000 000 000 216 255 255 168 000 000 000 000 000 000 000 000 000 000 000 000 000 000 000 000 000 000 179 255 255 255 255 255 255 255 255 255 255 255 255 255 255 255 255 255 255 255 255 255 255 
018 209 255 255 255 255 255 255 255 255 255 255 255 255 255 055 000 000 027 255 255 255 255 131 000 000 000 225 255 255 168 000 000 000 013 026 028 030 031 033 035 036 038 039 041 020 000 000 000 179 255 255 255 255 255 255 255 255 255 255 255 255 255 255 255 255 255 255 255 255 255 255 
000 022 215 255 255 255 255 255 255 255 255 255 255 255 255 055 000 000 027 255 255 255 255 120 000 000 000 236 255 255 233 205 226 247 255 255 255 255 255 255 255 255 255 255 255 124 000 000 000 179 255 255 255 255 255 255 255 255 255 255 255 255 255 255 255 255 255 255 255 255 255 255 
000 000 026 220 255 255 255 255 255 255 255 255 255 255 255 055 000 000 027 255 255 255 255 109 000 000 004 254 255 255 255 255 255 255 255 255 255 255 255 255 255 255 255 255 255 124 000 000 000 179 255 255 255 255 255 255 255 255 255 255 255 255 255 255 255 255 255 255 255 255 255 255 
000 000 000 032 231 255 255 255 255 255 255 255 255 255 255 055 000 000 027 255 255 255 255 080 000 000 027 255 255 255 255 255 255 255 255 255 255 255 255 255 255 255 255 255 255 124 000 000 000 179 255 255 255 255 255 255 255 255 255 255 255 255 255 255 255 255 255 255 255 255 255 255 
000 000 000 000 051 243 255 255 255 255 255 255 255 255 255 055 000 000 027 255 255 255 255 045 000 000 054 255 255 255 255 255 255 255 255 255 255 255 255 255 255 255 255 255 255 124 000 000 000 179 255 255 255 255 255 255 255 255 255 255 255 255 255 255 255 255 255 255 255 255 255 255 
017 000 000 000 000 073 251 255 255 255 255 255 255 255 255 055 000 000 027 255 255 255 255 010 000 000 087 255 255 255 255 255 255 255 255 255 255 255 255 255 255 255 255 255 255 124 000 000 000 179 255 255 255 255 255 255 255 255 255 255 255 255 255 255 255 255 255 255 255 255 255 255 
172 000 000 000 000 003 185 255 255 255 255 255 255 255 255 055 000 000 027 255 255 255 224 000 000 000 126 255 255 255 255 255 255 255 255 255 255 255 255 255 255 255 255 255 255 124 000 000 000 179 255 255 255 255 255 255 255 255 255 255 255 255 255 255 255 255 255 255 255 255 255 255 
255 094 000 000 022 189 255 255 255 255 255 255 255 255 255 055 000 000 027 255 255 255 171 000 000 000 199 255 255 255 255 255 255 255 255 255 255 255 255 255 255 255 255 255 255 124 000 000 000 179 255 255 255 255 255 255 255 255 255 255 255 255 255 255 255 255 255 255 255 255 255 255 
255 241 032 058 228 255 255 255 255 255 255 255 255 255 255 184 163 163 174 255 255 255 074 000 000 024 254 255 255 255 255 255 255 255 255 255 255 255 255 255 255 255 255 255 255 124 000 000 000 179 255 255 255 255 255 255 255 255 252 174 072 031 034 094 201 255 255 255 255 255 255 255 
255 255 218 250 255 255 255 255 255 255 255 255 255 255 255 255 255 255 255 255 255 210 000 000 000 102 255 255 255 255 255 255 255 255 255 255 255 255 255 255 255 255 255 255 255 124 000 000 000 179 255 255 255 255 255 255 255 248 073 000 000 020 014 000 000 127 255 255 255 255 255 255 
255 255 255 255 255 255 255 255 255 255 255 255 255 255 255 255 255 255 255 255 255 087 000 000 000 188 255 255 245 251 255 255 255 255 255 255 255 255 255 255 255 255 255 255 255 124 000 000 000 179 255 255 255 255 255 255 255 088 000 066 207 255 253 181 032 000 149 255 255 255 255 255 
255 255 255 255 255 255 255 255 255 255 255 255 255 255 255 255 255 255 255 255 141 000 000 000 074 255 255 255 120 001 021 033 038 044 049 055 060 066 071 072 072 072 072 072 072 035 000 000 000 174 255 255 255 255 255 255 222 002 051 248 255 255 255 255 224 013 029 252 255 255 255 255 
255 255 255 255 255 255 255 255 255 255 255 255 255 255 255 255 255 255 255 162 001 000 000 007 220 255 255 255 120 000 000 000 000 000 000 000 000 000 000 000 000 000 000 000 000 000 000 000 000 169 255 255 255 255 255 255 134 000 164 255 255 255 255 255 255 108 000 189 255 255 255 255 
255 255 255 255 255 255 255 255 255 255 255 255 255 255 255 255 255 255 150 004 000 000 000 125 255 255 255 255 120 000 000 000 000 000 000 000 000 000 000 000 000 000 000 000 000 000 000 000 000 164 255 255 255 255 255 255 113 000 206 255 255 255 255 255 255 152 000 167 255 255 255 255 
255 255 255 255 255 255 255 255 255 255 255 255 255 255 255 255 241 086 000 000 000 000 049 246 255 255 255 255 123 022 046 058 064 069 075 080 086 091 096 097 097 097 097 097 097 047 000 000 000 158 255 255 255 255 255 255 130 000 172 255 255 255 255 255 255 123 000 180 255 255 255 255 
255 255 255 255 255 255 255 255 255 255 255 255 255 255 255 203 036 000 000 000 000 042 235 255 255 255 255 255 255 255 255 255 255 255 255 255 255 255 255 255 255 255 255 255 255 124 000 000 000 141 255 255 255 255 255 255 216 001 060 252 255 255 255 255 246 029 014 243 255 255 255 255 
255 255 255 255 255 255 255 255 255 255 255 255 255 246 116 003 000 000 000 000 035 229 255 255 255 255 255 255 255 255 255 255 255 255 255 255 255 255 255 255 255 255 255 255 255 124 000 000 000 120 255 255 255 255 255 255 255 078 000 085 230 255 255 222 064 000 113 255 255 255 255 255 
255 255 255 255 255 255 255 255 255 255 255 255 255 238 129 003 000 000 000 029 224 255 255 255 255 255 255 255 255 255 255 255 255 255 255 255 255 255 255 255 255 255 255 255 255 124 000 000 000 100 255 255 255 255 255 255 255 243 060 000 005 054 048 001 000 081 247 255 255 255 255 255 
255 255 255 255 255 255 255 255 255 255 255 255 255 255 255 180 011 000 050 223 255 255 255 255 255 255 255 255 255 255 255 255 255 255 255 255 255 255 255 255 255 255 255 255 255 194 135 135 135 175 255 255 255 255 255 255 255 255 246 149 042 001 001 058 153 252 255 255 255 255 255 255 
255 255 255 255 255 255 255 255 255 255 255 255 255 255 255 255 167 098 247 255 255 255 255 255 255 255 255 255 255 255 255 255 255 255 255 255 255 255 255 255 255 255 255 255 255 255 255 255 255 255 255 255 255 255 255 255 255 255 255 255 255 252 254 255 255 255 255 255 255 255 255 255 
255 255 255 255 255 255 255 255 255 255 255 255 255 255 255 255 255 255 255 255 255 255 255 255 255 255 255 255 255 255 255 255 255 255 255 255 255 255 255 255 255 255 255 255 255 255 255 255 255 255 255 255 255 255 255 255 255 255 255 255 255 255 255 255 255 255 255 255 255 255 255 255 
255 255 255 255 255 255 255 255 255 255 255 255 255 255 255 255 255 255 255 255 255 255 255 255 255 255 255 255 255 255 255 255 255 255 255 255 255 255 255 255 255 255 255 255 255 255 255 255 255 255 255 255 255 255 255 255 255 255 255 255 255 255 255 255 255 255 255 255 255 255 255 255 
255 255 255 255 255 255 255 255 255 255 255 255 255 255 255 255 255 255 255 255 255 255 255 255 255 255 255 255 255 255 255 255 255 255 255 255 255 255 255 255 255 255 255 255 255 255 255 255 255 255 255 255 255 255 255 255 255 255 255 255 255 255 255 255 255 255 255 255 255 255 255 255 
255 255 255 255 255 255 255 255 255 255 255 255 255 255 255 255 255 255 255 255 255 255 255 255 255 255 255 255 255 255 255 255 255 255 255 255 255 255 255 255 255 255 255 255 255 255 255 255 255 255 255 255 255 255 255 255 255 255 255 255 255 255 255 255 255 255 255 255 255 255 255 255 
255 255 255 255 255 255 255 255 255 255 255 255 255 255 255 255 255 255 255 255 255 255 255 255 255 255 255 255 255 255 255 255 255 255 255 255 255 255 255 255 255 255 255 255 255 255 255 255 255 255 255 255 255 255 255 255 255 255 255 255 255 255 255 255 255 255 255 255 255 255 255 255 
255 255 255 255 255 255 255 255 255 255 255 255 255 255 255 255 255 255 255 255 255 255 255 255 255 255 255 255 255 255 255 255 255 255 255 255 255 255 255 255 255 255 255 255 255 255 255 255 255 255 255 255 255 255 255 255 255 255 255 255 255 255 255 255 255 255 255 255 255 255 255 255 
255 255 255 255 255 255 255 255 255 255 255 255 255 255 255 255 255 255 255 255 255 255 255 255 255 255 255 255 255 255 255 255 255 255 255 255 255 255 255 255 255 255 255 255 255 255 255 255 255 255 255 255 255 255 255 255 255 255 255 255 255 255 255 255 255 255 255 255 255 255 255 255 
255 255 255 255 255 255 255 255 255 255 255 255 255 255 255 255 255 255 255 255 255 255 255 255 255 255 255 255 255 255 255 255 255 255 255 255 255 255 255 255 255 255 255 255 255 255 255 255 255 255 255 255 255 255 255 255 255 255 255 255 255 255 255 255 255 255 255 255 255 255 255 255 
255 255 255 255 255 255 255 255 255 255 255 255 255 255 255 255 255 255 255 255 255 255 255 255 255 255 255 255 255 255 255 255 255 255 255 255 255 255 255 255 255 255 255 255 255 255 255 255 255 255 255 255 255 255 255 255 255 255 255 255 255 255 255 255 255 255 255 255 255 255 255 255 
255 255 255 255 255 255 255 255 255 255 255 255 255 255 255 255 255 255 255 255 255 255 255 255 255 255 255 255 255 255 255 255 255 255 255 255 255 255 255 255 255 255 255 255 255 255 255 255 255 255 255 255 255 255 255 255 255 255 255 255 255 255 255 255 255 255 255 255 255 255 255 255 
255 255 255 255 255 255 255 255 255 255 255 255 255 255 255 255 255 255 255 255 255 255 255 255 255 255 255 255 255 255 255 255 255 255 255 255 255 255 255 255 255 255 255 255 255 255 255 255 255 255 255 255 255 255 255 255 255 255 255 255 255 255 255 255 255 255 255 255 255 255 255 255 
255 255 255 255 255 255 255 255 255 255 255 255 255 255 255 255 255 255 255 255 255 255 255 255 255 255 255 255 255 255 255 255 255 255 255 255 255 255 255 255 255 255 255 255 255 255 255 255 255 255 255 255 255 255 255 255 255 255 255 255 255 255 255 255 255 255 255 255 255 255 255 255 
255 255 255 255 255 255 255 255 255 255 255 255 255 255 255 255 255 255 255 255 255 255 255 255 255 255 255 255 255 255 255 255 255 255 255 255 255 255 255 255 255 255 255 255 255 255 255 255 255 255 255 255 255 255 255 255 255 255 255 255 255 255 255 255 255 255 255 255 255 255 255 255 
255 255 255 255 255 255 255 255 255 255 255 255 255 255 255 255 255 255 255 255 255 255 255 255 255 255 255 255 255 255 255 255 255 255 255 255 255 255 255 255 255 255 255 255 255 255 255 255 255 255 255 255 255 255 255 255 255 255 255 255 255 255 255 255 255 255 255 255 255 255 255 255 
255 255 255 255 255 255 255 255 255 255 255 255 255 255 255 255 255 255 255 255 255 255 255 255 255 255 255 255 255 255 255 255 255 255 255 255 255 255 255 255 255 255 255 255 255 255 255 255 255 255 255 255 255 255 255 255 255 255 255 255 255 255 255 255 255 255 255 255 255 255 255 255 
255 255 255 255 255 255 255 255 255 255 255 255 255 255 255 255 255 255 255 255 255 255 255 255 255 255 255 255 255 255 255 255 255 255 255 255 255 255 255 255 255 255 255 255 255 255 255 255 255 255 255 255 255 255 255 255 255 255 255 255 255 255 255 255 255 255 255 255 255 255 255 255 
255 255 255 255 255 255 255 255 255 255 255 255 255 255 255 255 255 255 255 255 255 255 255 255 255 255 255 255 255 255 255 255 255 255 255 255 255 255 255 255 255 255 255 255 255 255 255 255 255 255 255 255 255 255 255 255 255 255 255 255 255 255 255 255 255 255 255 255 255 255 255 255 
255 255 255 255 255 255 255 255 255 255 255 255 255 255 255 255 255 255 255 255 255 255 255 255 255 255 255 255 255 255 255 255 255 255 255 255 255 255 255 255 255 255 255 255 255 255 255 255 255 255 255 255 255 255 255 255 255 255 255 255 255 255 255 255 255 255 255 255 255 255 255 255 
255 255 255 255 255 255 255 255 255 255 255 255 255 255 255 255 255 255 255 255 255 255 255 255 255 255 255 255 255 255 255 255 255 255 255 255 255 255 255 255 255 255 255 255 255 255 255 255 255 255 255 255 255 255 255 255 255 255 255 255 255 255 255 255 255 255 255 255 255 255 255 255 
255 255 255 255 255 255 255 255 255 255 255 255 255 255 255 255 255 255 255 255 255 255 255 255 255 255 255 255 255 255 255 255 255 255 255 255 255 255 255 255 255 255 255 255 255 255 255 255 255 255 255 255 255 255 255 255 255 255 255 255 255 255 255 255 255 255 255 255 255 255 255 255 
255 255 255 255 255 255 255 255 255 255 255 255 255 255 255 255 255 255 255 255 255 255 255 255 255 255 255 255 255 255 255 255 255 255 255 255 255 255 255 255 255 255 255 255 255 255 255 255 255 255 255 255 255 255 255 255 255 255 255 255 255 255 255 255 255 255 255 255 255 255 255 255 
255 255 255 255 255 255 255 255 255 255 255 255 255 255 255 255 255 255 255 255 255 255 255 255 255 255 255 255 255 255 255 255 255 255 255 255 255 255 255 255 255 255 255 255 255 255 255 255 255 255 255 255 255 255 255 255 255 255 255 255 255 255 255 255 255 255 255 255 255 255 255 255 
255 255 255 255 255 255 255 255 255 255 255 255 255 255 255 255 255 255 255 255 255 255 255 255 255 255 255 255 255 255 255 255 255 255 255 255 255 255 255 255 255 255 255 255 255 255 255 255 255 255 255 255 255 255 255 255 255 255 255 255 255 255 255 255 255 255 255 255 255 255 255 255 
255 255 255 255 255 255 255 255 255 255 255 255 255 255 255 255 255 255 255 255 255 255 255 255 255 255 255 255 255 255 255 255 255 255 255 255 255 255 255 255 255 255 255 255 255 255 255 255 255 255 255 255 255 255 255 255 255 255 255 255 255 255 255 255 255 255 255 255 255 255 255 255 
255 255 255 255 255 255 255 255 255 255 255 255 255 255 255 255 255 255 255 255 255 255 255 255 255 255 255 255 255 255 255 255 255 255 255 255 255 255 255 255 255 255 255 255 255 255 255 255 255 255 255 255 255 255 255 255 255 255 255 255 255 255 255 255 255 255 255 255 255 255 255 255 
255 255 255 255 255 255 255 255 255 255 255 255 255 255 255 255 255 255 255 255 255 255 255 255 255 255 255 255 255 255 255 255 255 255 255 255 255 255 255 255 255 255 255 255 255 255 255 255 255 255 255 255 255 255 255 255 255 255 255 255 255 255 255 255 255 255 255 255 255 255 255 255 
255 255 255 255 255 255 255 255 255 255 255 255 255 255 255 255 255 255 255 255 255 255 255 255 255 255 255 255 255 255 255 255 255 255 255 255 255 255 255 255 255 255 255 255 255 255 255 255 255 255 255 255 255 255 255 255 255 255 255 255 255 255 255 255 255 255 255 255 255 255 255 255 
255 255 255 255 255 255 255 255 255 255 255 255 255 255 255 255 255 255 255 255 255 255 255 255 255 255 255 255 255 255 255 255 255 255 255 255 255 255 255 255 255 255 255 255 255 255 255 255 255 255 255 255 254 255 255 255 255 255 255 255 255 255 255 255 255 255 255 255 255 255 255 255 
255 222 170 252 255 255 255 255 255 255 255 255 255 255 255 255 255 255 255 255 255 255 155 179 207 219 240 255 255 255 255 255 255 255 255 255 255 255 255 255 255 255 255 255 255 255 255 255 255 255 255 255 194 042 153 246 255 255 255 255 255 255 255 255 255 255 255 255 255 255 255 255 
255 134 000 032 122 185 246 255 255 255 255 255 255 255 255 255 255 255 255 255 255 255 029 000 000 000 103 255 255 255 255 255 255 255 255 255 255 255 255 255 255 255 255 255 255 255 255 255 255 255 255 255 124 000 000 011 076 151 250 255 255 255 255 255 255 255 255 255 255 255 255 255 
255 055 000 000 000 000 165 255 255 255 255 255 255 255 255 255 255 255 255 255 255 255 048 000 000 000 177 255 255 255 255 255 255 255 255 255 255 255 255 255 255 255 255 255 255 255 255 255 255 255 255 255 050 000 000 000 000 100 252 255 255 255 255 255 255 255 255 255 255 255 255 255 
230 001 000 000 000 099 255 255 255 255 255 255 255 255 255 255 255 255 255 255 255 255 068 000 000 000 211 255 255 255 255 255 255 255 255 255 255 255 255 255 255 255 255 255 255 255 255 255 255 255 255 204 000 000 000 000 071 254 255 255 255 255 255 255 255 255 255 255 255 255 255 255 
150 000 000 000 034 245 255 255 255 255 255 255 255 255 255 255 255 255 255 255 255 255 084 000 000 000 222 255 255 255 255 255 255 255 255 255 255 255 255 255 255 255 255 255 255 255 255 255 255 255 255 097 000 000 000 022 233 255 255 255 255 255 255 255 255 255 255 255 255 255 255 255 
052 000 000 000 173 255 255 255 255 255 255 255 255 255 255 255 255 255 255 255 255 255 089 000 000 000 227 255 255 255 255 255 255 255 255 255 255 255 255 255 255 255 255 255 255 255 255 255 255 255 236 008 000 000 000 157 255 255 255 255 255 255 255 255 255 255 255 255 255 255 255 255 
000 000 000 063 255 255 255 255 255 255 255 255 255 255 255 255 255 255 255 255 255 255 093 000 000 000 227 255 255 255 255 255 255 255 255 255 255 235 010 032 055 077 098 107 115 123 132 140 148 157 100 000 000 000 017 161 159 155 152 148 144 141 137 134 130 127 116 101 085 070 055 039 
000 000 002 206 255 255 255 255 255 255 255 255 255 255 255 255 255 255 255 255 255 255 098 000 000 000 227 255 255 255 255 255 255 255 255 255 255 235 000 000 000 000 000 000 000 000 000 000 000 000 000 000 000 000 000 000 000 000 000 000 000 000 000 000 000 000 000 000 000 000 000 000 
000 000 018 255 255 255 255 255 255 255 255 255 255 255 255 255 255 255 255 255 255 255 103 000 000 000 227 255 255 255 255 255 255 255 255 255 255 235 000 000 000 000 000 000 000 000 000 000 000 000 000 000 000 000 000 000 000 000 000 000 000 000 000 000 000 000 000 000 000 000 000 000 
000 000 018 255 255 255 239 228 242 254 255 255 255 255 255 255 255 255 255 255 255 255 108 000 000 000 227 255 255 255 246 221 221 255 255 255 255 238 035 046 057 068 075 079 082 085 088 091 093 003 000 000 006 095 095 095 095 095 095 095 095 095 095 095 095 095 087 079 070 061 052 043 
000 000 018 255 255 255 141 000 000 001 013 028 033 034 036 038 039 041 042 044 046 047 021 000 000 000 030 026 018 010 000 000 094 255 255 255 255 255 255 255 255 255 255 255 255 255 255 255 171 000 000 000 121 255 255 255 255 255 255 255 255 255 255 255 255 255 255 255 255 255 255 255 
000 000 018 255 255 255 141 000 000 000 000 000 000 000 000 000 000 000 000 000 000 000 000 000 000 000 000 000 000 000 000 000 094 255 255 255 255 255 255 255 255 255 255 255 255 255 255 251 041 000 000 031 245 255 255 255 255 255 255 255 255 255 255 255 255 255 255 255 255 255 255 255 
000 000 018 255 255 255 141 000 000 000 000 000 000 000 000 000 000 000 000 000 000 000 000 000 000 000 000 000 000 000 000 000 094 255 255 255 255 255 255 255 255 255 255 255 255 255 255 137 000 000 000 176 255 255 255 255 255 255 255 255 255 255 255 255 255 255 255 255 255 255 255 255 
000 000 018 255 255 255 141 000 011 029 047 065 074 075 077 078 080 081 083 084 086 087 038 000 000 000 066 067 060 052 033 007 094 255 255 255 255 255 255 255 255 255 255 255 255 255 224 010 000 000 076 255 255 255 255 140 106 140 147 144 217 255 255 255 255 255 255 255 255 255 255 255 
000 000 018 255 255 255 247 249 255 255 255 255 255 255 255 255 255 255 255 255 255 255 111 000 000 000 227 255 255 255 255 255 246 255 255 255 255 255 255 255 255 255 255 255 255 255 076 000 000 018 229 255 255 255 255 122 000 000 000 012 233 255 255 255 255 255 255 255 255 255 255 255 
000 000 018 255 255 255 255 255 255 255 255 255 255 255 255 255 255 255 255 255 255 255 111 000 000 000 227 255 255 255 255 255 255 255 255 255 255 255 255 255 255 255 255 255 255 145 000 000 000 169 255 255 255 255 255 162 000 000 000 075 255 255 255 255 255 255 255 255 255 255 255 255 
000 000 018 255 255 255 255 255 255 255 255 255 255 255 255 255 255 255 255 255 255 255 111 000 000 000 227 255 255 255 255 255 255 255 255 255 255 255 255 255 255 255 255 255 193 004 000 000 091 255 255 255 255 255 255 176 000 000 000 120 255 255 255 255 255 255 255 255 255 255 255 255 
000 000 018 255 255 255 255 255 255 255 255 255 208 215 255 255 255 255 255 255 255 255 111 000 000 000 227 255 255 255 255 255 255 255 255 255 255 255 255 255 255 255 255 221 023 000 000 030 240 255 255 255 255 255 255 179 000 000 000 130 255 255 255 255 255 255 255 255 255 255 255 255 
000 000 018 255 255 255 255 255 255 254 181 067 000 070 255 255 255 255 255 255 255 255 111 000 000 000 227 255 255 255 255 255 255 255 255 255 255 255 255 255 255 255 208 024 000 000 001 191 255 255 255 255 255 255 255 182 000 000 000 130 255 255 255 255 255 255 255 255 255 252 217 212 
000 000 018 255 255 255 255 255 255 166 000 000 000 000 193 255 255 255 255 255 255 255 111 000 000 000 227 255 255 255 255 255 255 255 255 255 255 255 255 255 255 164 014 000 000 000 037 131 131 131 131 131 131 131 131 095 000 000 000 066 125 119 113 107 092 073 054 035 016 001 000 111 
000 000 018 255 255 255 255 255 255 254 064 000 000 000 060 255 255 255 255 255 255 255 111 000 000 000 227 255 255 255 255 255 255 255 255 255 255 255 255 255 255 062 000 000 000 000 000 000 000 000 000 000 000 000 000 000 000 000 000 000 000 000 000 000 000 000 000 000 000 000 000 111 
000 000 018 255 255 255 255 255 255 255 205 000 000 000 000 183 255 255 255 255 255 255 111 000 000 000 227 255 255 255 255 255 255 255 255 255 255 255 255 255 255 202 001 000 000 000 000 000 000 000 000 000 000 000 000 000 000 000 000 000 000 000 000 000 000 000 000 000 000 000 000 111 
000 000 018 255 255 255 255 255 255 255 255 076 000 000 000 063 255 255 255 255 255 255 111 000 000 000 227 255 255 255 255 255 255 255 255 255 255 255 255 255 255 255 059 000 000 000 000 000 015 045 072 081 088 094 100 077 000 000 000 055 106 105 104 102 101 100 099 097 086 071 056 137 
000 000 018 255 255 255 255 255 255 255 255 203 000 000 000 000 205 255 255 255 255 255 111 000 000 000 227 255 255 255 255 255 255 255 255 255 255 255 255 255 255 255 150 083 151 183 212 242 255 255 255 255 255 255 255 185 000 000 000 130 255 255 255 255 255 255 255 255 255 255 255 255 
000 000 018 255 255 255 255 255 255 255 255 255 074 000 000 000 090 255 255 255 255 255 111 000 000 000 227 255 255 255 255 255 255 255 255 255 255 255 255 255 255 255 255 255 255 255 255 255 255 255 255 255 255 255 255 185 000 000 000 130 255 255 255 255 255 255 255 255 255 255 255 255 
000 000 018 255 255 255 255 255 255 255 255 255 190 000 000 000 004 230 255 255 255 255 111 000 000 000 227 255 255 255 255 255 255 255 255 255 255 255 255 255 255 255 255 255 255 255 255 255 255 255 255 255 255 255 255 185 000 000 000 130 255 255 255 255 255 255 255 255 255 255 255 255 
000 000 018 255 255 255 255 255 255 255 255 255 253 022 000 067 187 255 255 255 255 255 111 000 000 000 227 255 255 255 255 255 255 255 255 255 255 255 255 255 255 255 255 255 255 255 137 188 255 255 255 255 255 255 255 185 000 000 000 130 255 255 255 255 244 071 135 253 255 255 255 255 
000 000 018 255 255 255 255 255 255 255 255 255 255 157 201 255 255 255 255 255 255 255 111 000 000 000 227 255 255 255 255 255 255 255 255 255 255 255 255 255 255 255 255 255 255 180 001 006 158 255 255 255 255 255 255 185 000 000 000 130 255 255 255 241 059 000 000 063 226 255 255 255 
000 000 018 255 255 255 255 255 255 255 255 255 255 255 255 255 255 255 255 255 255 255 111 000 000 000 227 255 255 255 255 255 255 255 255 255 255 255 255 255 255 255 255 255 218 016 000 000 000 066 217 255 255 255 255 185 000 000 000 130 255 255 255 147 000 000 000 000 020 192 255 255 
000 000 018 255 255 255 255 255 255 255 255 255 255 255 255 255 255 255 255 255 255 255 111 000 000 000 227 255 255 255 255 255 255 255 255 255 255 255 255 255 255 255 255 208 025 000 000 000 000 007 114 255 255 255 255 185 000 000 000 130 255 255 255 255 176 018 000 000 000 005 153 255 
000 000 018 255 255 255 255 255 255 255 255 255 255 255 255 255 255 255 255 255 255 255 111 000 000 000 227 255 255 255 255 255 255 255 255 255 255 255 255 255 255 255 190 014 000 000 000 000 066 232 255 255 255 255 255 185 000 000 000 130 255 255 255 255 255 224 033 000 000 000 000 108 
000 000 018 255 255 255 255 255 255 255 255 255 255 255 255 255 255 255 255 255 255 255 111 000 000 000 227 255 255 255 255 255 255 255 255 255 255 255 255 255 255 170 007 000 000 000 000 115 252 255 255 255 255 255 255 185 000 000 000 130 255 255 255 255 255 255 224 032 000 000 000 000 
000 000 018 255 255 255 255 255 255 255 255 255 255 255 255 255 255 255 255 255 255 255 111 000 000 000 227 255 255 255 255 255 255 255 255 255 255 255 255 255 146 002 000 000 000 010 167 255 255 255 255 255 255 255 255 185 000 000 000 130 255 255 255 255 255 255 255 223 031 000 000 000 
000 000 018 255 255 255 255 255 255 255 255 255 255 255 255 255 255 255 255 255 255 255 109 000 000 000 227 255 255 255 255 255 255 255 255 255 255 255 248 114 000 000 000 000 034 209 255 255 255 255 255 255 255 255 255 185 000 000 000 130 255 255 255 255 255 255 255 255 222 029 000 000 
000 000 018 255 255 255 255 255 255 255 255 255 255 255 255 255 255 255 255 255 255 246 037 000 000 000 227 255 255 255 255 255 255 255 255 255 255 198 041 000 000 000 000 062 238 255 255 255 255 255 255 255 255 255 255 170 000 000 000 132 255 255 255 255 255 255 255 255 255 220 028 000 
000 000 018 255 255 255 255 255 255 255 255 255 255 255 255 255 187 119 131 124 104 023 000 000 000 000 229 255 255 255 255 255 255 255 255 255 241 060 000 000 000 000 082 247 255 255 255 255 255 255 249 175 212 229 221 069 000 000 000 135 255 255 255 255 255 255 255 255 255 255 208 008 
000 000 018 255 255 255 255 255 255 255 255 255 255 255 255 255 243 024 000 000 000 000 000 000 000 004 243 255 255 255 255 255 255 255 255 255 255 251 102 000 000 106 253 255 255 255 255 255 255 255 255 086 000 000 000 000 000 000 000 167 255 255 255 255 255 255 255 255 255 255 255 149 
000 000 018 255 255 255 255 255 255 255 255 255 255 255 255 255 255 121 000 000 000 000 000 000 000 063 255 255 255 255 255 255 255 255 255 255 255 255 255 102 132 255 255 255 255 255 255 255 255 255 255 203 000 000 000 000 000 000 000 221 255 255 255 255 255 255 255 255 255 255 255 255 
000 000 018 255 255 255 255 255 255 255 255 255 255 255 255 255 255 218 000 000 000 000 000 000 063 217 255 255 255 255 255 255 255 255 255 255 255 255 255 254 255 255 255 255 255 255 255 255 255 255 255 255 054 000 000 000 000 000 124 255 255 255 255 255 255 255 255 255 255 255 255 255 
079 079 093 255 255 255 255 255 255 255 255 255 255 255 255 255 255 255 041 029 060 105 157 209 254 255 255 255 255 255 255 255 255 255 255 255 255 255 255 255 255 255 255 255 255 255 255 255 255 255 255 255 145 000 007 056 118 191 255 255 255 255 255 255 255 255 255 255 255 255 255 255 
255 255 255 255 255 255 255 255 255 255 255 255 255 255 255 255 255 255 254 255 255 255 255 255 255 255 255 255 255 255 255 255 255 255 255 255 255 255 255 255 255 255 255 255 255 255 255 255 255 255 255 255 242 227 254 255 255 255 255 255 255 255 255 255 255 255 255 255 255 255 255 255 
255 255 255 255 255 255 255 255 255 255 255 255 255 255 255 255 255 255 255 255 255 255 255 255 255 255 255 255 255 255 255 255 255 255 255 255 255 255 255 255 255 255 255 255 255 255 255 255 255 255 255 255 255 255 255 255 255 255 255 255 255 255 255 255 255 255 255 255 255 255 255 255 
255 255 255 255 255 255 255 255 255 255 255 255 255 255 255 255 255 255 255 255 255 255 255 255 255 255 255 255 255 255 255 255 255 255 255 255 255 255 255 255 255 255 255 255 255 255 255 255 255 255 255 255 255 255 255 255 255 255 255 255 255 255 255 255 255 255 255 255 255 255 255 255 
255 255 255 255 255 255 255 255 255 255 255 255 255 255 255 255 255 255 255 255 255 255 255 255 255 255 255 255 255 255 255 255 255 255 255 255 255 255 255 255 255 255 255 255 255 255 255 255 255 255 255 255 255 255 255 255 255 255 255 255 255 255 255 255 255 255 255 255 255 255 255 255 
255 255 255 255 255 255 255 255 255 255 255 255 255 255 255 255 255 255 255 255 255 255 255 255 255 255 255 255 255 255 255 255 255 255 255 255 255 255 255 255 255 255 255 255 255 255 255 255 255 255 255 255 255 255 255 255 255 255 255 255 255 255 255 255 255 255 255 255 255 255 255 255 
255 255 255 255 255 255 255 255 255 255 255 255 255 255 255 255 255 255 255 255 255 255 255 255 255 255 255 255 255 255 255 255 255 255 255 255 255 255 255 255 255 255 255 255 255 255 255 255 255 255 255 255 255 255 255 255 255 255 255 255 255 255 255 255 255 255 255 255 255 255 255 255 
255 255 255 255 255 255 255 255 255 255 255 255 255 255 255 255 255 255 255 255 255 255 255 255 255 255 255 255 255 255 255 255 255 255 255 255 255 255 255 255 255 255 255 255 255 255 255 255 255 255 255 255 255 255 255 255 255 255 255 255 255 255 255 255 255 255 255 255 255 255 255 255 
255 255 255 255 255 255 255 255 255 255 255 255 255 255 255 255 255 255 255 255 255 255 255 255 255 255 255 255 255 255 255 255 255 255 255 255 255 255 255 255 255 255 255 255 255 255 255 255 255 255 255 255 255 255 255 255 255 255 255 255 255 255 255 255 255 255 255 255 255 255 255 255 
255 255 255 255 255 255 255 255 255 255 255 255 255 255 255 255 255 255 255 255 255 255 255 255 255 255 255 255 255 255 255 255 255 255 255 255 255 255 255 255 255 255 255 255 255 255 255 255 255 255 255 255 255 255 255 255 255 255 255 255 255 255 255 255 255 255 255 255 255 255 255 255 
255 255 255 255 255 255 255 255 255 255 255 255 255 255 255 255 255 255 255 255 255 255 255 255 255 255 255 255 255 255 255 255 255 255 255 255 255 255 255 255 255 255 255 255 255 255 255 255 255 255 255 255 255 255 255 255 255 255 255 255 255 255 255 255 255 255 255 255 255 255 255 255 
255 255 255 255 255 255 255 255 255 255 255 255 255 255 255 255 255 255 255 255 255 255 255 255 255 255 255 255 255 255 255 255 255 255 255 255 255 255 255 255 255 255 255 255 255 255 255 255 255 255 255 255 255 255 255 255 255 255 255 255 255 255 255 255 255 255 255 255 255 255 255 255 
255 255 255 255 255 255 255 255 255 255 255 255 255 255 255 255 255 255 255 255 255 255 255 255 255 255 255 255 255 255 255 255 255 255 255 255 255 255 255 255 255 255 255 255 255 255 255 255 255 255 255 255 255 255 255 255 255 255 255 255 255 255 255 255 255 255 255 255 255 255 255 255 
255 255 255 255 255 255 255 255 255 255 255 255 255 255 255 255 255 255 255 255 255 255 255 255 255 255 255 255 255 255 255 255 255 255 255 255 255 255 255 255 255 255 255 255 255 255 255 255 255 255 255 255 255 255 255 255 255 255 255 255 255 255 255 255 255 255 255 255 255 255 255 255 
255 255 255 255 255 255 255 255 255 255 255 255 255 255 255 255 255 255 255 255 255 255 255 255 255 255 255 255 255 255 255 255 255 255 255 255 255 255 255 255 255 255 255 255 255 255 255 255 255 255 255 255 255 255 255 255 255 255 255 255 255 255 255 255 255 255 255 255 255 255 255 255 
255 255 255 255 255 255 255 255 255 255 255 255 255 255 255 255 255 255 255 255 255 255 255 255 255 255 255 255 255 255 255 255 255 255 255 255 255 255 255 255 255 255 255 255 255 255 255 255 255 255 255 255 255 255 255 255 255 255 255 255 255 255 255 255 255 255 255 255 255 255 255 255 
255 255 255 255 255 255 255 255 255 255 255 255 255 255 255 255 255 255 255 255 255 255 255 255 255 255 255 255 255 255 255 255 255 255 255 255 255 255 255 255 255 255 255 255 255 255 255 255 255 255 255 255 255 255 255 255 255 255 255 255 255 255 255 255 255 255 255 255 255 255 255 255 
255 255 255 255 255 255 255 255 255 255 255 255 255 255 255 255 255 255 255 255 255 255 255 255 255 255 255 255 255 255 255 255 255 255 255 255 255 255 255 255 255 255 255 255 255 255 255 255 255 255 255 255 255 255 255 255 255 255 255 255 255 255 255 255 255 255 255 255 255 255 255 255 
255 255 255 255 255 255 255 255 255 255 255 255 255 255 255 255 255 255 255 255 255 255 255 255 255 255 255 255 255 255 255 255 255 255 255 255 255 255 255 255 255 255 255 255 255 255 255 255 255 255 255 255 255 255 255 255 255 255 255 255 255 255 255 255 255 255 255 255 255 255 255 255 
255 255 255 255 255 255 255 255 255 255 255 255 255 255 255 255 255 255 255 255 255 255 255 255 255 255 255 255 255 255 255 255 255 255 255 255 255 255 255 255 255 255 255 255 255 255 255 255 255 255 255 255 255 255 255 255 255 255 255 255 255 255 255 255 255 255 255 255 255 255 255 255 
255 255 255 255 255 255 255 255 255 255 255 255 255 255 255 255 255 255 255 255 255 255 255 255 255 255 255 255 255 255 255 255 255 255 255 255 255 255 255 255 255 255 255 255 255 255 255 255 255 255 255 255 255 255 255 255 255 255 255 255 255 255 255 255 255 255 255 255 255 255 255 255 
255 255 255 255 255 255 255 255 255 255 255 255 255 255 255 255 255 255 255 255 255 255 255 255 255 255 255 255 255 255 255 255 255 255 255 255 255 255 255 255 255 255 255 255 255 255 255 255 255 255 255 255 255 255 255 255 255 255 255 255 255 255 255 255 255 255 255 255 255 255 255 255 
255 255 255 255 255 255 255 255 255 255 255 255 255 255 255 255 255 255 255 255 255 255 255 255 255 255 255 255 255 255 255 255 255 255 255 255 255 255 255 255 255 255 255 255 255 255 255 255 255 255 255 255 255 255 255 255 255 255 255 255 255 255 255 255 255 255 255 255 255 255 255 255 
255 255 255 255 255 255 255 255 255 255 255 255 255 255 255 255 255 255 255 255 255 255 255 255 255 255 255 255 255 255 255 255 255 255 255 255 255 255 255 255 255 255 255 255 255 255 255 255 255 255 255 255 255 255 255 255 255 255 255 255 255 255 255 255 255 255 255 255 255 255 255 255 
255 255 255 255 255 255 255 255 255 255 255 255 255 255 255 255 255 255 255 255 255 255 255 255 255 255 255 255 255 255 255 255 255 255 255 255 255 255 255 255 255 255 255 255 255 255 255 255 255 255 255 255 255 255 255 255 255 255 255 255 255 255 255 255 255 255 255 255 255 255 255 255 
255 255 255 255 255 255 255 255 255 255 255 255 255 255 255 255 255 255 255 255 255 255 255 255 255 255 255 255 255 255 255 255 255 255 255 255 255 255 255 255 255 255 255 255 255 255 255 255 255 255 255 255 255 255 255 255 255 255 255 255 255 255 255 255 255 255 255 255 255 255 255 255 
255 255 255 255 255 255 255 255 255 255 255 255 255 255 255 255 255 255 255 255 255 255 255 255 255 255 255 255 255 255 255 255 255 255 255 255 255 255 255 255 255 255 255 255 255 255 255 255 255 255 255 255 255 255 255 255 255 255 255 255 255 255 255 255 255 255 255 255 255 255 255 255 
255 255 255 255 255 255 255 255 255 255 255 255 255 255 255 255 255 255 255 255 255 255 255 255 255 255 255 255 255 255 255 255 255 255 255 255 255 255 255 255 255 255 255 255 255 255 255 255 255 255 255 255 255 255 255 255 255 255 255 255 255 255 255 255 255 255 255 255 255 255 255 255 
255 255 255 255 255 255 255 255 255 255 255 255 255 255 255 255 255 255 255 255 255 255 255 255 255 255 255 255 255 255 255 255 255 255 255 255 255 255 255 255 255 255 255 255 255 255 255 255 255 255 255 255 255 255 255 255 255 255 255 255 255 255 255 255 255 255 255 255 255 255 255 255 
255 255 255 255 255 255 255 255 255 255 255 255 255 255 255 255 255 255 255 255 255 255 255 255 255 255 255 255 255 255 255 255 255 255 255 255 255 255 255 255 255 255 255 255 255 255 255 255 255 255 255 255 255 255 255 255 255 255 255 255 255 255 255 255 255 255 255 255 255 255 255 255 
255 255 255 255 255 255 255 255 255 255 255 255 255 255 255 255 255 255 255 255 255 255 255 255 255 255 255 255 255 255 255 255 255 057 032 046 038 027 111 255 255 255 255 255 255 255 255 255 255 255 255 255 255 255 255 255 255 255 255 255 255 255 255 255 255 255 255 255 255 255 255 255 
255 255 255 255 255 255 255 255 255 255 255 255 255 255 255 255 255 255 255 255 255 255 255 255 255 255 255 255 255 255 255 255 255 070 000 000 000 031 227 255 255 255 255 255 255 255 255 255 255 255 255 255 255 255 255 255 255 255 255 255 255 255 255 255 255 255 255 255 255 255 255 255 
255 255 255 255 255 255 255 255 255 255 255 255 255 255 255 255 255 255 255 255 255 255 255 255 255 255 255 255 255 255 255 255 255 097 000 000 000 114 255 255 255 255 255 255 255 255 255 255 255 255 255 255 255 255 255 255 255 255 255 255 255 255 255 255 255 255 255 255 255 255 255 255 
088 085 083 080 078 065 048 031 014 232 255 255 255 255 255 255 255 255 255 255 255 255 255 255 255 255 255 255 255 255 255 255 255 103 000 000 000 151 255 255 255 255 255 255 255 255 255 255 255 255 255 255 255 255 255 255 255 255 255 255 255 255 255 255 255 255 255 255 255 255 255 255 
000 000 000 000 000 000 000 000 000 231 255 255 255 255 255 255 255 255 255 255 255 255 255 255 255 255 255 255 255 255 255 255 255 107 000 000 000 153 255 255 255 255 255 255 255 255 255 255 255 255 255 255 255 255 255 255 255 255 255 255 255 255 255 255 255 255 255 255 255 255 255 255 
000 000 000 000 000 000 000 000 000 231 255 255 255 255 255 255 255 255 255 255 255 255 255 255 255 255 255 255 255 255 255 255 255 111 000 000 000 153 255 255 255 255 255 255 255 255 255 255 255 255 255 255 255 255 255 255 255 255 255 255 255 255 255 255 255 255 255 255 255 255 255 255 
220 218 216 215 213 203 190 177 165 246 255 255 255 255 255 255 255 255 255 255 255 255 255 255 255 255 255 255 255 255 255 255 255 114 000 000 000 153 255 255 255 255 255 255 255 255 255 255 255 255 255 255 255 255 255 255 255 255 255 255 255 255 255 255 255 255 255 255 255 255 255 255 
255 255 255 255 255 255 255 255 255 255 255 255 255 255 255 255 255 255 255 255 255 255 255 255 255 255 255 255 255 255 255 255 255 117 000 000 000 153 255 255 255 255 255 255 255 255 255 255 255 255 255 255 255 255 255 255 255 255 255 255 255 255 255 255 255 255 255 255 255 255 255 255 
219 217 215 211 194 176 210 255 255 255 255 255 255 255 255 255 255 255 255 255 255 255 255 255 255 255 255 255 255 255 255 255 255 117 000 000 000 153 255 255 255 255 255 255 255 255 255 255 255 255 255 255 255 255 255 255 255 255 255 255 255 255 255 255 255 255 255 255 255 255 255 255 
000 000 000 000 000 000 144 255 255 255 255 255 255 255 255 255 255 255 255 255 255 255 255 255 255 255 255 255 255 255 255 255 255 117 000 000 000 153 255 255 255 255 255 255 255 255 255 255 255 255 255 255 255 255 255 255 255 255 255 255 255 255 255 255 255 255 255 255 255 255 255 255 
000 000 000 000 000 000 165 255 255 255 255 255 255 255 255 255 255 255 255 255 255 255 252 191 252 255 255 255 255 255 255 255 255 117 000 000 000 153 255 255 255 255 255 255 255 249 232 255 255 255 255 255 255 255 255 255 255 255 255 255 255 255 255 255 255 255 255 255 255 255 255 255 
203 203 203 011 000 000 173 255 255 255 255 255 255 255 255 255 255 255 255 255 255 255 213 000 021 094 141 193 255 255 255 255 255 117 000 000 000 153 255 255 255 255 255 229 125 023 051 252 255 255 255 255 255 255 255 255 255 255 255 255 255 255 255 255 255 255 255 255 255 255 255 255 
255 255 255 013 000 000 177 255 255 255 255 255 255 255 255 255 255 255 255 255 255 255 165 000 000 000 000 049 255 255 255 255 255 117 000 000 000 153 255 255 255 255 247 025 000 000 000 142 255 255 255 255 255 255 255 255 255 255 255 255 255 255 255 255 255 255 255 255 255 255 255 255 
166 166 166 009 000 000 180 255 255 255 255 255 255 255 255 255 255 255 255 255 255 255 099 000 000 000 040 248 255 255 255 255 255 117 000 000 000 153 255 255 255 255 255 160 000 000 000 011 225 255 255 255 255 255 255 255 255 255 255 255 255 255 255 255 255 255 255 255 255 255 255 255 
000 000 000 000 000 000 180 255 255 255 255 255 255 255 255 255 255 255 255 255 255 255 026 000 000 000 166 255 255 255 255 255 255 117 000 000 000 153 255 255 255 255 255 255 066 000 000 000 083 255 255 255 255 255 255 255 255 255 255 255 255 255 255 255 255 255 255 255 255 255 255 255 
000 000 000 000 000 000 180 255 255 255 255 255 255 255 255 255 255 255 255 255 255 207 000 000 000 014 247 255 255 255 255 255 255 117 000 000 000 153 255 255 255 255 255 255 218 006 000 000 000 195 255 255 255 255 255 255 255 255 255 255 255 255 255 255 255 255 255 255 255 255 255 255 
229 229 229 012 000 000 180 255 255 255 255 255 255 255 255 255 255 255 255 255 255 132 000 000 000 095 255 255 255 255 255 255 255 117 000 000 000 153 255 255 255 255 255 255 255 105 000 000 000 053 254 255 255 255 255 255 255 255 255 255 255 255 255 255 255 255 255 255 255 255 255 255 
255 255 255 013 000 000 180 255 255 255 255 255 255 255 255 255 255 255 255 255 255 048 000 000 000 184 255 255 255 255 255 255 255 117 000 000 000 153 255 255 255 255 255 255 255 227 007 000 000 000 165 255 255 255 255 255 255 255 255 255 255 255 255 255 255 255 255 255 255 255 255 255 
141 141 141 007 000 000 180 255 255 255 255 255 255 255 255 255 255 255 255 255 196 000 000 000 021 251 255 255 255 255 255 255 255 117 000 000 000 153 255 255 255 255 255 255 255 255 106 000 000 000 030 247 255 255 255 255 255 255 255 255 255 255 255 255 255 255 255 255 255 255 255 255 
000 000 000 000 000 000 180 255 255 255 255 255 255 255 255 255 255 255 255 255 089 000 000 000 120 255 255 255 255 255 255 255 255 117 000 000 000 153 255 255 255 255 255 255 255 255 228 007 000 000 000 135 255 255 255 255 255 255 255 255 255 255 255 255 255 255 255 255 255 255 255 255 
000 000 000 000 000 000 180 255 255 255 255 255 255 255 255 255 255 255 255 231 005 000 000 007 230 255 255 255 255 255 255 255 255 117 000 000 000 153 255 255 255 255 255 255 255 255 255 108 000 000 000 014 234 255 255 255 255 255 255 255 255 255 255 255 255 255 255 255 255 255 255 255 
254 254 254 013 000 000 180 255 255 255 255 255 255 255 255 255 255 255 255 123 000 000 000 099 255 255 255 255 255 255 255 255 255 117 000 000 000 153 255 255 255 255 255 255 255 255 255 229 007 000 000 000 105 255 255 255 255 255 255 255 255 255 255 255 255 255 255 255 255 255 255 255 
255 255 255 013 000 000 180 255 255 255 255 255 255 255 255 255 255 255 228 010 000 000 001 216 255 255 255 255 255 255 255 255 255 117 000 000 000 153 255 255 255 255 255 255 255 255 255 255 109 000 000 000 004 222 255 255 255 255 255 255 255 255 255 255 255 255 255 255 255 255 255 255 
104 104 104 005 000 000 180 255 255 255 255 255 255 255 255 255 255 255 096 000 000 000 079 255 255 255 255 255 255 255 255 255 255 117 000 000 000 153 255 255 255 255 255 255 255 255 255 255 230 008 000 000 000 102 255 255 255 255 255 255 255 255 255 255 255 255 255 255 255 255 255 255 
000 000 000 000 000 000 180 255 255 255 255 255 255 255 255 255 255 208 002 000 000 000 196 255 255 255 255 255 255 255 255 255 255 117 000 000 000 153 255 255 255 255 255 255 255 255 255 255 255 093 000 000 000 006 227 255 255 255 255 255 255 255 255 255 255 255 255 255 255 255 255 255 
023 023 023 001 000 000 180 255 255 255 255 255 255 255 255 255 254 062 000 000 000 060 255 255 255 255 255 255 255 255 255 255 255 117 000 000 000 153 255 255 255 255 255 255 255 255 255 255 255 192 000 000 000 000 109 255 255 255 255 255 255 255 255 255 255 255 255 255 255 255 255 255 
255 255 255 013 000 000 180 255 255 255 255 255 255 255 255 255 141 000 000 000 003 206 255 255 255 255 255 255 255 255 255 255 255 117 000 000 000 153 255 255 255 255 255 255 255 255 255 255 255 255 037 000 003 083 198 255 255 255 255 255 255 255 255 255 255 255 255 255 255 255 255 255 
255 255 255 013 000 000 180 255 255 255 255 255 255 255 255 255 197 139 066 000 115 255 255 255 255 255 255 255 255 255 255 255 255 117 000 000 000 153 255 255 255 255 255 255 255 255 255 255 255 255 147 112 223 255 255 255 255 255 255 255 255 255 247 178 159 178 247 255 255 255 255 255 
124 124 124 006 000 000 086 118 113 095 208 255 255 255 255 255 255 255 255 208 244 255 255 255 255 255 255 255 255 255 255 255 255 117 000 000 000 153 255 255 255 255 255 255 255 255 255 255 255 255 255 255 255 255 255 255 255 255 255 255 254 128 019 000 000 000 019 128 254 255 255 255 
000 000 000 000 000 000 000 000 000 000 185 255 255 255 255 255 255 255 255 255 255 255 255 255 255 255 255 255 255 255 255 255 255 117 000 000 000 153 255 255 255 255 255 255 255 255 255 255 255 255 255 255 255 255 255 255 255 255 255 254 103 000 019 111 147 112 018 000 101 254 255 255 
000 000 000 000 000 000 000 000 000 000 185 255 255 255 255 255 255 255 255 255 255 255 255 255 255 255 255 255 255 255 255 255 255 117 000 000 000 153 255 255 255 255 255 255 255 255 255 255 255 255 255 255 255 255 255 255 255 255 255 182 000 047 236 255 255 255 236 048 000 177 255 255 
136 153 188 187 186 185 184 178 156 133 218 255 255 255 255 255 255 255 255 255 255 255 255 255 255 255 255 255 255 255 255 255 255 117 000 000 000 153 255 255 255 255 255 255 255 255 255 255 255 255 255 255 255 255 255 255 255 255 255 077 000 208 255 255 255 255 255 212 000 071 255 255 
017 003 087 209 255 255 255 255 255 255 255 255 255 255 255 255 255 255 255 255 255 255 255 255 255 255 255 255 255 255 255 255 255 104 000 000 000 153 255 255 255 255 255 255 255 255 255 255 255 255 255 255 255 255 255 255 255 255 255 021 037 255 255 255 255 255 255 255 045 013 255 255 
000 000 000 000 075 202 255 255 255 255 255 255 255 255 255 255 255 255 255 255 255 255 255 255 255 255 255 255 225 230 237 214 139 015 000 000 000 155 255 255 255 255 255 255 255 255 255 255 255 255 255 255 255 255 255 255 255 255 255 020 042 255 255 255 255 255 255 255 053 010 255 255 
088 001 000 000 000 001 094 230 255 255 255 255 255 255 255 255 255 255 255 255 255 255 255 255 255 255 255 255 084 000 000 000 000 000 000 000 000 169 255 255 255 255 255 255 255 255 255 255 255 255 255 255 255 255 255 255 255 255 255 067 001 218 255 255 255 255 255 233 005 046 255 255 
255 203 064 000 000 000 000 012 133 248 255 255 255 255 255 255 255 255 255 255 255 255 255 255 255 255 255 255 215 000 000 000 000 000 000 000 001 233 255 255 255 255 255 255 255 255 255 255 255 255 255 255 255 255 255 255 255 255 255 172 000 065 246 255 255 255 252 090 000 151 255 255 
255 255 255 174 023 000 000 000 000 184 255 255 255 255 255 255 255 255 255 255 255 255 255 255 255 255 255 255 255 055 000 000 000 000 000 006 139 255 255 255 255 255 255 255 255 255 255 255 255 255 255 255 255 255 255 255 255 255 255 252 081 000 041 149 189 158 056 000 048 244 255 255 
255 255 255 255 235 083 000 000 115 255 255 255 255 255 255 255 255 255 255 255 255 255 255 255 255 255 255 255 255 138 000 000 020 077 136 214 255 255 255 255 255 255 255 255 255 255 255 255 255 255 255 255 255 255 255 255 255 255 255 255 250 099 004 000 000 000 000 074 241 255 255 255 
255 255 255 255 255 255 164 074 251 255 255 255 255 255 255 255 255 255 255 255 255 255 255 255 255 255 255 255 255 229 198 233 255 255 255 255 255 255 255 255 255 255 255 255 255 255 255 255 255 255 255 255 255 255 255 255 255 255 255 255 255 255 228 140 119 136 217 255 255 255 255 255 
255 255 255 255 255 255 255 255 255 255 255 255 255 255 255 255 255 255 255 255 255 255 255 255 255 255 255 255 255 255 255 255 255 255 255 255 255 255 255 255 255 255 255 255 255 255 255 255 255 255 255 255 255 255 255 255 255 255 255 255 255 255 255 255 255 255 255 255 255 255 255 255 
255 255 255 255 255 255 255 255 255 255 255 255 255 255 255 255 255 255 255 255 255 255 255 255 255 255 255 255 255 255 255 255 255 255 255 255 255 255 255 255 255 255 255 255 255 255 255 255 255 255 255 255 255 255 255 255 255 255 255 255 255 255 255 255 255 255 255 255 255 255 255 255 
255 255 255 255 255 255 255 255 255 255 255 255 255 255 255 255 255 255 255 255 255 255 255 255 255 255 255 255 255 255 255 255 255 255 255 255 255 255 255 255 255 255 255 255 255 255 255 255 255 255 255 255 255 255 255 255 255 255 255 255 255 255 255 255 255 255 255 255 255 255 255 255 
255 255 255 255 255 255 255 255 255 255 255 255 255 255 255 255 255 255 255 255 255 255 255 255 255 255 255 255 255 255 255 255 255 255 255 255 255 255 255 255 255 255 255 255 255 255 255 255 255 255 255 255 255 255 255 255 255 255 255 255 255 255 255 255 255 255 255 255 255 255 255 255 
255 255 255 255 255 255 255 255 255 255 255 255 255 255 255 255 255 255 255 255 255 255 255 255 255 255 255 255 255 255 255 255 255 255 255 255 255 255 255 255 255 255 255 255 255 255 255 255 255 255 255 255 255 255 255 255 255 255 255 255 255 255 255 255 255 255 255 255 255 255 255 255 
255 255 255 255 255 255 255 255 255 255 255 255 255 255 255 255 255 255 255 255 255 255 255 255 255 255 255 255 255 255 255 255 255 255 255 255 255 255 255 255 255 255 255 255 255 255 255 255 255 255 255 255 255 255 255 255 255 255 255 255 255 255 255 255 255 255 255 255 255 255 255 255 
255 255 255 255 255 255 255 255 255 255 255 255 255 255 255 255 255 255 255 255 255 255 255 255 255 255 255 255 255 255 255 255 255 255 255 255 255 255 255 255 255 255 255 255 255 255 255 255 255 255 255 255 255 255 255 255 255 255 255 255 255 255 255 255 255 255 255 255 255 255 255 255 
255 255 255 255 255 255 255 255 255 255 255 255 255 255 255 255 255 255 255 255 255 255 255 255 255 255 255 255 255 255 255 255 255 255 255 255 255 255 255 255 255 255 255 255 255 255 255 255 255 255 255 255 255 255 255 255 255 255 255 255 255 255 255 255 255 255 255 255 255 255 255 255 
255 255 255 255 255 255 255 255 255 255 255 255 255 255 255 255 255 255 255 255 255 255 255 255 255 255 255 255 255 255 255 255 255 255 255 255 255 255 255 255 255 255 255 255 255 255 255 255 255 255 255 255 255 255 255 255 255 255 255 255 255 255 255 255 255 255 255 255 255 255 255 255 
255 255 255 255 255 255 255 255 255 255 255 255 255 255 255 255 255 255 255 255 255 255 255 255 255 255 255 255 255 255 255 255 255 255 255 255 255 255 255 255 255 255 255 255 255 255 255 255 255 255 255 255 255 255 255 255 255 255 255 255 255 255 255 255 255 255 255 255 255 255 255 255 
255 255 255 255 255 255 255 255 255 255 255 255 255 255 255 255 255 255 255 255 255 255 255 255 255 255 255 255 255 255 255 255 255 255 255 255 255 255 255 255 255 255 255 255 255 255 255 255 255 255 255 255 255 255 255 255 255 255 255 255 255 255 255 255 255 255 255 255 255 255 255 255 
255 255 255 255 255 255 255 255 255 255 255 255 255 255 255 255 255 255 255 255 255 255 255 255 255 255 255 255 255 255 255 255 255 255 255 255 255 255 255 255 255 255 255 255 255 255 255 255 255 255 255 255 255 255 255 255 255 255 255 255 255 255 255 255 255 255 255 255 255 255 255 255 
255 255 255 255 255 255 255 255 255 255 255 255 255 255 255 255 255 255 255 255 255 255 255 255 255 255 255 255 255 255 255 255 255 255 255 255 255 255 255 255 255 255 255 255 255 255 255 255 255 255 255 255 255 255 255 255 255 255 255 255 255 255 255 255 255 255 255 255 255 255 255 255 
255 255 255 255 255 255 255 255 255 255 255 255 255 255 255 255 255 255 255 255 255 255 255 255 255 255 255 255 255 255 255 255 255 255 255 255 255 255 255 255 255 255 255 255 255 255 255 255 255 255 255 255 255 255 255 255 255 255 255 255 255 255 255 255 255 255 255 255 255 255 255 255 
255 255 255 255 255 255 255 255 255 255 255 255 255 255 255 255 255 255 255 255 255 255 255 255 255 255 255 255 255 255 255 255 255 255 255 255 255 255 255 255 255 255 255 255 255 255 255 255 255 255 255 255 255 255 255 255 255 255 255 255 255 255 255 255 255 255 255 255 255 255 255 255 
255 255 255 255 255 255 255 255 255 255 255 255 255 255 255 255 255 255 255 255 255 255 255 255 255 255 255 255 255 255 255 255 255 255 255 255 255 255 255 255 255 255 255 255 255 255 255 255 255 255 255 255 255 255 255 255 255 255 255 255 255 255 255 255 255 255 255 255 255 255 255 255 
255 255 255 255 255 255 255 255 255 255 255 255 255 255 255 255 255 255 255 255 255 255 255 255 255 255 255 255 255 255 255 255 255 255 255 255 255 255 255 255 255 255 255 255 255 255 255 255 255 255 255 255 255 255 255 255 255 255 255 255 255 255 255 255 255 255 255 255 255 255 255 255 
255 255 255 255 255 255 255 255 255 255 255 255 255 255 255 255 255 255 255 255 255 255 255 255 255 255 255 255 255 255 255 255 255 255 255 255 255 255 255 255 255 255 255 255 255 255 255 255 255 255 255 255 255 255 255 255 255 255 255 255 255 255 255 255 255 255 255 255 255 255 255 255 
255 255 255 255 255 255 255 255 255 255 255 255 255 255 255 255 255 255 255 255 255 255 255 255 255 255 255 255 255 255 255 255 255 255 255 255 255 255 255 255 255 255 255 255 255 255 255 255 255 255 255 255 255 255 255 255 255 255 255 255 255 255 255 255 255 255 255 255 255 255 255 255 
255 255 255 255 255 255 255 255 255 255 255 255 255 255 255 255 255 255 255 255 255 255 255 255 255 255 255 255 255 255 255 255 255 255 255 255 255 255 255 255 255 255 255 255 255 255 255 255 255 255 255 255 255 255 255 255 255 255 255 255 255 255 255 255 255 255 255 255 255 255 255 255 
255 255 255 255 255 255 255 255 255 255 255 255 255 255 255 255 255 255 255 255 255 255 255 255 255 255 255 255 255 255 255 255 255 255 255 255 255 255 255 255 255 255 255 255 255 255 255 255 255 255 255 255 255 255 255 255 255 255 255 255 255 255 255 255 255 255 255 255 255 255 255 255 
255 255 255 255 255 255 255 255 255 255 255 255 255 255 255 255 255 255 255 255 255 255 255 255 255 255 255 255 255 255 255 255 255 255 255 255 255 255 255 255 255 255 255 255 255 255 255 255 255 255 255 255 255 255 255 255 255 255 255 255 255 255 255 255 255 255 255 255 255 255 255 255 
