200 045 000 000 000 183 255 255 255 255 253 017 036 056 066 075 084 093 102 111 119 128 137 145 154 163 171 180 189 197 206 214 223 171 000 000 000 196 255 255 255 255 255 255 255 255 098 000 000 000 000 000 000 000 000 000 000 000 000 000 000 000 000 000 000 000 000 000 000 000 000 000 
255 252 138 003 003 242 255 255 255 255 255 255 255 255 255 255 255 255 255 255 255 255 255 255 255 255 255 255 255 255 255 255 255 189 000 000 000 181 255 255 255 255 255 255 255 255 175 133 145 157 169 181 193 203 206 207 209 210 212 213 215 217 218 220 220 219 217 216 214 213 211 210 
255 255 255 179 065 255 255 255 255 255 255 255 255 255 255 255 255 255 255 255 255 255 255 255 255 255 255 255 255 255 255 255 255 197 028 028 028 177 255 255 255 255 255 255 255 255 255 255 255 255 255 255 255 255 255 255 255 255 255 255 255 255 255 255 255 255 255 255 255 255 255 255 
255 255 255 255 245 255 255 255 255 255 255 255 255 255 255 255 255 255 255 255 255 255 255 255 255 255 255 255 255 255 255 255 255 255 255 255 255 255 255 255 255 255 255 255 255 255 255 255 255 255 255 255 255 255 255 255 255 255 255 255 255 255 255 255 255 255 255 255 255 255 255 255 
255 255 255 255 255 255 255 255 255 255 255 255 255 255 255 255 255 255 255 255 255 255 255 255 255 255 255 255 255 255 255 255 255 255 255 255 255 255 255 255 255 255 255 255 255 255 255 255 255 255 255 255 255 255 255 255 255 255 255 255 255 255 255 255 255 255 255 255 255 255 255 255 
255 255 255 255 255 255 255 255 255 255 255 255 255 255 255 255 255 255 255 255 255 255 255 255 255 255 255 255 255 255 255 255 255 255 255 255 255 255 255 255 255 255 255 255 255 255 255 255 255 255 255 255 255 255 255 255 255 255 255 255 255 255 255 255 255 255 255 255 255 255 255 255 
255 255 255 255 255 255 255 255 255 255 255 255 255 255 255 255 255 255 255 255 255 255 255 255 255 255 255 255 255 255 255 255 255 255 255 255 255 255 255 255 255 255 255 255 255 255 255 255 255 255 255 255 255 255 255 255 255 255 255 255 255 255 255 255 255 255 255 255 255 255 255 255 
255 255 255 255 255 255 255 255 255 255 255 255 255 255 255 255 255 255 255 255 255 255 255 255 255 255 255 255 255 255 255 255 255 255 255 255 255 255 255 255 255 255 255 255 255 255 255 255 255 255 255 255 255 255 255 255 255 255 255 255 255 255 255 255 255 255 255 255 255 255 255 255 
255 255 255 255 255 255 255 255 255 255 255 255 255 255 255 255 255 255 255 255 255 255 255 255 255 255 255 255 255 255 255 255 255 255 255 255 255 255 255 255 255 255 255 255 255 255 255 255 255 255 255 255 255 255 255 255 255 255 255 255 255 255 255 255 255 255 255 255 255 255 255 255 
255 255 255 255 255 255 255 255 255 255 255 255 255 255 255 255 255 255 255 255 255 255 255 255 255 255 255 255 255 255 255 255 255 255 255 255 255 255 255 255 255 255 255 255 255 255 255 255 255 255 255 255 255 255 255 255 255 255 255 255 255 255 255 255 255 255 255 255 255 255 255 255 
255 255 255 255 255 255 255 255 255 255 255 255 255 255 255 255 255 255 255 255 255 255 255 255 255 255 255 255 255 255 255 255 255 255 255 255 255 255 255 255 255 255 255 255 255 255 255 255 255 255 255 255 255 255 255 255 255 255 255 255 255 255 255 255 255 255 255 255 255 255 255 255 
255 255 255 255 255 255 255 255 255 255 255 255 255 255 255 255 255 255 255 255 255 255 255 255 255 255 255 255 255 255 255 255 255 255 255 255 255 255 255 255 255 255 255 255 255 255 255 255 255 255 255 255 255 255 255 255 255 255 255 255 255 255 255 255 255 255 255 255 255 255 255 255 
255 255 255 255 255 255 255 255 255 255 255 255 255 255 255 255 255 255 255 255 255 255 255 255 255 255 255 255 255 255 255 255 255 255 255 255 255 255 255 255 255 255 255 255 255 255 255 255 255 255 255 255 255 255 255 255 255 255 255 255 255 255 255 255 255 255 255 255 255 255 255 255 
255 255 255 255 255 255 255 255 255 255 255 255 255 255 255 255 255 255 255 255 255 255 255 255 255 255 255 255 255 255 255 255 255 255 255 255 255 255 255 255 255 255 255 255 255 255 255 255 255 255 255 255 255 255 255 255 255 255 255 255 255 255 255 255 255 255 255 255 255 255 255 255 
255 255 255 255 255 255 255 255 255 255 255 255 255 255 255 255 255 255 255 255 255 255 255 255 255 255 255 255 255 255 255 255 255 255 255 255 255 255 255 255 255 255 255 255 255 255 255 255 255 255 255 255 255 255 255 255 255 255 255 255 255 255 255 255 255 255 255 255 255 255 255 255 
255 255 255 255 255 255 255 255 255 255 255 255 255 255 255 255 255 255 255 255 255 255 255 255 255 255 255 255 255 255 255 255 255 255 255 255 255 255 255 255 255 255 255 255 255 255 255 255 255 255 255 255 255 255 255 255 255 255 255 255 255 255 255 255 255 255 255 255 255 255 255 255 
255 255 255 255 255 255 255 255 255 255 255 255 255 255 255 255 255 255 255 255 255 255 255 255 255 255 255 255 255 255 255 255 255 255 255 255 255 255 255 255 255 255 255 255 255 255 255 255 255 255 255 255 255 255 255 255 255 255 255 255 255 255 255 255 255 255 255 255 255 255 255 255 
255 255 255 255 255 255 255 255 255 255 255 255 255 255 255 255 255 255 255 255 255 255 255 255 255 255 255 255 255 255 255 255 255 255 255 255 255 255 255 255 255 255 255 255 255 255 255 255 255 255 255 255 255 255 255 255 255 255 255 255 255 255 255 255 255 255 255 255 255 255 255 255 
255 255 255 255 255 255 255 255 255 255 255 255 255 255 255 255 255 255 255 255 255 255 255 255 255 255 255 255 255 255 255 255 255 255 255 255 255 255 255 255 255 255 255 255 255 255 255 255 255 255 255 255 255 255 255 255 255 255 255 255 255 255 255 255 255 255 255 255 255 255 255 255 
255 255 255 255 255 255 255 255 255 255 255 255 255 255 255 255 255 255 255 255 255 255 255 255 255 255 255 255 255 255 255 255 255 255 255 255 255 255 255 255 255 255 255 255 255 255 255 255 255 255 255 255 255 255 255 255 255 255 255 255 255 255 255 255 255 255 255 255 255 255 255 255 
255 255 255 255 255 255 255 255 255 255 255 255 255 255 255 255 255 255 255 255 255 255 255 255 255 255 255 255 255 255 255 255 255 255 255 255 255 255 255 255 255 255 255 255 255 255 255 255 255 255 255 255 255 255 255 255 255 255 255 255 255 255 255 255 255 255 255 255 255 255 255 255 
255 255 255 255 255 255 255 255 255 255 255 255 255 255 255 255 255 255 255 255 255 255 255 255 255 255 255 255 255 255 255 255 255 255 255 255 255 255 255 255 255 255 255 255 255 255 255 255 255 255 255 255 255 255 255 255 255 255 255 255 255 255 255 255 255 255 255 255 255 255 255 255 
255 255 255 255 255 255 255 255 255 255 255 255 255 255 255 255 255 255 255 255 255 255 255 255 255 255 255 255 255 255 255 255 255 255 255 255 255 255 255 255 255 255 255 255 255 255 255 255 255 255 255 255 255 255 255 255 255 255 255 255 255 255 255 255 255 255 255 255 255 255 255 255 
255 255 255 255 255 255 255 255 255 255 255 255 255 255 255 255 255 255 255 255 255 255 255 255 255 255 255 255 255 255 255 255 255 255 255 255 255 255 255 255 255 255 255 255 255 255 255 255 255 255 255 255 255 255 255 255 255 255 255 255 255 255 255 255 255 255 255 255 255 255 255 255 
255 255 255 255 255 255 255 255 255 255 255 255 255 255 255 255 255 255 255 255 255 255 255 255 255 255 255 255 255 255 255 255 255 255 255 255 255 255 255 255 255 255 255 255 255 255 255 255 255 255 255 255 255 255 255 255 255 255 255 255 255 255 255 255 255 255 255 255 255 255 255 255 
255 255 255 255 255 255 255 255 255 255 255 255 255 255 255 255 255 255 255 255 255 255 255 255 255 255 255 255 255 255 255 255 255 255 255 255 255 255 255 255 255 255 255 255 255 255 255 255 255 255 255 255 255 255 255 255 255 255 255 255 255 255 255 255 255 255 255 255 255 255 255 255 
255 255 255 255 255 255 255 255 255 255 255 255 255 255 255 255 255 255 255 255 255 255 255 255 255 255 255 255 255 255 255 255 255 255 255 255 255 255 255 255 255 255 255 255 255 255 255 255 255 255 255 255 255 255 255 255 255 255 255 255 255 255 255 255 255 255 255 255 255 255 255 255 
255 255 255 255 255 255 255 255 255 255 255 255 255 255 255 255 255 255 255 255 255 255 255 255 255 255 255 255 255 255 255 255 255 255 255 255 255 255 255 255 255 255 255 255 255 255 255 255 255 255 255 255 255 255 255 255 255 255 255 255 255 255 255 255 255 255 255 255 255 255 255 255 
255 255 255 255 255 255 255 255 255 255 255 255 255 255 255 255 255 255 255 255 255 255 255 255 255 255 255 255 255 255 255 255 255 255 255 255 255 255 255 255 255 255 255 255 255 255 255 255 255 255 255 255 255 255 255 255 255 255 255 255 255 255 255 255 255 255 255 255 255 255 255 255 
255 255 255 255 255 255 255 255 255 255 255 255 255 255 255 255 255 255 255 255 255 255 255 255 255 255 255 255 255 255 255 255 255 255 255 255 255 255 255 255 255 255 255 255 255 255 255 255 255 255 255 255 255 255 255 255 255 255 255 255 255 255 255 255 255 255 255 255 255 255 255 255 
255 255 255 255 255 255 255 255 255 255 255 255 255 255 255 255 255 255 255 255 255 255 255 255 255 255 255 255 255 255 255 255 255 255 255 255 255 255 255 255 255 255 255 255 255 255 255 255 255 255 255 255 255 255 255 255 255 255 255 255 255 255 255 255 255 242 201 233 255 255 255 255 
255 255 255 255 255 255 255 255 122 098 122 130 148 255 255 255 255 255 255 255 255 255 255 255 255 255 255 255 255 255 255 255 255 255 255 255 255 255 255 255 255 255 255 255 255 255 255 255 255 255 255 255 255 255 255 255 255 255 255 255 255 255 250 070 027 000 000 158 255 255 255 255 
255 255 255 255 255 255 255 255 106 000 000 000 163 255 255 255 255 255 255 255 255 255 255 255 255 255 255 255 255 255 255 255 255 255 255 255 255 255 255 255 255 255 255 255 255 255 255 255 255 255 255 255 255 255 255 255 255 255 255 255 255 255 255 056 000 000 000 119 255 255 255 255 
255 255 255 255 255 255 255 255 131 000 000 056 255 255 255 255 255 255 255 246 156 255 255 255 255 255 255 255 255 255 255 255 255 255 255 255 255 255 255 255 255 255 255 255 255 255 255 255 255 255 255 255 255 255 255 255 255 255 255 255 255 255 255 123 000 000 000 066 255 255 255 255 
255 255 255 255 255 255 255 255 134 000 000 086 255 255 255 255 255 255 255 161 000 087 230 255 067 052 085 099 102 105 108 107 105 102 099 079 046 147 255 255 255 255 255 255 255 255 255 255 255 180 096 118 139 158 161 163 165 166 168 170 171 173 175 120 000 000 000 013 176 174 172 170 
255 255 255 255 255 255 255 255 138 000 000 086 255 255 255 255 255 255 253 041 000 000 010 125 077 000 000 000 000 000 000 000 000 000 000 000 000 207 255 255 255 255 255 255 255 255 255 255 255 159 000 000 000 000 000 000 000 000 000 000 000 000 000 000 000 000 000 000 000 000 000 000 
255 255 196 080 108 127 133 139 079 000 000 045 128 119 104 073 249 255 162 000 000 000 026 177 100 000 000 000 000 000 000 000 000 000 000 000 025 255 255 255 255 255 255 255 255 255 255 255 255 176 000 000 000 000 000 000 000 000 000 000 000 000 000 000 000 000 000 000 000 000 000 000 
255 255 176 000 000 000 000 000 000 000 000 000 000 000 000 000 246 249 035 000 000 019 222 255 105 000 000 011 173 173 173 173 173 017 000 000 095 255 255 255 255 255 255 255 255 255 255 255 255 194 000 000 000 086 117 117 117 117 117 117 117 117 117 117 117 117 117 116 115 114 113 112 
255 255 176 000 000 000 000 000 000 000 000 000 000 000 000 000 246 122 000 000 003 189 255 255 110 000 000 016 255 255 255 255 228 000 000 000 166 255 255 255 255 255 255 255 255 255 255 255 255 212 000 000 000 182 255 255 255 255 255 255 255 255 255 255 255 255 255 255 255 255 255 255 
255 255 193 072 103 122 127 132 075 000 000 042 120 114 098 066 195 003 000 000 123 255 255 255 110 000 000 016 255 255 255 255 164 000 000 002 236 255 255 255 255 255 255 255 164 080 048 129 255 223 000 000 000 176 255 255 255 255 255 255 255 255 254 253 255 150 037 063 069 132 255 255 
255 255 255 255 255 255 255 255 141 000 000 086 255 255 255 248 042 000 000 052 250 255 255 255 110 000 000 016 255 255 255 255 101 000 000 054 255 255 255 255 255 255 255 255 135 000 000 083 255 230 000 000 000 169 255 255 255 255 255 220 169 117 034 158 255 170 000 000 000 227 240 130 
255 255 255 255 255 255 255 255 141 000 000 086 255 255 255 118 000 000 010 216 255 255 255 255 110 000 000 016 255 255 255 255 038 000 000 126 255 255 255 255 255 255 255 255 180 000 000 049 255 237 000 000 000 163 255 247 074 053 016 000 000 000 000 036 244 197 000 000 025 255 227 000 
255 255 255 255 255 255 255 255 141 000 000 086 255 255 186 003 000 000 160 255 255 255 255 255 110 000 000 016 255 255 255 231 000 000 000 198 255 255 255 255 255 255 255 255 207 000 000 015 255 244 000 000 000 156 255 255 027 000 000 000 000 000 000 000 084 208 000 000 030 255 227 000 
255 255 255 255 255 255 255 255 141 000 000 086 255 213 015 000 000 107 255 255 255 255 255 255 110 000 000 016 255 255 255 168 000 000 018 252 255 255 255 255 255 255 255 255 234 000 000 000 239 251 000 000 000 150 255 255 060 000 000 074 163 188 198 204 182 215 000 000 030 255 228 028 
211 205 224 244 255 255 255 255 141 000 000 086 234 033 000 000 061 250 255 252 235 215 195 244 110 000 000 016 255 255 255 105 000 000 086 255 255 255 255 255 255 255 255 255 254 006 000 000 210 255 002 000 000 149 255 255 072 000 000 145 255 255 255 255 255 222 000 000 030 255 255 255 
084 000 000 000 005 010 016 021 014 000 000 009 016 000 000 000 016 015 006 000 000 000 000 213 110 000 000 016 255 255 255 042 000 000 158 255 255 255 255 255 255 255 255 255 255 027 000 000 180 255 009 000 000 158 255 255 082 000 000 135 227 216 187 182 255 229 000 000 030 255 255 137 
084 000 000 000 000 000 000 000 000 000 000 000 000 000 000 000 000 000 000 000 000 000 000 213 110 000 000 016 255 255 234 000 000 000 230 255 255 255 255 255 255 255 255 255 255 035 000 000 151 255 016 000 000 167 255 255 082 000 000 000 000 000 000 071 255 231 000 000 030 255 255 027 
084 000 001 018 036 043 046 049 052 051 000 000 000 012 054 049 044 039 034 027 009 000 000 213 110 000 000 016 255 255 172 000 000 046 255 255 255 255 255 255 255 255 255 255 255 161 161 182 227 255 012 000 000 175 255 255 082 000 000 000 000 000 000 071 255 231 000 000 030 255 255 027 
231 235 252 255 255 255 255 255 248 079 000 000 011 196 255 255 255 255 255 255 255 245 225 249 110 000 000 016 255 255 108 000 000 114 255 255 255 255 255 255 255 255 255 255 255 255 255 255 255 255 005 000 000 184 255 255 082 000 000 062 104 096 077 110 255 231 000 000 030 255 255 109 
255 255 255 255 255 255 255 245 071 000 000 009 189 255 255 255 255 255 255 255 255 255 255 255 110 000 000 016 255 255 073 000 000 022 219 255 255 255 255 255 255 255 255 255 255 255 255 255 255 253 000 000 000 193 255 255 082 000 000 145 255 255 255 255 255 231 000 000 030 255 255 255 
255 255 255 255 255 255 229 050 000 000 014 193 255 255 255 255 255 255 255 255 255 255 255 255 110 000 000 016 255 255 226 027 000 000 035 241 255 255 255 255 255 255 255 255 255 255 255 255 199 060 000 000 000 202 255 255 073 000 000 142 248 248 248 248 248 225 000 000 030 248 248 248 
255 255 255 255 244 109 028 000 000 000 108 160 160 160 160 160 157 153 150 123 172 255 255 255 110 000 000 016 255 255 255 197 003 000 000 098 255 255 255 255 255 255 255 255 255 248 161 053 000 000 000 000 000 210 255 255 057 000 000 000 000 000 000 000 000 000 000 000 000 000 000 000 
255 255 255 255 159 000 000 000 000 000 000 000 000 000 000 000 000 000 000 000 164 255 255 255 110 000 000 016 255 255 255 255 130 000 000 000 180 255 255 255 255 255 255 186 099 021 000 000 000 000 000 000 000 219 255 255 036 000 000 000 000 000 000 000 000 000 000 000 000 000 000 000 
255 255 238 093 000 000 000 000 000 000 000 000 000 000 000 000 000 000 000 000 184 255 255 255 110 000 000 016 255 255 255 255 253 051 000 000 033 254 255 255 255 255 255 132 000 000 000 000 029 108 000 000 000 228 255 247 033 040 049 058 067 073 077 081 086 082 000 000 011 090 089 087 
255 169 023 000 000 000 000 000 077 145 145 145 145 145 145 145 145 006 000 000 191 255 255 255 110 000 000 016 255 255 255 255 255 176 000 000 000 184 255 255 255 255 255 235 002 000 002 116 244 157 000 000 001 244 255 255 255 255 255 255 255 255 255 255 255 231 000 000 030 255 255 255 
075 000 000 000 001 008 000 000 135 255 255 255 255 255 255 255 255 010 000 000 195 255 255 255 110 000 000 016 255 255 255 255 255 254 042 000 000 085 255 255 255 255 255 255 048 018 185 255 255 129 000 000 030 255 255 255 255 255 255 255 255 255 255 255 255 231 000 000 030 255 255 255 
007 000 000 015 180 047 000 000 135 255 255 255 255 255 255 255 255 010 000 000 195 255 255 255 110 000 000 016 255 255 255 255 255 255 112 000 000 029 255 255 255 255 255 255 153 223 255 255 255 083 000 000 073 255 255 161 047 073 100 122 127 130 134 137 141 131 000 000 017 144 140 137 
178 003 051 219 255 047 000 000 135 255 255 255 255 255 255 255 255 010 000 000 195 255 255 255 110 000 000 016 255 255 255 255 255 255 167 000 000 001 244 255 255 255 255 255 255 255 255 255 255 028 000 000 115 255 255 148 000 000 000 000 000 000 000 000 000 000 000 000 000 000 000 000 
255 177 249 255 255 047 000 000 002 003 003 003 003 003 003 003 003 000 000 000 195 255 255 255 110 000 000 016 255 255 255 255 255 255 183 000 000 000 217 255 255 255 255 255 255 255 255 255 230 000 000 000 158 255 255 148 000 000 000 000 000 000 000 000 000 000 000 000 000 000 000 000 
255 255 255 255 255 047 000 000 000 000 000 000 000 000 000 000 000 000 000 000 195 255 255 255 110 000 000 016 255 255 255 255 255 255 160 000 000 000 215 255 255 255 255 255 255 255 255 255 175 000 000 000 200 255 255 166 060 085 109 131 138 108 133 157 159 159 159 159 159 159 159 159 
255 255 255 255 255 047 000 000 060 113 113 113 113 113 113 113 113 004 000 000 195 255 255 255 110 000 000 016 255 255 255 255 255 255 054 000 000 000 228 255 255 255 255 255 255 255 255 255 111 000 000 000 242 255 255 255 255 255 255 222 096 003 037 216 255 255 255 255 255 255 255 234 
255 255 255 255 255 047 000 000 135 255 255 255 255 255 255 255 255 010 000 000 195 255 255 255 110 000 000 016 255 237 235 217 184 068 000 000 000 042 255 255 255 255 255 255 255 255 255 251 022 000 000 030 255 255 255 255 255 255 255 123 000 000 000 013 160 255 255 255 255 255 228 041 
255 255 255 255 255 047 000 000 135 255 255 255 255 255 255 255 255 010 000 000 195 255 255 255 110 000 000 016 255 190 000 000 000 000 000 000 000 150 255 255 255 255 255 255 255 255 255 178 000 000 000 106 255 255 255 255 255 255 255 255 150 006 000 000 000 085 238 255 255 222 033 000 
255 255 255 255 255 047 000 000 135 255 255 255 255 255 255 255 255 010 000 000 195 255 255 255 110 000 000 016 255 255 059 000 000 000 000 000 063 245 255 255 255 255 255 255 255 255 255 084 000 000 000 200 255 255 255 255 255 255 255 255 255 205 037 000 000 000 025 154 164 017 000 000 
255 255 255 255 255 046 000 000 025 047 047 047 047 047 047 047 047 002 000 000 192 255 255 255 110 000 000 016 255 255 152 000 000 000 001 100 250 255 255 255 255 255 255 255 255 255 219 005 000 000 039 255 255 255 255 255 255 255 255 255 255 255 243 097 000 000 000 000 000 000 000 037 
255 255 255 255 255 041 000 000 000 000 000 000 000 000 000 000 000 000 000 000 187 255 255 255 106 000 000 016 255 255 206 041 072 147 228 255 255 255 255 255 255 255 255 255 255 255 086 000 000 000 132 255 255 255 255 255 255 255 255 255 255 255 255 245 112 000 000 000 000 000 000 037 
255 255 255 255 255 036 000 000 019 036 036 036 036 036 036 036 036 001 000 000 176 255 255 255 101 000 000 016 255 255 255 255 255 255 255 255 255 255 255 255 255 255 255 255 255 202 001 000 000 001 225 255 254 186 195 208 215 195 172 149 126 103 072 009 000 000 000 000 000 000 000 000 
255 255 255 255 255 018 000 000 135 255 255 255 255 255 255 255 255 010 000 000 153 255 255 255 096 000 000 016 255 255 255 255 255 255 255 255 255 255 255 255 255 255 255 255 254 060 000 000 000 064 255 255 255 135 000 000 000 000 000 000 000 000 000 000 000 002 078 186 180 075 002 000 
255 255 255 255 247 000 000 000 135 255 255 255 255 255 255 255 255 010 000 000 129 255 255 255 084 000 000 016 255 255 255 255 255 255 255 255 255 255 255 255 255 255 255 255 149 000 000 000 000 180 255 255 255 247 022 000 000 000 000 000 000 000 008 063 127 222 255 255 255 255 224 139 
255 255 255 255 232 064 064 064 166 255 255 255 255 255 255 255 255 255 255 255 255 255 255 255 060 000 000 016 255 255 255 255 255 255 255 255 255 255 255 255 255 255 255 255 249 168 034 000 062 255 255 255 255 255 119 000 000 000 014 072 134 195 249 255 255 255 255 255 255 255 255 255 
255 255 255 255 255 255 255 255 255 255 255 255 255 255 255 255 255 255 255 255 255 255 255 255 036 000 000 016 255 255 255 255 255 255 255 255 255 255 255 255 255 255 255 255 255 255 249 112 199 255 255 255 255 255 213 156 188 219 252 255 255 255 255 255 255 255 255 255 255 255 255 255 
255 255 255 255 255 255 255 255 255 255 255 255 255 255 255 255 255 255 255 255 255 255 255 255 095 083 083 095 255 255 255 255 255 255 255 255 255 255 255 255 255 255 255 255 255 255 255 255 255 255 255 255 255 255 255 255 255 255 255 255 255 255 255 255 255 255 255 255 255 255 255 255 
255 255 255 255 255 255 255 255 255 255 255 255 255 255 255 255 255 255 255 255 255 255 255 255 255 255 255 255 255 255 255 255 255 255 255 255 255 255 255 255 255 255 255 255 255 255 255 255 255 255 255 255 255 255 255 255 255 255 255 255 255 255 255 255 255 255 255 255 255 255 255 255 
255 255 255 255 255 255 255 255 255 255 255 255 255 255 255 255 255 255 255 255 255 255 255 255 255 255 255 255 255 255 255 255 255 255 255 255 255 255 255 255 255 255 255 255 255 255 255 255 255 255 255 255 255 255 255 255 255 255 255 255 255 255 255 255 255 255 255 255 255 255 255 255 
255 255 255 255 255 255 255 255 255 255 255 255 255 255 255 255 255 255 255 255 255 255 255 255 255 255 255 255 255 255 255 255 255 255 255 255 255 255 255 255 255 255 255 255 255 255 255 255 255 255 255 255 255 255 255 255 255 255 255 255 255 255 255 255 255 255 255 255 255 255 255 255 
255 255 255 255 255 255 255 255 255 255 255 255 255 255 255 255 255 255 255 255 255 255 255 255 255 255 255 255 255 255 255 255 255 255 255 255 255 255 255 255 255 255 255 255 255 255 255 255 255 255 255 255 255 255 255 255 255 255 255 255 255 255 255 255 255 255 255 255 255 255 255 255 
255 255 255 255 255 255 255 255 255 255 255 255 255 255 255 255 255 255 255 255 255 255 255 255 255 255 255 255 255 255 255 255 255 255 255 255 255 255 255 255 255 255 255 255 255 255 255 255 255 255 255 255 255 255 255 255 255 255 255 255 255 255 255 255 255 255 255 255 255 255 255 255 
255 255 255 255 255 255 255 255 255 255 255 255 255 255 255 255 255 255 255 255 255 255 255 255 255 255 255 255 255 255 255 255 255 255 255 255 255 255 255 255 255 255 255 255 255 255 255 255 255 255 255 255 255 255 255 255 255 255 255 255 255 255 255 255 255 255 255 255 255 255 255 255 
255 255 255 255 255 255 255 255 255 255 255 255 255 255 255 255 255 255 255 255 255 255 255 255 255 255 255 255 255 255 255 255 255 255 255 255 255 255 255 255 255 255 255 255 255 255 255 255 255 255 255 255 255 255 255 255 255 255 255 255 255 255 255 255 255 255 255 255 255 255 255 255 
255 255 255 255 255 255 255 255 255 255 255 255 255 255 255 255 255 255 255 255 255 255 255 255 255 255 255 255 255 255 255 255 255 255 255 255 255 255 255 255 255 255 255 255 255 255 255 255 255 255 255 255 255 255 255 255 255 255 255 255 255 255 255 255 255 255 255 255 255 255 255 255 
255 255 255 255 255 255 255 255 255 255 255 255 255 255 255 255 255 255 255 255 255 255 255 255 255 255 255 255 255 255 255 255 255 255 255 255 255 255 255 255 255 255 255 255 255 255 255 255 255 255 255 255 255 255 255 255 255 255 255 255 255 255 255 255 255 255 255 255 255 255 255 255 
255 255 255 255 255 255 255 255 255 255 255 255 255 255 255 255 255 255 255 255 255 255 255 255 255 255 255 255 255 255 255 255 255 255 255 255 255 255 255 255 255 255 255 255 255 255 255 255 255 255 255 255 255 255 255 255 255 255 255 255 255 255 255 255 255 255 255 255 255 255 255 255 
255 255 255 255 255 255 255 255 255 255 255 255 255 255 255 255 255 255 255 255 255 255 255 255 255 255 255 255 255 255 255 255 255 255 255 255 255 255 255 255 255 255 255 255 255 255 255 255 255 255 255 255 255 255 255 255 255 255 255 255 255 255 255 255 255 255 255 255 255 255 255 255 
255 255 255 255 255 255 255 255 255 255 255 255 255 255 255 255 255 255 255 255 255 255 255 255 255 255 255 255 255 255 255 255 255 255 255 255 255 255 255 255 255 255 255 255 255 255 255 255 255 255 255 255 255 255 255 255 255 255 255 255 255 255 255 255 255 255 255 255 255 255 255 255 
255 255 255 255 255 255 255 255 255 255 255 255 255 255 255 255 255 255 255 255 255 255 255 255 255 255 255 255 255 255 255 255 255 255 255 255 255 255 255 255 255 255 255 255 255 255 255 255 255 255 255 255 255 255 255 255 255 255 255 255 255 255 255 255 255 255 255 255 255 255 255 255 
255 255 255 255 255 255 255 255 255 255 255 255 255 255 255 255 255 255 255 255 255 255 255 255 255 255 255 255 255 255 255 255 255 255 255 255 255 255 255 255 255 255 255 255 255 255 255 255 255 255 255 255 255 255 255 255 255 255 255 255 255 255 255 255 255 255 255 255 255 255 255 255 
255 255 255 255 255 255 255 255 255 255 255 255 255 255 255 255 255 255 255 255 255 255 255 255 255 255 255 255 255 255 255 255 255 255 255 255 255 255 255 255 255 255 255 255 255 255 255 255 255 255 255 255 255 255 255 255 255 255 255 255 255 255 255 255 255 255 255 255 255 255 255 255 
255 255 255 255 255 255 255 255 255 255 255 255 255 255 255 255 255 255 255 255 255 255 255 255 255 255 255 255 255 255 255 255 255 255 255 255 255 255 255 255 255 255 255 255 255 255 255 255 255 255 255 255 255 255 255 255 255 255 255 255 255 255 255 255 255 255 255 255 255 255 255 255 
255 255 255 255 255 255 255 255 255 255 255 255 255 255 255 255 255 255 255 255 255 255 255 255 255 255 255 255 255 255 255 255 255 255 255 255 255 255 255 255 255 255 255 255 255 255 255 255 255 255 255 255 255 255 255 255 255 255 255 255 255 255 255 255 255 255 255 255 255 255 255 255 
255 255 255 255 255 255 255 255 255 255 255 255 255 255 255 255 255 255 255 255 255 255 255 255 255 255 255 255 255 255 255 255 255 255 255 255 255 255 255 255 255 255 255 255 255 255 255 255 255 255 255 255 255 255 255 255 255 255 255 255 255 255 255 255 255 255 255 255 255 255 255 255 
255 255 255 255 255 255 255 255 255 255 255 255 255 255 255 255 255 255 255 255 255 255 255 255 255 255 255 255 255 255 255 255 255 255 255 255 255 255 255 255 255 255 255 255 255 255 255 255 255 255 255 255 255 255 255 255 255 255 255 255 255 255 255 255 255 255 255 255 255 255 255 255 
255 255 255 255 255 255 255 255 255 255 255 255 255 255 255 255 255 255 255 255 255 255 255 255 255 255 255 255 255 255 255 255 255 255 255 255 255 255 255 255 255 255 255 255 255 255 255 255 255 255 255 255 255 255 255 255 255 255 255 255 255 255 255 255 255 255 255 255 255 255 255 255 
255 255 255 255 255 255 255 255 255 255 255 255 255 255 255 255 255 255 255 255 255 255 255 255 255 255 255 255 255 255 255 255 255 255 255 255 255 255 255 255 255 255 255 255 255 255 255 255 255 255 255 255 255 255 255 255 255 255 255 255 255 255 255 255 255 255 255 255 255 255 255 255 
255 255 255 255 255 255 255 255 255 255 255 255 255 255 255 255 255 255 255 255 255 255 255 255 255 255 255 255 255 255 255 255 255 255 255 255 255 255 255 255 255 255 255 255 255 255 255 255 255 255 255 255 255 255 255 255 255 255 255 255 255 255 255 255 255 255 255 255 255 255 255 255 
255 255 255 255 255 255 255 255 255 255 255 255 255 255 255 255 255 255 255 255 255 255 255 255 255 255 255 255 255 255 255 255 255 255 255 255 255 255 255 255 255 255 255 255 255 255 255 255 255 255 255 255 255 255 255 255 255 255 255 255 255 255 255 255 255 255 255 255 255 255 255 255 
255 255 255 255 255 255 255 255 255 255 255 255 255 255 255 255 255 255 255 255 255 255 255 255 255 255 255 255 255 255 255 255 255 255 255 255 255 255 255 255 255 255 255 255 255 255 255 255 255 255 255 255 255 255 255 255 255 255 255 255 255 255 255 255 255 255 255 255 255 255 255 255 
255 255 255 255 255 255 255 255 255 255 255 255 255 255 255 255 255 255 255 255 255 255 255 255 255 255 255 255 255 255 255 255 255 255 255 255 255 255 255 255 255 255 255 255 255 255 255 255 255 255 255 255 255 255 255 255 255 255 255 255 255 255 255 255 255 255 255 255 255 255 255 255 
255 255 255 255 255 255 255 255 255 255 255 255 255 255 255 255 255 255 255 255 255 255 255 255 255 255 255 255 255 255 255 255 255 255 255 255 255 255 255 255 255 255 255 255 255 255 255 255 255 255 255 255 255 255 255 255 255 255 255 255 255 255 255 255 255 255 255 255 255 255 255 255 
255 255 255 255 255 255 255 255 255 255 255 255 255 255 255 255 255 255 255 255 255 255 255 255 255 255 255 255 255 255 255 255 255 255 255 255 255 255 255 255 255 255 255 255 255 255 255 255 255 255 255 255 255 255 255 255 255 255 255 255 255 255 255 255 255 255 255 255 255 255 255 255 
255 255 255 255 255 255 255 255 255 255 255 255 255 255 255 163 126 154 154 150 234 255 255 255 255 255 255 255 255 255 255 255 255 255 255 255 255 255 255 255 255 255 255 255 255 255 255 255 255 255 255 255 255 255 255 255 255 255 255 255 255 255 255 255 255 255 255 255 255 255 255 255 
255 255 255 255 255 255 255 255 255 255 255 255 255 255 255 117 000 000 000 029 220 255 255 255 255 255 255 255 255 255 255 255 255 255 255 255 255 255 255 255 255 255 255 255 255 255 255 255 255 255 255 255 255 255 255 255 255 255 255 255 255 255 255 255 255 255 255 255 255 255 255 255 
255 255 255 255 255 255 255 255 255 255 255 255 255 255 255 133 000 000 000 146 255 255 255 255 255 255 255 255 255 255 255 255 255 255 255 255 255 255 255 255 255 255 255 255 255 255 255 255 255 255 255 255 255 255 255 255 255 255 255 255 255 255 255 255 255 255 255 255 255 255 255 255 
255 255 255 255 255 255 255 255 255 255 255 255 255 255 255 136 000 000 000 174 255 255 255 255 255 255 255 255 255 255 255 255 255 255 230 026 040 054 068 082 097 104 105 107 109 110 112 114 116 117 119 116 115 113 111 110 108 106 104 102 089 075 061 046 032 126 255 255 255 255 255 255 
255 255 255 255 255 255 255 255 255 255 255 255 255 255 255 137 000 000 000 174 255 255 255 255 255 255 255 255 255 255 255 255 255 255 227 000 000 000 000 000 000 000 000 000 000 000 000 000 000 000 000 000 000 000 000 000 000 000 000 000 000 000 000 000 000 113 255 255 255 255 255 255 
255 255 255 255 255 255 255 255 255 255 255 255 255 255 255 139 000 000 000 174 255 255 255 255 255 255 255 255 255 255 255 255 255 255 227 000 000 000 000 000 000 000 000 000 000 000 000 000 000 000 000 000 000 000 000 000 000 000 000 000 000 000 000 000 000 113 255 255 255 255 255 255 
255 255 255 255 255 255 255 255 255 255 255 255 255 255 255 140 000 000 000 174 255 255 255 255 255 255 255 255 255 255 255 255 255 255 227 000 000 000 011 024 036 040 043 047 050 054 057 060 028 000 000 000 049 059 056 052 049 045 041 038 031 017 004 000 000 113 255 255 255 255 255 255 
084 109 117 119 122 124 126 126 126 126 126 126 126 126 126 070 000 000 000 085 122 119 116 099 072 176 255 255 255 255 255 255 255 255 252 227 240 253 255 255 255 255 255 255 255 255 255 255 114 000 000 000 201 255 255 255 255 255 255 255 255 255 255 246 233 237 255 255 255 255 255 255 
000 000 000 000 000 000 000 000 000 000 000 000 000 000 000 000 000 000 000 000 000 000 000 000 000 154 255 255 255 255 255 255 255 255 255 255 255 255 255 255 255 255 255 255 255 255 255 255 114 000 000 000 201 255 255 255 255 255 255 255 255 255 255 255 255 255 255 255 255 255 255 255 
000 000 000 000 000 000 000 000 000 000 000 000 000 000 000 000 000 000 000 000 000 000 000 000 000 154 255 255 255 255 255 255 255 255 255 255 255 255 255 255 255 255 255 255 255 255 255 255 114 000 000 000 201 255 255 255 255 255 255 255 255 255 255 255 255 255 255 255 255 255 255 255 
036 052 059 061 064 066 067 067 067 067 067 067 067 067 067 037 000 000 000 045 064 061 058 044 021 157 255 255 255 255 255 255 255 255 255 255 255 255 255 253 222 255 255 255 255 255 255 255 114 000 000 000 201 255 255 255 255 255 255 255 092 166 250 255 255 255 255 255 255 255 255 255 
255 255 255 255 255 255 255 255 255 255 255 255 255 255 255 141 000 000 000 174 255 255 255 255 255 255 255 255 255 255 255 255 255 255 255 255 255 231 131 030 024 246 255 255 255 255 255 255 114 000 000 000 201 255 255 255 255 255 255 224 000 000 024 109 203 255 255 255 255 255 255 255 
255 255 255 255 255 255 255 255 255 255 255 255 255 255 255 141 000 000 000 174 255 255 255 255 255 255 255 255 255 255 255 255 255 255 255 255 255 058 000 000 000 139 255 255 255 255 255 255 114 000 000 000 201 255 255 255 255 255 255 152 000 000 000 005 140 255 255 255 255 255 255 255 
255 255 255 255 255 255 255 255 255 255 255 255 255 255 255 141 000 000 000 174 255 255 255 255 255 255 255 255 255 255 255 255 255 255 255 255 255 201 001 000 000 020 243 255 255 255 255 255 114 000 000 000 201 255 255 255 255 255 255 048 000 000 000 139 255 255 255 255 255 255 255 255 
255 255 255 255 254 203 255 255 255 255 255 255 255 255 255 141 000 000 000 174 255 255 255 255 255 255 255 255 255 255 255 255 255 255 255 255 255 255 071 000 000 000 135 255 255 255 255 255 114 000 000 000 201 255 255 255 255 255 187 000 000 000 042 251 255 255 255 255 255 255 255 255 
255 255 239 142 038 000 188 255 255 255 255 255 255 255 255 141 000 000 000 174 255 255 255 255 255 255 255 255 255 255 255 255 255 255 255 255 255 255 177 000 000 000 031 253 255 255 255 255 114 000 000 000 201 255 255 255 255 255 070 000 000 000 178 255 255 255 255 255 255 255 255 255 
255 255 124 000 000 000 042 251 255 255 255 255 255 255 255 141 000 000 000 174 255 255 255 255 255 255 255 255 255 255 255 255 255 255 255 255 255 255 253 031 000 000 000 184 255 255 255 255 114 000 000 000 201 255 255 255 255 201 000 000 000 063 255 255 255 255 255 255 255 255 255 255 
255 255 239 017 000 000 000 143 255 255 255 255 255 255 255 141 000 000 000 174 255 255 255 255 255 255 255 255 255 255 255 255 255 255 255 255 255 255 255 133 000 000 000 084 255 255 255 255 114 000 000 000 201 255 255 255 249 043 000 000 001 201 255 255 255 255 255 255 255 255 255 255 
255 255 255 136 000 000 000 016 241 255 255 255 255 255 255 141 000 000 000 174 255 255 255 255 255 255 255 255 255 255 255 255 255 255 255 255 255 255 255 228 000 000 000 006 234 255 255 255 114 000 000 000 201 255 255 255 122 000 000 000 098 255 255 255 255 255 255 255 255 255 255 255 
255 255 255 246 026 000 000 000 143 255 255 255 255 255 255 141 000 000 000 174 255 255 255 255 255 255 255 255 255 255 255 255 255 255 255 255 255 255 255 255 044 000 047 150 245 255 255 255 114 000 000 000 201 255 255 203 014 000 000 021 237 255 255 255 255 255 255 255 255 255 255 255 
255 255 255 255 134 000 000 000 033 252 255 255 255 255 255 141 000 000 000 174 255 255 255 255 255 255 255 255 255 255 255 255 255 255 255 255 255 255 255 255 173 200 255 255 255 255 255 255 114 000 000 000 201 255 255 255 254 205 098 165 255 255 255 255 255 255 255 255 255 255 255 255 
255 255 255 255 232 005 000 000 000 172 255 255 255 255 255 141 000 000 000 174 255 255 255 255 255 255 255 255 255 255 255 255 255 255 255 255 255 255 255 255 255 255 255 255 255 255 255 255 114 000 000 000 201 255 255 255 255 255 255 255 255 255 255 255 255 255 255 255 255 255 255 255 
255 255 255 255 255 084 000 000 019 156 255 255 255 255 255 141 000 000 000 174 255 255 255 255 255 255 255 255 255 255 255 214 185 197 209 222 234 246 255 255 255 255 255 255 255 255 255 255 114 000 000 000 201 255 255 255 255 255 255 255 255 255 253 241 229 216 204 192 179 255 255 255 
255 255 255 255 255 188 040 152 246 255 255 255 255 255 255 141 000 000 000 174 255 255 255 255 255 255 255 255 255 255 255 121 000 000 000 000 000 000 001 003 004 006 008 009 011 013 014 016 008 000 000 000 014 015 014 012 010 009 007 005 004 002 000 000 000 000 000 000 000 252 255 255 
255 255 255 255 255 255 254 255 255 255 255 255 255 255 255 141 000 000 000 174 255 255 255 255 255 255 255 255 255 255 255 121 000 000 000 000 000 000 000 000 000 000 000 000 000 000 000 000 000 000 000 000 000 000 000 000 000 000 000 000 000 000 000 000 000 000 000 000 000 252 255 255 
255 255 255 255 255 255 255 255 255 255 255 255 255 255 255 141 000 000 000 174 255 255 255 255 255 255 255 255 255 255 255 121 000 000 000 000 000 000 000 000 000 000 000 000 000 000 000 000 000 000 000 000 000 000 000 000 000 000 000 000 000 000 000 000 000 000 000 000 000 252 255 255 
255 255 255 255 255 255 255 255 255 255 255 255 255 255 255 141 000 000 000 174 255 255 255 255 255 255 255 255 255 255 255 139 042 055 067 079 091 104 114 116 117 119 121 122 124 126 127 129 058 000 000 000 102 128 127 125 123 122 120 118 117 115 110 098 086 073 061 049 036 253 255 255 
255 255 255 255 255 255 255 255 255 255 255 255 255 255 255 141 000 000 000 174 255 255 255 255 255 255 255 255 255 255 255 255 255 255 255 255 255 255 255 255 255 255 255 255 255 255 255 255 114 000 000 000 201 255 255 255 255 255 255 255 255 255 255 255 255 255 255 255 255 255 255 255 
255 255 255 255 255 255 255 255 255 255 255 255 255 255 253 081 000 000 000 174 255 255 255 255 255 255 255 255 255 255 255 255 255 255 255 255 255 255 255 255 255 255 255 255 255 255 255 255 114 000 000 000 201 255 255 255 255 255 255 255 255 255 255 255 255 255 255 255 255 255 255 255 
255 255 255 255 255 255 255 255 255 214 091 098 106 070 014 000 000 000 000 176 255 255 255 255 255 255 255 255 255 255 255 255 255 255 255 255 255 255 255 255 255 255 255 255 255 255 255 255 114 000 000 000 201 255 255 255 255 255 255 255 255 255 255 255 255 255 255 255 255 255 255 255 
255 255 255 255 255 255 255 255 255 253 035 000 000 000 000 000 000 000 000 211 255 255 255 255 255 255 255 255 255 255 255 255 255 255 255 255 255 255 255 255 255 255 255 255 255 255 255 255 114 000 000 000 201 255 255 255 255 255 255 255 255 255 255 255 255 255 255 255 255 255 255 255 
255 255 255 255 255 255 255 255 255 255 145 000 000 000 000 000 000 000 051 255 255 255 255 255 255 255 255 255 255 255 255 255 255 255 255 255 255 255 255 255 255 255 255 255 255 255 255 255 114 000 000 000 201 255 255 255 255 255 255 255 255 255 255 255 255 255 255 255 255 255 255 255 
255 255 255 255 255 255 255 255 255 255 222 000 000 000 000 000 027 120 247 255 255 255 255 255 255 255 255 255 255 255 255 255 255 255 255 255 255 255 255 255 255 255 255 255 255 255 255 255 114 000 000 000 201 255 255 255 255 255 255 255 255 255 255 255 255 255 255 255 255 255 255 255 
216 255 255 255 255 255 255 255 255 255 255 089 100 129 174 229 255 255 255 255 255 255 255 255 255 255 255 255 255 255 255 255 255 255 255 255 255 255 255 255 255 255 255 255 255 255 255 255 114 000 000 000 201 255 255 255 255 255 255 255 255 255 255 255 255 255 255 255 255 255 255 255 
001 050 103 156 210 252 255 255 255 255 255 255 255 255 255 255 255 255 255 255 255 255 251 229 206 183 215 255 255 255 255 255 255 255 255 255 255 255 255 255 255 255 255 255 255 255 255 255 112 000 000 000 199 255 255 255 255 255 255 255 255 255 255 255 255 255 255 255 255 255 255 255 
000 000 000 000 000 007 024 039 054 069 084 099 106 097 088 079 071 062 053 044 036 020 001 000 000 000 211 255 255 255 255 255 255 255 255 255 255 255 255 255 255 255 255 255 255 255 255 255 105 000 000 000 192 255 255 255 255 255 255 255 255 255 255 255 255 255 255 255 255 255 255 255 
000 000 000 000 000 000 000 000 000 000 000 000 000 000 000 000 000 000 000 000 000 000 000 000 000 041 255 255 255 255 255 255 255 255 255 255 255 255 255 255 255 255 255 255 255 255 255 255 099 000 000 000 185 255 255 255 255 255 255 255 255 255 255 255 255 255 255 255 255 255 255 255 
172 088 013 000 000 000 000 000 000 000 000 000 000 000 000 000 000 000 000 000 000 000 000 000 000 113 255 255 255 255 255 255 255 255 255 255 255 255 255 255 255 255 255 255 255 255 255 255 091 000 000 000 175 255 255 255 255 255 255 255 255 255 255 255 255 255 255 255 255 255 255 255 
255 255 247 198 165 132 099 066 034 016 009 002 000 000 000 000 000 000 000 000 000 000 000 000 000 168 255 255 255 255 255 255 255 255 255 255 255 255 255 255 255 255 255 255 255 255 255 255 071 000 000 000 153 255 255 255 255 255 255 255 255 255 255 255 255 255 255 255 255 255 255 255 
255 255 255 255 255 255 255 255 255 255 255 255 251 243 236 229 222 215 210 211 213 214 216 218 220 246 255 255 255 255 255 255 255 255 255 255 255 255 255 255 255 255 255 255 255 255 255 255 050 000 000 000 129 255 255 255 255 255 255 255 255 255 255 255 255 255 255 255 255 255 255 255 
255 255 255 255 255 255 255 255 255 255 255 255 255 255 255 255 255 255 255 255 255 255 255 255 255 255 255 255 255 255 255 255 255 255 255 255 255 255 255 255 255 255 255 255 255 255 255 255 028 000 000 000 105 255 255 255 255 255 255 255 255 255 255 255 255 255 255 255 255 255 255 255 
255 255 255 255 255 255 255 255 255 255 255 255 255 255 255 255 255 255 255 255 255 255 255 255 255 255 255 255 255 255 255 255 255 255 255 255 255 255 255 255 255 255 255 255 255 255 255 255 221 218 218 218 232 255 255 255 255 255 255 255 255 255 255 255 255 255 255 255 255 255 255 255 
255 255 255 255 255 255 255 255 255 255 255 255 255 255 255 255 255 255 255 255 255 255 255 255 255 255 255 255 255 255 255 255 255 255 255 255 255 255 255 255 255 255 255 255 255 255 255 255 255 255 255 255 255 255 255 255 255 255 255 255 255 255 255 255 255 255 255 255 255 255 255 255 
255 255 255 255 255 255 255 255 255 255 255 255 255 255 255 255 255 255 255 255 255 255 255 255 255 255 255 255 255 255 255 255 255 255 255 255 255 255 255 255 255 255 255 255 255 255 255 255 255 255 255 255 255 255 255 255 255 255 255 255 255 255 255 255 255 255 255 255 255 255 255 255 
255 255 255 255 255 255 255 255 255 255 255 255 255 255 255 255 255 255 255 255 255 255 255 255 255 255 255 255 255 255 255 255 255 255 255 255 255 255 255 255 255 255 255 255 255 255 255 255 255 255 255 255 255 255 255 255 255 255 255 255 255 255 255 255 255 255 255 255 255 255 255 255 
255 255 255 255 255 255 255 255 255 255 255 255 255 255 255 255 255 255 255 255 255 255 255 255 255 255 255 255 255 255 255 255 255 255 255 255 255 255 255 255 255 255 255 255 255 255 255 255 255 255 255 255 255 255 255 255 255 255 255 255 255 255 255 255 255 255 255 255 255 255 255 255 
255 255 255 255 255 255 255 255 255 255 255 255 255 255 255 255 255 255 255 255 255 255 255 255 255 255 255 255 255 255 255 255 255 255 255 255 255 255 255 255 255 255 255 255 255 255 255 255 255 255 255 255 255 255 255 255 255 255 255 255 255 255 255 255 255 255 255 255 255 255 255 255 
255 255 255 255 255 255 255 255 255 255 255 255 255 255 255 255 255 255 255 255 255 255 255 255 255 255 255 255 255 255 255 255 255 255 255 255 255 255 255 255 255 255 255 255 255 255 255 255 255 255 255 255 255 255 255 255 255 255 255 255 255 255 255 255 255 255 255 255 255 255 255 255 
255 255 255 255 255 255 255 255 255 255 255 255 255 255 255 255 255 255 255 255 255 255 255 255 255 255 255 255 255 255 255 255 255 255 255 255 255 255 255 255 255 255 255 255 255 255 255 255 255 255 255 255 255 255 255 255 255 255 255 255 255 255 255 255 255 255 255 255 255 255 255 255 
255 255 255 255 255 255 255 255 255 255 255 255 255 255 255 255 255 255 255 255 255 255 255 255 255 255 255 255 255 255 255 255 255 255 255 255 255 255 255 255 255 255 255 255 255 255 255 255 255 255 255 255 255 255 255 255 255 255 255 255 255 255 255 255 255 255 255 255 255 255 255 255 
255 255 255 255 255 255 255 255 255 255 255 255 255 255 255 255 255 255 255 255 255 255 255 255 255 255 255 255 255 255 255 255 255 255 255 255 255 255 255 255 255 255 255 255 255 255 255 255 255 255 255 255 255 255 255 255 255 255 255 255 255 255 255 255 255 255 255 255 255 255 255 255 
255 255 255 255 255 255 255 255 255 255 255 255 255 255 255 255 255 255 255 255 255 255 255 255 255 255 255 255 255 255 255 255 255 255 255 255 255 255 255 255 255 255 255 255 255 255 255 255 255 255 255 255 255 255 255 255 255 255 255 255 255 255 255 255 255 255 255 255 255 255 255 255 
255 255 255 255 255 255 255 255 255 255 255 255 255 255 255 255 255 255 255 255 255 255 255 255 255 255 255 255 255 255 255 255 255 255 255 255 255 255 255 255 255 255 255 255 255 255 255 255 255 255 255 255 255 255 255 255 255 255 255 255 255 255 255 255 255 255 255 255 255 255 255 255 
255 255 255 255 255 255 255 255 255 255 255 255 255 255 255 255 255 255 255 255 255 255 255 255 255 255 255 255 255 255 255 255 255 255 255 255 255 255 255 255 255 255 255 255 255 255 255 255 255 255 255 255 255 255 255 255 255 255 255 255 255 255 255 255 255 255 255 255 255 255 255 255 
255 255 255 255 255 255 255 255 255 255 255 255 255 255 255 255 255 255 255 255 255 255 255 255 255 255 255 255 255 255 255 255 255 255 255 255 255 255 255 255 255 255 255 255 255 255 255 255 255 255 255 255 255 255 255 255 255 255 255 255 255 255 255 255 255 255 255 255 255 255 255 255 
255 255 255 255 255 255 255 255 255 255 255 255 255 255 255 255 255 255 255 255 255 255 255 255 255 255 255 255 255 255 255 255 255 255 255 255 255 255 255 255 255 255 255 255 255 255 255 255 255 255 255 255 255 255 255 255 255 255 255 255 255 255 255 255 255 255 255 255 255 255 255 255 
255 255 255 255 255 255 255 255 255 255 255 255 255 255 255 255 255 255 255 255 255 255 255 255 255 255 255 255 255 255 255 255 255 255 255 255 255 255 255 255 255 255 255 255 255 255 255 255 255 255 255 255 255 255 255 255 255 255 255 255 255 255 255 255 255 255 255 255 255 255 255 255 
255 255 255 255 255 255 255 255 255 255 255 255 255 255 255 255 255 255 255 255 255 255 255 255 255 255 255 255 255 255 255 255 255 255 255 255 255 255 255 255 255 255 255 255 255 255 255 255 255 255 255 255 255 255 255 255 255 255 255 255 255 255 255 255 255 255 255 255 255 255 255 255 
255 255 255 255 255 255 255 255 255 255 255 255 255 255 255 255 255 255 255 255 255 255 255 255 255 255 255 255 255 255 255 255 255 255 255 255 255 255 255 255 255 255 255 255 255 255 255 255 255 255 255 255 255 255 255 255 255 255 255 255 255 255 255 255 255 255 255 255 255 255 255 255 
255 255 255 255 255 255 255 255 255 255 255 255 255 255 255 255 255 255 255 255 255 255 255 255 255 255 255 255 255 255 255 255 255 255 255 255 255 255 255 255 255 255 255 255 255 255 255 255 255 255 255 255 255 255 255 255 255 255 255 255 255 255 255 255 255 255 255 255 255 255 255 255 
255 255 255 255 255 255 255 255 255 255 255 255 255 255 255 255 255 255 255 255 255 255 255 255 255 255 255 255 255 255 255 255 255 255 255 255 255 255 255 255 255 255 255 255 255 255 255 255 255 255 255 255 255 255 255 255 255 255 255 255 255 255 255 255 255 255 255 255 255 255 255 255 
255 255 255 255 255 255 255 255 255 255 255 255 255 255 255 255 255 255 255 255 255 255 255 255 255 255 255 255 255 255 255 255 255 255 255 255 255 255 255 255 255 255 255 255 255 255 255 255 255 255 255 255 255 255 255 255 255 255 255 255 255 255 255 255 255 255 255 255 255 255 255 255 
255 255 255 255 255 255 255 255 255 255 255 255 255 255 255 255 255 255 255 255 255 255 255 255 255 255 255 255 255 255 255 255 255 255 255 255 255 255 255 255 255 255 255 255 255 255 255 255 255 255 255 255 255 255 255 255 255 255 255 255 255 255 255 255 255 255 255 255 255 255 255 255 
255 255 255 255 255 255 255 255 255 255 255 255 255 255 255 255 255 255 255 255 255 255 255 255 255 255 255 255 255 255 255 255 255 255 255 255 255 255 255 255 255 255 255 255 255 255 255 255 255 255 255 255 255 255 255 255 255 255 255 255 255 255 255 255 255 255 255 255 255 255 255 255 
255 255 255 255 255 255 255 255 255 255 255 255 255 255 255 255 255 255 255 255 255 255 255 255 255 255 255 255 255 255 255 255 255 255 255 255 255 255 255 255 255 255 255 255 255 255 255 255 255 255 255 255 255 255 255 255 255 255 255 255 255 255 255 255 255 255 255 255 255 255 255 255 
255 255 255 255 255 255 255 255 255 255 255 255 255 255 255 255 255 255 255 255 255 255 255 255 255 255 255 255 255 255 255 255 255 255 255 255 255 255 255 255 255 255 255 255 255 255 255 255 255 255 255 255 255 255 255 255 255 255 255 255 255 255 255 255 255 255 255 255 255 255 255 255 
255 255 255 255 255 255 255 255 255 255 255 255 255 255 255 255 255 255 255 255 255 255 255 255 255 255 255 255 255 255 255 255 255 255 255 255 255 255 255 255 255 255 255 255 255 255 255 255 255 255 255 255 255 255 255 255 255 255 255 255 255 255 255 255 255 255 255 255 255 255 255 255 
255 255 255 255 255 255 255 255 255 255 255 255 255 255 255 255 255 255 255 255 255 255 255 255 255 255 255 255 255 255 255 255 255 255 255 255 255 255 255 255 255 255 255 255 255 255 255 255 255 255 255 255 255 255 255 255 255 255 255 255 255 255 255 255 255 255 255 255 255 255 255 255 
255 255 255 255 255 255 255 255 255 255 255 255 255 255 255 255 255 255 255 255 255 255 255 255 255 255 255 255 255 255 255 255 255 255 255 255 255 255 255 255 255 255 255 255 255 255 255 255 255 255 255 255 255 255 255 255 255 255 255 255 255 255 255 255 255 255 255 255 255 223 182 209 
255 255 255 255 255 255 255 255 255 255 255 255 255 255 255 249 184 190 255 255 255 255 255 255 255 255 255 255 255 255 255 255 255 255 255 255 255 255 255 255 255 255 255 255 255 255 255 255 255 255 255 255 255 255 255 255 255 255 058 067 084 090 213 255 255 255 255 255 255 185 000 000 
255 255 255 255 255 255 255 255 255 255 255 234 186 139 085 014 000 041 255 255 255 219 198 213 222 223 224 225 226 227 228 227 226 225 224 223 218 204 197 255 255 255 255 255 255 255 255 255 255 255 255 255 255 255 255 255 255 255 051 000 000 077 255 255 255 255 255 255 255 213 000 000 
255 255 255 255 236 171 168 162 121 073 026 000 000 000 000 000 000 000 170 255 255 117 000 000 000 000 000 000 000 000 000 000 000 000 000 000 000 000 042 255 255 255 255 255 255 255 255 255 255 255 255 255 255 255 255 255 255 255 069 000 000 097 255 255 255 255 255 255 255 221 000 000 
255 255 255 255 213 000 000 000 000 000 000 000 000 000 000 000 000 000 019 229 255 117 000 000 000 000 000 000 000 000 000 000 000 000 000 000 000 000 067 255 255 255 255 255 255 255 255 255 255 255 255 255 255 255 255 255 255 255 070 000 000 097 255 255 255 255 255 255 255 223 000 000 
255 255 255 255 220 000 000 000 000 000 000 000 006 045 087 123 159 164 151 191 255 120 016 031 040 049 016 000 000 018 055 055 055 055 055 000 000 000 092 255 255 255 255 255 255 255 255 255 202 213 231 249 255 255 255 255 255 255 072 000 000 097 255 255 255 255 255 255 255 225 000 000 
255 255 255 255 222 000 000 000 074 149 175 213 251 255 255 255 255 255 255 255 255 255 255 255 255 255 060 000 000 099 255 255 255 255 241 000 000 000 117 255 255 255 255 255 255 255 255 255 025 000 000 000 009 012 014 016 018 020 006 000 000 008 022 022 022 022 022 022 022 020 000 000 
255 255 255 255 224 000 000 000 147 255 255 255 255 255 255 251 255 255 255 255 255 255 255 255 255 255 030 000 000 130 255 255 255 255 215 000 000 000 142 255 255 255 255 255 255 255 255 255 025 000 000 000 000 000 000 000 000 000 000 000 000 000 000 000 000 000 000 000 000 000 000 000 
255 255 255 255 224 000 000 000 147 255 255 255 255 255 142 033 217 255 255 255 255 255 255 255 255 229 000 000 000 177 255 255 255 255 188 000 000 000 167 255 255 255 255 255 255 255 255 255 025 000 000 000 000 000 000 000 000 000 000 000 000 000 000 000 000 000 000 000 000 000 000 000 
255 255 255 255 224 000 000 000 147 255 255 255 254 082 000 000 025 224 255 255 255 255 255 255 255 166 000 000 000 225 255 255 255 255 162 000 000 000 192 255 255 255 255 255 255 255 255 255 117 118 134 151 166 172 177 182 186 191 056 000 000 074 194 194 194 194 194 194 194 172 000 000 
255 255 255 255 224 000 000 000 147 255 255 255 255 177 003 000 000 041 239 255 255 255 255 255 255 103 000 000 024 255 255 255 255 255 136 000 000 000 217 255 255 255 255 255 255 255 255 255 255 255 255 255 255 255 255 255 255 255 074 000 000 097 255 255 255 255 255 255 255 226 000 000 
255 255 255 255 224 000 000 000 147 255 255 255 255 255 109 000 000 000 063 249 255 255 255 255 252 024 000 000 104 255 255 255 255 255 110 000 000 000 242 255 255 255 255 255 255 255 255 255 255 255 255 255 255 255 255 255 255 255 074 000 000 097 255 255 255 255 255 255 255 226 000 000 
255 255 255 255 224 000 000 000 147 255 255 255 203 075 000 000 000 000 000 095 255 255 255 255 176 000 000 000 197 255 255 255 255 255 083 000 000 011 255 255 255 255 255 255 255 255 255 255 255 255 255 255 255 255 255 255 255 255 074 000 000 097 255 255 255 255 255 255 255 235 077 077 
