255 255 255 255 255 115 000 000 090 255 255 255 255 255 255 255 255 255 255 255 255 196 000 000 000 253 255 255 255 255 255 255 255 255 255 255 255 255 255 255 133 000 000 000 235 255 255 255 255 255 255 255 255 255 255 255 255 255 255 255 045 000 000 012 255 255 255 187 000 058 166 250 
255 255 255 255 255 115 000 000 090 255 255 255 255 255 255 255 255 255 255 255 255 196 000 000 000 253 255 255 255 255 255 255 255 255 255 255 255 255 255 255 138 000 000 000 235 255 255 255 255 255 255 255 255 255 255 255 255 255 255 255 067 000 000 001 254 255 255 250 205 255 255 255 
255 255 255 255 255 115 000 000 090 255 255 255 255 255 255 255 255 255 255 255 255 196 000 000 000 253 255 255 255 255 255 255 255 255 255 255 255 255 255 255 142 000 000 000 235 255 255 255 253 227 246 255 255 255 255 255 255 255 255 255 088 000 000 000 213 212 201 189 178 165 136 104 
203 175 172 255 255 115 000 000 062 174 174 174 174 174 174 174 174 174 174 174 174 134 000 000 000 253 255 255 255 255 255 255 255 255 255 144 072 102 113 120 073 000 000 000 106 108 097 065 183 000 000 009 025 024 020 017 013 010 006 001 000 000 000 000 000 000 000 000 000 000 000 000 
000 000 066 255 255 115 000 000 000 000 000 000 000 000 000 000 000 000 000 000 000 000 000 000 000 253 255 255 255 255 255 255 255 255 255 117 000 000 000 000 000 000 000 000 000 000 000 000 176 000 000 000 000 000 000 000 000 000 000 000 000 000 000 000 000 000 000 000 000 000 000 000 
000 000 066 255 255 115 000 000 000 000 000 000 000 000 000 000 000 000 000 000 000 000 000 000 000 253 255 255 255 255 255 255 255 255 255 117 000 000 000 000 000 000 000 000 000 000 000 000 181 000 000 000 000 000 000 000 000 000 000 000 000 000 000 000 000 000 000 000 000 000 000 000 
013 000 066 255 255 115 000 000 055 154 154 154 154 154 154 154 154 154 154 154 154 119 000 000 000 253 255 255 255 255 255 255 255 255 255 117 012 043 056 066 042 000 000 000 055 048 033 005 184 014 041 071 099 113 123 133 144 154 164 171 129 000 000 000 137 204 207 209 212 214 201 182 
255 239 222 255 255 115 000 000 090 255 255 255 255 255 255 255 255 255 255 255 255 196 000 000 000 253 255 255 255 255 255 255 255 255 255 248 255 255 255 255 147 000 000 000 235 255 255 252 250 255 255 255 255 255 255 255 255 255 255 255 209 000 000 000 157 255 255 255 255 255 255 255 
255 255 255 255 255 115 000 000 090 255 255 255 255 255 255 255 255 255 255 255 255 196 000 000 000 253 255 255 255 255 255 255 255 255 255 255 255 255 255 255 147 000 000 000 235 255 255 255 255 255 255 255 255 255 255 255 255 255 255 255 235 000 000 000 138 255 255 255 255 255 255 255 
255 255 255 255 255 115 000 000 090 255 255 255 255 255 255 255 255 255 255 255 255 196 000 000 000 253 255 255 255 255 255 255 255 255 255 255 255 255 255 255 147 000 000 000 235 255 255 255 255 255 255 255 255 255 255 255 255 255 255 255 255 006 000 000 119 255 255 255 255 255 255 255 
255 255 255 255 255 108 000 000 022 062 062 062 062 062 062 062 062 062 062 062 062 048 000 000 000 247 255 255 255 255 255 255 255 255 255 255 255 255 255 255 147 000 000 000 235 255 255 255 255 255 255 255 255 255 255 255 255 255 255 255 255 031 000 000 100 255 255 255 255 255 255 255 
255 255 255 255 255 100 000 000 000 000 000 000 000 000 000 000 000 000 000 000 000 000 000 000 000 239 255 255 255 255 255 255 255 255 255 255 255 255 255 255 147 000 000 000 235 255 255 255 255 162 055 091 100 104 108 106 102 098 072 055 255 057 000 000 076 255 255 255 255 255 255 255 
255 231 157 255 255 065 000 005 016 017 018 019 020 021 021 021 021 020 019 018 017 017 011 000 000 205 255 255 255 255 255 255 255 255 255 255 255 255 255 255 147 000 000 000 235 247 172 172 255 150 000 000 000 000 000 000 000 000 000 021 255 083 000 000 046 255 255 255 255 255 255 255 
085 005 048 255 255 233 244 255 255 255 255 255 255 255 255 255 255 255 255 255 255 255 255 251 235 246 255 255 255 255 255 255 255 255 255 255 255 255 255 255 147 000 000 000 085 014 000 129 255 150 000 000 000 000 000 000 000 000 000 021 255 109 000 000 017 255 255 255 255 255 255 255 
000 000 018 255 255 255 255 255 255 255 255 255 255 255 255 255 255 255 255 255 255 255 255 255 255 255 255 255 255 255 255 255 255 255 255 255 255 255 255 236 104 000 000 000 000 000 000 119 255 167 075 103 084 000 000 000 103 108 092 068 255 135 000 000 000 244 255 255 255 255 255 255 
000 000 021 228 255 255 255 255 255 255 255 255 255 255 255 255 255 255 255 255 255 255 255 255 255 255 255 255 255 255 255 255 255 255 255 248 191 126 057 002 000 000 000 000 000 000 000 096 255 255 255 255 189 000 000 000 227 255 255 255 255 161 000 000 000 215 255 255 255 255 255 255 
098 186 252 205 043 050 057 065 067 067 068 069 070 070 071 072 071 070 069 069 068 067 066 062 055 048 082 255 255 255 255 255 255 255 255 093 000 000 000 000 000 000 000 000 033 126 216 255 255 255 255 255 189 000 000 000 227 255 255 255 255 188 000 000 000 186 255 255 255 255 255 255 
255 255 255 207 000 000 000 000 000 000 000 000 000 000 000 000 000 000 000 000 000 000 000 000 000 000 066 255 255 255 255 255 255 255 255 157 000 000 000 000 000 000 000 000 235 255 255 255 255 255 255 255 189 000 000 000 227 255 255 255 255 227 000 000 000 157 255 255 255 255 255 255 
255 255 255 212 000 000 000 000 000 000 000 000 000 000 000 000 000 000 000 000 000 000 000 000 000 000 073 255 255 255 255 255 255 255 255 218 000 000 000 038 072 000 000 000 235 255 255 255 255 255 255 255 189 000 000 000 227 255 255 255 255 255 015 000 000 124 255 255 255 255 255 255 
255 255 255 212 000 000 038 199 199 199 078 000 000 125 199 199 199 035 000 013 199 199 199 112 000 000 073 255 255 255 255 255 255 255 255 243 000 053 181 254 147 000 000 000 235 255 255 255 255 255 255 255 189 000 000 000 227 255 255 255 255 255 056 000 000 067 255 255 255 255 255 255 
255 255 255 212 000 000 048 255 255 255 100 000 000 160 255 255 255 044 000 016 255 255 255 143 000 000 073 255 255 255 255 255 255 255 255 255 174 255 255 255 147 000 000 000 235 255 255 255 255 255 255 255 189 000 000 000 227 255 255 255 255 255 099 000 000 011 251 255 255 255 255 255 
255 255 255 212 000 000 048 255 255 255 100 000 000 160 255 255 255 044 000 016 255 255 255 143 000 000 073 255 255 255 255 255 255 255 255 255 255 255 255 255 147 000 000 000 235 255 255 255 255 255 255 255 189 000 000 000 227 255 255 255 255 255 142 000 000 000 193 255 255 255 255 255 
255 255 255 212 000 000 048 255 255 255 100 000 000 160 255 255 255 044 000 016 255 255 255 143 000 000 073 255 255 255 255 255 255 255 255 255 255 255 255 255 147 000 000 000 235 255 255 255 255 255 255 255 189 000 000 000 227 255 255 255 255 255 198 000 000 000 113 255 255 255 255 255 
255 255 255 212 000 000 048 255 255 255 100 000 000 160 255 255 255 044 000 016 255 255 255 143 000 000 073 255 255 255 255 255 255 255 255 255 255 255 255 255 147 000 000 000 235 255 255 255 255 255 255 255 189 000 000 000 227 255 255 255 255 255 252 015 000 000 032 255 255 255 255 255 
255 255 255 212 000 000 048 255 255 255 100 000 000 160 255 255 255 044 000 016 255 255 255 143 000 000 073 255 255 255 255 255 255 255 255 255 255 255 255 255 147 000 000 000 235 255 255 255 255 255 255 255 189 000 000 000 217 202 157 101 046 243 255 100 000 000 000 203 255 255 255 250 
255 255 255 212 000 000 048 255 255 255 100 000 000 160 255 255 255 044 000 016 255 255 255 143 000 000 073 255 255 255 255 255 255 255 255 255 255 255 255 255 147 000 000 000 235 255 255 255 245 222 200 170 106 000 000 000 000 000 000 000 037 255 255 199 000 000 000 081 255 255 255 166 
255 255 255 212 000 000 048 255 255 255 100 000 000 160 255 255 255 044 000 016 255 255 255 143 000 000 073 255 255 255 255 255 255 255 255 255 255 255 255 255 147 000 000 000 235 255 255 255 085 000 000 000 000 000 000 000 000 000 000 000 049 255 255 255 042 000 000 000 204 255 255 122 
255 255 255 212 000 000 048 255 255 255 100 000 000 160 255 255 255 044 000 016 255 255 255 143 000 000 073 255 255 255 255 255 255 255 255 255 255 255 255 255 147 000 000 000 235 255 255 255 174 000 000 000 000 000 000 000 000 009 051 095 156 255 255 255 157 000 000 000 069 254 253 036 
183 192 207 177 000 000 041 215 215 215 085 000 000 135 215 215 215 037 000 014 215 215 215 121 000 000 058 200 182 244 255 255 255 255 255 255 255 255 255 255 147 000 000 000 235 255 255 255 222 000 000 000 002 044 098 153 207 251 255 255 255 255 255 255 253 045 000 000 000 100 126 000 
040 000 000 000 000 000 000 000 000 000 000 000 000 000 000 000 000 000 000 000 000 000 000 000 000 000 000 000 000 225 255 255 255 255 255 232 144 177 198 166 055 000 000 000 236 255 255 255 226 033 110 186 243 255 255 255 255 255 255 255 255 255 255 255 255 185 000 000 000 000 000 000 
040 000 000 000 000 000 000 000 000 000 000 000 000 000 000 000 000 000 000 000 000 000 000 000 000 000 000 000 000 225 255 255 255 255 255 255 082 000 000 000 000 000 000 002 245 255 255 255 254 255 255 255 255 255 255 255 255 255 255 255 255 255 255 255 255 255 107 000 000 000 000 000 
041 009 023 037 041 042 042 042 043 043 044 044 045 045 045 045 045 045 044 044 043 043 042 042 041 041 035 018 002 225 255 255 255 255 255 255 211 000 000 000 000 000 000 060 255 255 255 255 255 255 255 255 255 255 255 255 255 255 255 255 255 255 255 255 255 255 251 063 000 000 000 000 
252 255 255 255 255 255 255 255 255 255 255 255 255 255 255 255 255 255 255 255 255 255 255 255 255 255 255 255 254 255 255 255 255 255 255 255 255 072 000 000 000 000 054 218 255 255 255 255 255 255 255 255 255 255 255 255 255 255 255 255 255 255 255 255 255 255 255 242 083 000 000 000 
255 255 255 255 255 255 255 255 255 255 255 255 255 255 255 255 255 255 255 255 255 255 255 255 255 255 255 255 255 255 255 255 255 255 255 255 255 167 067 100 154 215 255 255 255 255 255 255 255 255 255 255 255 255 255 255 255 255 255 255 255 255 255 255 255 255 255 255 255 175 082 085 
255 255 255 255 255 255 255 255 255 255 255 255 255 255 255 255 255 255 255 255 255 255 255 255 255 255 255 255 255 255 255 255 255 255 255 255 255 255 255 255 255 255 255 255 255 255 255 255 255 255 255 255 255 255 255 255 255 255 255 255 255 255 255 255 255 255 255 255 255 255 255 255 
255 255 255 255 255 255 255 255 255 255 255 255 255 255 255 255 255 255 255 255 255 255 255 255 255 255 255 255 255 255 255 255 255 255 255 255 255 255 255 255 255 255 255 255 255 255 255 255 255 255 255 255 255 255 255 255 255 255 255 255 255 255 255 255 255 255 255 255 255 255 255 255 
255 255 255 255 255 255 255 255 255 255 255 255 255 255 255 255 255 255 255 255 255 255 255 255 255 255 255 255 255 255 255 255 255 255 255 255 255 255 255 255 255 255 255 255 255 255 255 255 255 255 255 255 255 255 255 255 255 255 255 255 255 255 255 255 255 255 255 255 255 255 255 255 
255 255 255 255 255 255 255 255 255 255 255 255 255 255 255 255 255 255 255 255 255 255 255 255 255 255 255 255 255 255 255 255 255 255 255 255 255 255 255 255 255 255 255 255 255 255 255 255 255 255 255 255 255 255 255 255 255 255 255 255 255 255 255 255 255 255 255 255 255 255 255 255 
255 255 255 255 255 255 255 255 255 255 255 255 255 255 255 255 255 255 255 255 255 255 255 255 255 255 255 255 255 255 255 255 255 255 255 255 255 255 255 255 255 255 255 255 255 255 255 255 255 255 255 255 255 255 255 255 255 255 255 255 255 255 255 255 255 255 255 255 255 255 255 255 
255 255 255 255 255 255 255 255 255 255 255 255 255 255 255 255 255 255 255 255 255 255 255 255 255 255 255 255 255 255 255 255 255 255 255 255 255 255 255 255 255 255 255 255 255 255 255 255 255 255 255 255 255 255 255 255 255 255 255 255 255 255 255 255 255 255 255 255 255 255 255 255 
255 255 255 255 255 255 255 255 255 255 255 255 255 255 255 255 255 255 255 255 255 255 255 255 255 255 255 255 255 255 255 255 255 255 255 255 255 255 255 255 255 255 255 255 255 255 255 255 255 255 255 255 255 255 255 255 255 255 255 255 255 255 255 255 255 255 255 255 255 255 255 255 
255 255 255 255 255 255 255 255 255 255 255 255 255 255 255 255 255 255 255 255 255 255 255 255 255 255 255 255 255 255 255 255 255 255 255 255 255 255 255 255 255 255 255 255 255 255 255 255 255 255 255 255 255 255 255 255 255 255 255 255 255 255 255 255 255 255 255 255 255 255 255 255 
255 255 255 255 255 255 255 255 255 255 255 255 255 255 255 255 255 255 255 255 255 255 255 255 255 255 255 255 255 255 255 255 255 255 255 255 255 255 255 255 255 255 255 255 255 255 255 255 255 255 255 255 255 255 255 255 255 255 255 255 255 255 255 255 255 255 255 255 255 255 255 255 
255 255 255 255 255 255 255 255 255 255 255 255 255 255 255 255 255 255 255 255 255 255 255 255 255 255 255 255 255 255 255 255 255 255 255 255 255 255 255 255 255 255 255 255 255 255 255 255 255 255 255 255 255 255 255 255 255 255 255 255 255 255 255 255 255 255 255 255 255 255 255 255 
255 255 255 255 255 255 255 255 255 255 255 255 255 255 255 255 255 255 255 255 255 255 255 255 255 255 255 255 255 255 255 255 255 255 255 255 255 255 255 255 255 255 255 255 255 255 255 255 255 255 255 255 255 255 255 255 255 255 255 255 255 255 255 255 255 255 255 255 255 255 255 255 
255 255 255 255 255 255 255 255 255 255 255 255 255 255 255 255 255 255 255 255 255 255 255 255 255 255 255 255 255 255 255 255 255 255 255 255 255 255 255 255 255 255 255 255 255 255 255 255 255 255 255 255 255 255 255 255 255 255 255 255 255 255 255 255 255 255 255 255 255 255 255 255 
255 255 255 255 255 255 255 255 255 255 255 255 255 255 255 255 255 255 255 255 255 255 255 255 255 255 255 255 255 255 255 255 255 255 255 255 255 255 255 255 255 255 255 255 255 255 255 255 255 255 255 255 255 255 255 255 255 255 255 255 255 255 255 255 255 255 255 255 255 255 255 255 
255 255 255 255 255 255 255 255 255 255 255 255 255 255 255 255 255 255 255 255 255 255 255 255 255 255 255 255 255 255 255 255 255 255 255 255 255 255 255 255 255 255 255 255 255 255 255 255 255 255 255 255 255 255 255 255 255 255 255 255 255 255 255 255 255 255 255 255 255 255 255 255 
255 255 255 255 255 255 255 255 255 255 255 255 255 255 255 255 255 255 255 255 255 255 255 255 255 255 255 255 255 255 255 255 255 255 255 255 255 255 255 255 255 255 255 255 255 255 255 255 255 255 255 255 255 255 255 255 255 255 255 255 255 255 255 255 255 255 255 255 255 255 255 255 
255 255 255 255 255 255 255 255 255 255 255 255 255 255 255 255 255 255 255 255 255 255 255 255 255 255 255 255 255 255 255 255 255 255 255 255 255 255 255 255 255 255 255 255 255 255 255 255 255 255 255 255 255 255 255 255 255 255 255 255 255 255 255 255 255 255 255 255 255 255 255 255 
255 255 255 255 255 255 255 255 255 255 255 255 255 255 255 255 255 255 255 255 255 255 255 255 255 255 255 255 255 255 255 255 255 255 255 255 255 255 255 255 255 255 255 255 255 255 255 255 255 255 255 255 255 255 255 255 255 255 255 255 255 255 255 255 255 255 255 255 255 255 255 255 
255 255 255 255 255 255 255 255 255 255 255 255 255 255 255 255 255 255 255 255 255 255 255 255 255 255 255 255 255 255 255 255 255 255 255 255 255 255 255 255 255 255 255 255 255 255 255 255 255 255 255 255 255 255 255 255 255 255 255 255 255 255 255 255 255 255 255 255 255 255 255 255 
255 255 255 255 255 255 255 255 255 255 255 255 255 255 255 255 255 255 255 255 255 255 255 255 255 255 255 255 255 255 255 255 255 255 255 255 255 255 255 255 255 255 255 255 255 255 255 255 255 255 255 255 255 255 255 255 255 255 255 255 255 255 255 255 255 255 255 255 255 255 255 255 
255 255 255 255 255 255 255 255 255 255 255 255 255 255 255 255 255 255 255 255 255 255 255 255 255 255 255 255 255 255 255 255 255 255 255 255 255 255 255 255 255 255 255 255 255 255 255 255 255 255 255 255 255 255 255 255 255 255 255 255 255 255 255 255 255 255 255 255 255 255 255 255 
255 255 255 255 255 255 255 255 255 255 255 255 255 255 255 255 255 255 255 255 255 255 255 255 255 255 255 255 255 255 255 255 255 255 255 255 255 255 255 255 255 255 255 255 255 255 255 255 255 255 255 255 255 255 255 255 255 255 255 255 255 255 255 255 255 255 255 255 255 255 255 255 
255 255 255 255 255 255 255 255 255 255 255 255 255 255 255 255 255 255 255 255 255 255 255 255 255 255 255 255 255 255 255 255 255 255 255 255 255 255 255 255 255 255 255 255 255 255 255 255 255 255 255 255 255 255 255 255 255 255 255 255 255 255 255 255 255 255 255 255 255 255 255 255 
255 255 255 255 255 255 255 255 255 255 255 255 255 255 255 255 255 255 255 255 255 255 255 255 255 255 255 255 255 255 255 255 255 255 255 255 255 255 255 255 255 255 255 255 255 255 255 255 255 255 255 255 255 255 255 255 255 255 255 255 255 255 255 255 255 255 255 255 255 255 255 255 
255 255 255 255 255 255 255 255 255 255 255 255 255 255 255 255 255 255 255 255 255 255 255 255 255 255 255 255 255 255 255 255 255 255 255 255 255 255 255 255 255 255 255 255 255 255 255 255 255 255 255 255 255 255 255 255 255 255 255 255 255 255 255 255 255 255 255 255 255 255 255 255 
255 255 255 255 255 255 255 255 255 255 255 255 255 255 255 255 255 255 255 255 255 255 255 255 255 255 255 255 255 255 255 255 255 255 255 255 255 255 255 255 255 255 255 255 255 255 255 255 255 255 255 255 255 255 255 255 255 255 255 255 255 255 255 255 255 255 255 255 255 255 255 255 
255 255 255 255 255 255 255 255 255 255 255 255 255 255 255 255 255 255 255 255 255 255 255 255 255 255 255 255 255 255 255 255 255 255 255 255 255 255 255 255 255 255 255 255 255 255 255 255 255 255 255 255 255 255 255 255 255 255 255 255 255 255 255 255 255 255 255 255 255 255 255 255 
255 255 255 255 255 255 255 255 255 255 255 255 255 255 255 255 255 255 255 255 255 255 255 255 255 255 255 255 255 255 255 255 255 255 255 255 255 255 255 255 255 255 255 255 255 255 255 255 255 255 255 255 255 255 255 255 255 255 255 255 255 255 255 255 255 255 255 255 255 255 255 255 
255 255 255 255 255 255 255 255 255 255 255 255 255 255 255 255 255 255 255 255 255 255 255 255 255 255 255 255 255 255 255 255 255 255 255 255 255 255 255 255 255 255 255 255 255 255 255 255 255 255 255 255 255 255 255 255 255 255 255 255 255 255 255 255 255 255 255 255 255 255 255 255 
255 255 255 255 255 255 255 255 255 255 255 255 255 255 255 255 255 255 255 255 255 255 255 255 255 255 255 255 255 255 255 255 255 255 255 255 255 255 255 255 255 255 255 255 255 255 255 255 255 255 255 255 255 255 255 255 255 255 255 255 255 255 255 255 255 255 255 255 255 255 255 255 
255 255 255 255 255 255 255 255 255 255 255 255 255 255 255 255 255 255 255 255 255 255 255 255 255 255 255 255 255 255 255 255 255 255 255 255 255 255 255 255 170 065 099 097 095 242 255 255 255 255 255 255 255 255 255 255 255 255 255 255 255 255 255 255 255 255 255 255 255 255 255 255 
255 255 255 255 255 255 255 255 255 255 255 255 255 255 255 255 255 255 255 255 255 255 255 255 255 255 255 255 255 255 255 255 255 255 255 255 255 255 255 255 175 000 000 000 086 254 255 255 255 255 255 255 255 255 255 255 255 255 255 255 255 255 255 255 255 255 255 255 255 255 255 255 
255 255 255 255 255 255 255 255 255 255 255 177 088 103 119 124 125 126 127 128 129 127 126 125 124 120 104 088 177 255 255 255 255 255 255 255 255 255 255 255 194 000 000 000 166 255 255 255 255 255 255 255 255 255 255 255 255 255 255 255 255 255 255 255 255 255 255 255 255 255 255 255 
196 255 255 255 255 255 255 255 255 255 255 160 000 000 000 000 000 000 000 000 000 000 000 000 000 000 000 000 154 255 255 255 255 255 255 255 255 255 255 255 199 000 000 000 167 255 255 255 255 255 255 255 255 255 255 255 255 255 255 255 255 255 255 255 255 255 255 255 255 255 255 255 
069 255 255 255 255 255 255 255 255 255 255 181 000 000 000 000 000 000 000 000 000 000 000 000 000 000 000 000 167 255 255 255 255 255 255 255 255 255 255 255 200 000 000 000 167 255 255 255 255 255 255 255 255 255 255 255 255 255 255 255 255 255 255 255 255 255 255 255 255 255 255 255 
069 255 255 255 255 255 255 255 255 255 255 197 000 000 000 107 143 143 143 143 143 143 143 143 132 000 000 000 176 255 255 255 200 118 149 160 167 224 255 255 201 000 000 000 167 255 255 255 255 255 255 255 255 255 255 255 255 255 255 255 255 255 255 255 255 255 255 255 255 255 255 255 
069 255 255 255 255 255 255 255 255 255 255 199 000 000 000 191 255 255 255 255 255 255 255 255 234 000 000 000 178 255 255 255 212 000 000 000 063 243 255 255 202 000 000 000 167 255 255 255 255 255 255 255 255 255 255 255 255 255 255 255 255 255 255 255 255 255 255 255 255 255 255 255 
134 255 255 255 255 255 255 255 255 255 255 200 000 000 000 191 255 255 255 255 255 255 255 255 234 000 000 000 180 255 255 255 240 000 000 000 137 255 255 255 203 000 000 000 167 255 255 255 255 255 255 255 255 255 255 255 255 255 255 255 255 255 255 255 255 255 255 255 255 255 255 255 
255 255 255 255 255 255 255 255 255 255 255 202 000 000 000 191 255 255 255 255 255 255 255 255 234 000 000 000 181 255 255 255 248 000 000 000 146 255 255 255 203 000 000 000 167 255 255 255 255 255 255 255 255 255 255 255 255 255 255 255 255 255 255 255 255 255 255 255 255 255 255 255 
255 255 255 255 255 255 255 255 255 255 255 203 000 000 000 191 255 255 255 255 255 255 255 255 234 000 000 000 181 255 255 255 255 001 000 000 146 255 255 255 203 000 000 000 167 255 255 255 255 255 255 255 255 255 255 255 255 255 255 255 255 255 255 255 255 255 255 255 255 255 255 255 
255 255 255 255 255 255 255 255 255 255 255 201 000 000 000 191 255 255 255 255 255 255 255 255 234 000 000 000 178 255 255 255 255 002 000 000 146 255 255 255 203 000 000 000 167 255 255 255 255 255 255 255 255 255 255 255 255 255 255 255 255 255 255 255 255 255 255 255 255 255 255 255 
255 255 255 255 255 255 255 255 255 255 255 199 000 000 000 191 255 255 255 255 255 255 255 255 234 000 000 000 175 255 255 255 255 002 000 000 146 255 255 255 203 000 000 000 167 255 255 255 255 255 255 255 255 255 255 255 255 255 255 255 255 255 255 255 255 255 255 255 255 255 255 255 
255 255 255 255 255 255 255 255 255 255 255 198 000 000 000 160 213 213 213 213 213 213 213 213 196 000 000 000 172 255 255 255 255 002 000 000 146 255 255 255 203 000 000 000 167 255 255 255 255 255 255 255 255 255 255 255 255 255 255 255 255 255 255 255 255 255 255 255 255 255 255 255 
255 255 255 255 255 255 255 255 255 255 255 184 000 000 000 000 000 000 000 000 000 000 000 000 000 000 000 000 164 255 255 255 255 002 000 000 146 255 255 255 203 000 000 000 167 255 255 255 255 255 255 255 255 255 255 255 255 255 255 255 255 255 255 255 255 255 255 255 255 255 255 255 
255 255 255 255 255 255 255 255 255 255 255 164 000 000 000 000 000 000 000 000 000 000 000 000 000 000 000 000 153 255 255 255 255 002 000 000 146 255 255 255 203 000 000 000 167 255 255 255 255 255 255 255 255 255 255 255 255 255 255 255 255 255 255 255 255 255 255 255 255 255 255 255 
255 255 255 255 255 255 255 255 255 255 255 158 041 057 072 078 079 080 080 081 081 081 080 079 078 073 058 041 156 255 255 255 255 002 000 000 146 255 255 255 203 000 000 000 167 255 255 255 255 255 255 255 255 255 255 255 255 255 255 255 255 255 255 255 255 255 255 255 255 255 255 255 
255 255 255 255 255 255 255 255 255 255 255 255 255 255 255 255 255 255 255 255 255 255 255 255 255 255 255 255 255 255 255 255 255 002 000 000 146 255 255 255 203 000 000 000 167 255 255 255 255 255 255 255 255 255 255 255 255 255 255 255 255 255 255 255 255 255 255 255 255 255 255 255 
255 255 255 255 255 255 255 255 255 255 255 255 255 255 255 255 255 056 083 118 120 176 255 255 255 255 255 255 255 255 255 255 255 002 000 000 146 255 255 255 203 000 000 000 167 255 255 255 255 255 255 255 255 255 255 255 255 255 255 255 255 255 255 255 255 255 255 255 255 255 255 255 
255 255 255 255 255 255 255 255 255 255 255 255 255 255 255 255 255 032 000 000 002 218 255 255 255 255 255 255 255 255 255 255 255 002 000 000 146 255 255 255 203 000 000 000 167 255 255 255 255 255 255 255 255 255 255 255 255 255 255 255 255 255 255 255 255 255 255 255 255 255 255 255 
255 255 255 255 255 255 255 255 255 255 255 255 255 255 255 255 255 028 000 000 055 255 255 255 255 255 255 255 255 255 255 255 255 002 000 000 146 255 255 255 203 000 000 000 167 255 255 255 255 255 255 255 255 255 255 255 255 255 255 255 255 255 255 255 255 255 255 255 255 255 255 255 
255 255 255 255 255 255 255 255 255 255 255 255 255 255 255 255 255 012 000 000 103 255 255 255 255 255 255 255 255 255 255 255 255 002 000 000 146 255 255 255 203 000 000 000 167 255 255 255 255 255 255 255 255 255 255 255 255 255 255 255 255 255 255 255 255 255 255 255 255 255 255 255 
255 255 255 255 255 255 255 255 255 153 039 065 083 085 087 089 092 000 000 000 044 090 088 085 082 080 077 066 043 081 255 255 255 002 000 000 146 255 255 255 203 000 000 000 167 255 255 255 255 255 255 255 255 255 255 255 255 255 255 255 255 255 255 255 255 255 255 255 255 255 255 255 
255 255 255 255 255 255 255 255 255 143 000 000 000 000 000 000 000 000 000 000 000 000 000 000 000 000 000 000 000 071 255 255 255 002 000 000 146 255 255 255 203 000 000 000 167 255 255 255 255 255 255 255 255 255 255 255 255 255 255 255 255 255 255 255 255 255 255 255 255 255 255 255 
255 255 255 255 255 255 255 255 255 143 000 000 000 000 000 000 000 000 000 000 000 000 000 000 000 000 000 000 000 081 255 255 255 002 000 000 146 255 255 255 203 000 000 000 167 255 255 255 255 255 255 255 255 255 255 255 255 255 255 255 255 255 255 255 255 255 255 255 255 255 255 255 
255 255 255 255 255 255 255 255 255 199 137 152 160 164 169 173 114 000 000 000 145 178 178 178 178 163 000 000 000 091 255 255 255 002 000 000 146 255 255 255 203 000 000 000 167 255 255 255 255 255 255 255 255 255 255 255 255 255 255 255 255 255 255 255 255 255 255 255 255 255 255 255 
255 255 255 255 255 255 255 255 255 255 255 255 255 255 255 255 133 000 000 000 236 255 255 255 255 228 000 000 000 100 255 255 252 000 000 000 139 255 255 255 203 000 000 000 167 255 255 255 255 255 255 255 255 255 255 255 255 255 255 255 255 255 255 255 255 255 255 255 255 255 255 255 
247 255 255 255 255 255 255 255 255 255 255 255 255 255 255 255 086 000 000 015 255 255 255 255 255 221 000 000 000 110 255 255 246 000 000 000 130 255 255 255 203 000 000 000 167 255 255 255 255 255 255 255 255 255 255 255 255 255 255 255 255 255 255 255 255 255 255 255 255 255 255 255 
122 193 255 255 255 255 255 255 255 255 255 255 255 255 255 247 012 000 000 071 255 255 255 255 255 214 000 000 000 119 255 255 235 000 000 000 114 255 255 255 203 000 000 000 167 255 255 255 255 255 255 255 255 255 255 255 227 208 227 255 255 255 255 255 255 255 255 255 255 255 255 255 
067 008 136 252 255 255 255 255 255 255 255 255 255 255 255 175 000 000 000 145 255 255 255 255 255 207 000 000 000 129 255 255 212 000 000 000 086 255 255 255 203 000 000 000 167 255 255 255 255 255 255 255 255 255 174 058 000 000 000 059 177 255 255 255 255 255 255 255 255 255 255 255 
012 000 000 031 174 255 255 255 255 255 255 255 255 255 255 086 000 000 000 220 255 255 255 255 255 200 000 000 000 138 255 255 197 025 025 025 079 255 255 255 203 000 000 000 167 255 255 255 255 255 255 255 255 147 000 001 063 099 063 000 001 149 255 255 255 255 255 255 255 255 255 255 
000 000 000 000 193 255 255 255 255 255 255 255 255 255 174 000 000 000 038 255 255 255 255 255 255 193 000 000 000 148 255 255 255 255 255 255 255 255 255 255 203 000 000 000 167 255 255 255 255 255 255 255 201 000 024 207 255 255 255 204 022 001 201 255 255 255 255 255 255 255 255 255 
000 000 000 012 249 255 255 255 255 255 255 255 255 223 016 000 000 000 157 255 255 255 255 255 255 186 000 000 000 158 255 255 255 255 255 255 255 255 255 255 203 000 000 000 167 255 255 255 255 255 255 255 094 000 188 255 255 255 255 255 188 000 093 255 255 255 255 255 255 255 255 255 
000 000 000 093 255 255 255 255 255 255 255 255 216 046 000 000 000 069 255 255 255 255 255 255 255 179 000 000 000 167 255 255 255 255 255 255 255 255 255 255 203 000 000 000 167 255 255 255 255 255 255 255 023 030 255 255 255 255 255 255 255 033 020 255 255 255 255 255 255 255 255 255 
000 000 000 185 255 255 255 255 255 255 252 136 008 000 000 000 011 223 255 255 255 255 255 255 255 141 000 000 000 177 255 255 255 255 255 255 255 255 255 255 196 000 000 000 167 255 255 255 255 255 255 255 015 048 255 255 255 255 255 255 255 053 011 255 255 255 255 255 255 255 255 255 
000 000 043 252 255 255 255 255 250 173 052 000 000 000 000 012 182 255 255 255 232 077 121 147 134 023 000 000 000 186 255 255 255 255 251 179 200 224 220 174 065 000 000 000 169 255 255 255 255 255 255 255 049 007 235 255 255 255 255 255 243 013 036 255 255 255 255 255 255 255 255 255 
000 014 217 255 255 255 255 255 095 000 000 000 000 000 028 208 255 255 255 255 255 093 000 000 000 000 000 000 000 208 255 255 255 255 255 148 000 000 000 000 000 000 000 000 185 255 255 255 255 255 255 255 150 000 101 255 255 255 255 255 125 000 133 255 255 255 255 255 255 255 255 255 
114 224 255 255 255 255 255 255 253 121 000 000 000 050 229 255 255 255 255 255 255 189 000 000 000 000 000 000 063 255 255 255 255 255 255 254 039 000 000 000 000 000 000 013 247 255 255 255 255 255 255 255 244 046 000 082 199 237 205 101 000 023 235 255 255 255 255 255 255 255 255 255 
255 255 255 255 255 255 255 255 255 255 138 004 124 249 255 255 255 255 255 255 255 253 023 000 000 000 008 113 242 255 255 255 255 255 255 255 154 000 000 000 000 000 026 187 255 255 255 255 255 255 255 255 255 235 051 000 000 000 000 000 034 220 255 255 255 255 255 255 255 255 255 255 
255 255 255 255 255 255 255 255 255 255 255 220 255 255 255 255 255 255 255 255 255 255 149 126 150 203 250 255 255 255 255 255 255 255 255 255 242 000 000 028 098 170 241 255 255 255 255 255 255 255 255 255 255 255 254 183 091 071 089 170 248 255 255 255 255 255 255 255 255 255 255 255 
255 255 255 255 255 255 255 255 255 255 255 255 255 255 255 255 255 255 255 255 255 255 255 255 255 255 255 255 255 255 255 255 255 255 255 255 255 191 232 255 255 255 255 255 255 255 255 255 255 255 255 255 255 255 255 255 255 255 255 255 255 255 255 255 255 255 255 255 255 255 255 255 
255 255 255 255 255 255 255 255 255 255 255 255 255 255 255 255 255 255 255 255 255 255 255 255 255 255 255 255 255 255 255 255 255 255 255 255 255 255 255 255 255 255 255 255 255 255 255 255 255 255 255 255 255 255 255 255 255 255 255 255 255 255 255 255 255 255 255 255 255 255 255 255 
255 255 255 255 255 255 255 255 255 255 255 255 255 255 255 255 255 255 255 255 255 255 255 255 255 255 255 255 255 255 255 255 255 255 255 255 255 255 255 255 255 255 255 255 255 255 255 255 255 255 255 255 255 255 255 255 255 255 255 255 255 255 255 255 255 255 255 255 255 255 255 255 
255 255 255 255 255 255 255 255 255 255 255 255 255 255 255 255 255 255 255 255 255 255 255 255 255 255 255 255 255 255 255 255 255 255 255 255 255 255 255 255 255 255 255 255 255 255 255 255 255 255 255 255 255 255 255 255 255 255 255 255 255 255 255 255 255 255 255 255 255 255 255 255 
255 255 255 255 255 255 255 255 255 255 255 255 255 255 255 255 255 255 255 255 255 255 255 255 255 255 255 255 255 255 255 255 255 255 255 255 255 255 255 255 255 255 255 255 255 255 255 255 255 255 255 255 255 255 255 255 255 255 255 255 255 255 255 255 255 255 255 255 255 255 255 255 
255 255 255 255 255 255 255 255 255 255 255 255 255 255 255 255 255 255 255 255 255 255 255 255 255 255 255 255 255 255 255 255 255 255 255 255 255 255 255 255 255 255 255 255 255 255 255 255 255 255 255 255 255 255 255 255 255 255 255 255 255 255 255 255 255 255 255 255 255 255 255 255 
255 255 255 255 255 255 255 255 255 255 255 255 255 255 255 255 255 255 255 255 255 255 255 255 255 255 255 255 255 255 255 255 255 255 255 255 255 255 255 255 255 255 255 255 255 255 255 255 255 255 255 255 255 255 255 255 255 255 255 255 255 255 255 255 255 255 255 255 255 255 255 255 
255 255 255 255 255 255 255 255 255 255 255 255 255 255 255 255 255 255 255 255 255 255 255 255 255 255 255 255 255 255 255 255 255 255 255 255 255 255 255 255 255 255 255 255 255 255 255 255 255 255 255 255 255 255 255 255 255 255 255 255 255 255 255 255 255 255 255 255 255 255 255 255 
255 255 255 255 255 255 255 255 255 255 255 255 255 255 255 255 255 255 255 255 255 255 255 255 255 255 255 255 255 255 255 255 255 255 255 255 255 255 255 255 255 255 255 255 255 255 255 255 255 255 255 255 255 255 255 255 255 255 255 255 255 255 255 255 255 255 255 255 255 255 255 255 
255 255 255 255 255 255 255 255 255 255 255 255 255 255 255 255 255 255 255 255 255 255 255 255 255 255 255 255 255 255 255 255 255 255 255 255 255 255 255 255 255 255 255 255 255 255 255 255 255 255 255 255 255 255 255 255 255 255 255 255 255 255 255 255 255 255 255 255 255 255 255 255 
255 255 255 255 255 255 255 255 255 255 255 255 255 255 255 255 255 255 255 255 255 255 255 255 255 255 255 255 255 255 255 255 255 255 255 255 255 255 255 255 255 255 255 255 255 255 255 255 255 255 255 255 255 255 255 255 255 255 255 255 255 255 255 255 255 255 255 255 255 255 255 255 
255 255 255 255 255 255 255 255 255 255 255 255 255 255 255 255 255 255 255 255 255 255 255 255 255 255 255 255 255 255 255 255 255 255 255 255 255 255 255 255 255 255 255 255 255 255 255 255 255 255 255 255 255 255 255 255 255 255 255 255 255 255 255 255 255 255 255 255 255 255 255 255 
255 255 255 255 255 255 255 255 255 255 255 255 255 255 255 255 255 255 255 255 255 255 255 255 255 255 255 255 255 255 255 255 255 255 255 255 255 255 255 255 255 255 255 255 255 255 255 255 255 255 255 255 255 255 255 255 255 255 255 255 255 255 255 255 255 255 255 255 255 255 255 255 
255 255 255 255 255 255 255 255 255 255 255 255 255 255 255 255 255 255 255 255 255 255 255 255 255 255 255 255 255 255 255 255 255 255 255 255 255 255 255 255 255 255 255 255 255 255 255 255 255 255 255 255 255 255 255 255 255 255 255 255 255 255 255 255 255 255 255 255 255 255 255 255 
255 255 255 255 255 255 255 255 255 255 255 255 255 255 255 255 255 255 255 255 255 255 255 255 255 255 255 255 255 255 255 255 255 255 255 255 255 255 255 255 255 255 255 255 255 255 255 255 255 255 255 255 255 255 255 255 255 255 255 255 255 255 255 255 255 255 255 255 255 255 255 255 
255 255 255 255 255 255 255 255 255 255 255 255 255 255 255 255 255 255 255 255 255 255 255 255 255 255 255 255 255 255 255 255 255 255 255 255 255 255 255 255 255 255 255 255 255 255 255 255 255 255 255 255 255 255 255 255 255 255 255 255 255 255 255 255 255 255 255 255 255 255 255 255 
255 255 255 255 255 255 255 255 255 255 255 255 255 255 255 255 255 255 255 255 255 255 255 255 255 255 255 255 255 255 255 255 255 255 255 255 255 255 255 255 255 255 255 255 255 255 255 255 255 255 255 255 255 255 255 255 255 255 255 255 255 255 255 255 255 255 255 255 255 255 255 255 
255 255 255 255 255 255 255 255 255 255 255 255 255 255 255 255 255 255 255 255 255 255 255 255 255 255 255 255 255 255 255 255 255 255 255 255 255 255 255 255 255 255 255 255 255 255 255 255 255 255 255 255 255 255 255 255 255 255 255 255 255 255 255 255 255 255 255 255 255 255 255 255 
255 255 255 255 255 255 255 255 255 255 255 255 255 255 255 255 255 255 255 255 255 255 255 255 255 255 255 255 255 255 255 255 255 255 255 255 255 255 255 255 255 255 255 255 255 255 255 255 255 255 255 255 255 255 255 255 255 255 255 255 255 255 255 255 255 255 255 255 255 255 255 255 
255 255 255 255 255 255 255 255 255 255 255 255 255 255 255 255 255 255 255 255 255 255 255 255 255 255 255 255 255 255 255 255 255 255 255 255 255 255 255 255 255 255 255 255 255 255 255 255 255 255 255 255 255 255 255 255 255 255 255 255 255 255 255 255 255 255 255 255 255 255 255 255 
255 255 255 255 255 255 255 255 255 255 255 255 255 255 255 255 255 255 255 255 255 255 255 255 255 255 255 255 255 255 255 255 255 255 255 255 255 255 255 255 255 255 255 255 255 255 255 255 255 255 255 255 255 255 255 255 255 255 255 255 255 255 255 255 255 255 255 255 255 255 255 255 
255 255 255 255 255 255 255 255 255 255 255 255 255 255 255 255 255 255 255 255 255 255 255 255 255 255 255 255 255 255 255 255 255 255 255 255 255 255 255 255 255 255 255 255 255 255 255 255 255 255 255 255 255 255 255 255 255 255 255 255 255 255 255 255 255 255 255 255 255 255 255 255 
255 255 255 255 255 255 255 255 255 255 255 255 255 255 255 255 255 255 255 255 255 255 255 255 255 255 255 255 255 255 255 255 255 255 255 255 255 255 255 255 255 255 255 255 255 255 255 255 255 255 255 255 255 255 255 255 255 255 255 255 255 255 255 255 255 255 255 255 255 255 255 255 
255 255 255 255 255 255 255 255 255 255 255 255 255 255 255 255 255 255 255 255 255 255 255 255 255 255 255 255 255 255 255 255 255 255 255 255 255 255 255 255 255 255 255 255 255 255 255 255 255 255 255 255 255 255 255 255 255 255 255 255 255 255 255 255 255 255 255 255 255 255 255 255 
255 255 255 255 255 255 255 255 255 255 255 255 255 255 255 255 255 255 255 255 255 255 255 255 255 255 255 255 255 255 255 255 255 255 255 255 255 255 255 255 255 255 255 255 255 255 255 255 255 255 255 255 255 255 255 255 255 255 255 255 255 255 255 255 255 255 255 255 255 255 255 255 
255 255 255 255 255 255 255 255 255 255 255 255 255 255 255 255 255 255 255 255 255 255 255 255 255 255 255 255 255 255 255 255 255 255 255 255 255 255 255 255 255 255 255 255 255 255 255 255 255 255 255 255 255 255 255 255 255 255 255 255 255 255 255 255 255 255 255 255 255 255 255 255 
255 255 255 255 255 255 255 255 255 255 255 255 255 255 255 255 255 255 255 255 255 255 255 255 255 255 255 255 255 255 255 255 255 255 255 255 255 255 255 255 255 255 255 255 255 255 255 255 255 255 255 255 255 255 255 255 255 255 255 255 255 255 255 255 255 255 255 255 255 255 255 255 
255 255 255 255 255 255 255 255 255 255 255 255 255 255 255 255 255 255 255 255 255 255 255 255 255 255 255 255 255 255 255 255 255 255 255 255 255 255 255 255 255 255 255 255 255 255 255 255 255 255 255 255 255 255 255 255 255 255 255 255 255 255 255 255 255 255 255 255 255 255 255 255 
255 255 255 255 255 255 255 255 255 255 255 255 255 255 255 255 255 255 255 255 255 255 255 255 255 255 255 255 255 255 255 255 255 255 255 255 255 255 255 255 255 255 255 255 255 255 255 255 255 255 255 255 255 255 255 255 255 255 255 255 255 255 255 255 255 255 255 255 255 255 255 255 
255 255 255 255 255 255 255 255 255 255 255 255 255 255 255 255 255 255 255 255 255 255 255 255 255 255 255 255 210 131 173 255 255 255 255 255 255 255 255 255 255 255 255 255 255 255 255 255 255 255 255 255 255 255 255 255 255 255 255 255 255 255 255 255 255 255 255 255 255 255 255 255 
255 255 255 255 255 255 255 255 255 255 255 255 255 255 255 255 255 255 255 255 255 255 255 232 183 135 087 032 000 000 044 255 255 255 184 154 168 176 177 178 179 180 180 181 180 179 178 177 176 171 156 166 255 255 255 255 255 255 255 255 255 255 255 255 255 255 255 255 255 255 255 255 
198 197 195 191 162 130 220 255 255 255 255 255 255 255 255 255 255 215 125 122 113 071 023 000 000 000 000 000 000 000 000 163 255 255 093 000 000 000 000 000 000 000 000 000 000 000 000 000 000 000 000 070 255 255 255 255 255 255 255 255 255 255 255 255 255 255 255 255 255 255 255 255 
000 000 000 000 000 000 217 255 255 255 255 255 255 255 255 255 255 192 000 000 000 000 000 000 000 000 000 000 000 000 000 014 222 255 093 000 000 000 000 000 000 000 000 000 000 000 000 000 000 000 000 095 255 255 255 255 255 255 255 255 255 255 255 255 255 255 255 255 255 255 255 255 
000 000 000 000 000 000 243 255 255 255 255 255 255 255 255 255 255 197 000 000 000 000 000 000 010 052 096 137 173 208 210 196 219 255 126 064 078 088 096 020 000 000 043 101 101 101 101 092 000 000 000 120 255 255 255 255 255 255 255 255 255 255 255 255 255 255 255 255 255 255 255 255 
010 010 003 000 000 000 247 255 255 255 255 255 255 255 255 255 255 199 000 000 000 118 198 224 253 255 255 255 255 255 255 255 255 255 255 255 255 255 255 031 000 000 128 255 255 255 255 213 000 000 000 145 255 255 255 255 255 255 255 255 255 255 255 255 255 255 255 255 255 255 255 255 
255 255 076 000 000 000 249 255 255 255 255 255 255 255 255 255 255 201 000 000 000 170 255 255 255 255 255 255 228 255 255 255 255 255 255 255 255 255 248 005 000 000 163 255 255 255 255 187 000 000 000 170 255 255 255 255 255 255 255 255 255 255 255 255 255 255 255 255 255 255 255 255 
255 255 076 000 000 000 250 255 255 255 255 255 255 255 255 255 255 201 000 000 000 170 255 255 255 255 238 080 016 202 255 255 255 255 255 255 255 255 194 000 000 000 210 255 255 255 255 160 000 000 000 195 255 255 255 255 255 255 255 255 255 255 255 255 255 255 255 255 255 255 255 255 
255 255 076 000 000 000 250 255 255 255 255 255 255 255 255 255 255 201 000 000 000 170 255 255 255 250 042 000 000 016 214 255 255 255 255 255 255 255 131 000 000 007 251 255 255 255 255 134 000 000 000 220 255 255 255 255 255 255 255 255 255 255 255 255 255 255 255 255 255 255 255 255 
255 255 076 000 000 000 250 255 255 255 255 255 255 255 255 255 255 201 000 000 000 170 255 255 255 255 193 006 000 000 032 231 255 255 255 255 255 255 067 000 000 061 255 255 255 255 255 107 000 000 000 245 255 255 255 255 255 255 255 255 255 255 255 255 255 255 255 255 255 255 255 255 
255 255 076 000 000 000 250 255 255 255 255 255 255 255 255 255 255 201 000 000 000 170 255 255 255 255 248 080 000 000 000 051 244 255 255 255 255 231 004 000 000 144 255 255 255 255 255 081 000 000 014 255 255 255 255 255 255 255 255 255 255 255 255 255 255 255 255 255 255 255 255 255 
255 255 076 000 000 000 250 255 255 255 255 255 255 255 255 255 255 201 000 000 000 170 255 255 248 146 026 000 000 000 000 000 084 255 255 255 255 133 000 000 005 234 255 255 255 255 255 055 000 000 039 255 255 255 255 255 255 255 255 255 255 255 255 255 255 255 255 255 255 255 255 255 
255 255 076 000 000 000 250 255 255 255 255 255 255 255 255 255 255 201 000 000 000 170 248 146 026 000 000 000 000 009 000 000 000 170 255 255 225 015 000 000 096 255 255 255 255 255 255 026 000 000 064 255 255 255 255 255 255 255 255 255 255 255 255 255 255 255 255 255 255 255 255 255 
089 089 027 000 000 000 250 255 255 255 255 255 255 255 255 255 255 198 000 000 000 084 026 000 000 000 000 043 178 208 005 001 118 251 255 244 060 000 000 005 222 255 255 255 255 255 170 000 000 000 089 255 255 255 255 255 255 255 255 255 255 255 255 255 255 255 255 255 255 255 255 255 
000 000 000 000 000 000 247 255 255 255 255 255 255 255 255 255 255 128 000 000 000 000 000 000 000 029 159 253 255 255 135 182 255 255 229 050 000 000 000 112 255 255 131 081 068 042 000 000 000 000 116 255 255 255 255 255 255 255 255 255 255 255 255 255 255 255 255 255 255 255 255 255 
000 000 000 000 000 000 242 255 255 255 255 255 255 255 255 255 177 008 000 000 000 000 000 018 139 247 255 255 255 255 255 255 255 200 028 000 000 000 057 250 255 255 222 002 000 000 000 000 000 000 196 255 255 255 255 255 255 255 255 255 255 255 255 255 255 255 255 255 255 255 255 255 
205 205 061 000 000 000 227 255 255 255 255 255 255 255 255 255 192 006 000 000 000 009 119 239 255 255 255 255 255 255 255 221 088 001 000 000 000 038 229 255 255 255 255 077 000 000 000 000 007 137 255 255 255 255 255 255 255 255 255 255 255 255 255 255 255 255 255 255 255 255 255 255 
255 255 076 000 000 000 198 255 255 255 255 255 255 255 255 255 255 155 000 000 082 225 255 255 255 255 255 255 255 255 255 191 066 000 000 000 065 238 255 255 255 255 255 169 000 005 066 145 226 255 255 255 255 255 255 255 255 255 255 255 255 255 255 255 255 255 255 255 255 255 255 255 
255 255 179 145 145 145 222 255 255 255 255 255 255 255 255 255 255 254 049 155 255 255 255 255 255 255 255 255 255 255 255 255 255 161 011 116 250 255 255 255 255 255 255 235 196 246 255 255 255 255 255 255 255 255 255 255 255 255 255 255 255 255 255 255 255 255 255 255 255 255 255 255 
255 255 255 255 255 255 255 255 255 255 255 255 255 255 255 255 255 255 242 206 175 183 191 199 208 212 213 214 215 216 217 218 220 221 207 221 220 219 218 216 215 214 213 212 210 201 193 185 177 181 255 255 255 255 255 255 255 255 255 255 255 255 255 255 255 255 255 255 255 255 255 255 
255 255 255 255 255 255 255 255 255 255 255 255 255 255 255 255 255 255 255 130 000 000 000 000 000 000 000 000 000 000 000 000 000 000 000 000 000 000 000 000 000 000 000 000 000 000 000 000 000 056 255 255 255 255 255 255 255 255 255 255 255 255 255 255 255 255 255 255 255 255 255 255 
155 255 255 255 255 255 255 255 255 255 255 255 255 255 255 255 255 255 255 144 000 000 000 000 000 000 000 000 000 000 000 000 000 000 000 000 000 000 000 000 000 000 000 000 000 000 000 000 000 074 255 255 255 255 255 255 255 255 255 255 255 255 255 255 255 255 255 255 255 255 255 255 
000 142 255 255 255 255 255 255 255 255 255 255 255 255 255 255 255 255 255 147 000 000 000 073 083 083 083 083 083 083 083 083 066 000 000 000 062 083 083 083 083 083 083 083 083 083 007 000 000 080 255 255 255 255 255 255 255 255 255 255 255 255 255 255 255 255 255 255 255 255 255 255 
000 000 128 255 255 255 255 255 255 255 255 255 255 255 255 255 255 255 255 148 000 000 000 223 255 255 255 255 255 255 255 255 202 000 000 000 191 255 255 255 255 255 255 255 255 255 022 000 000 081 255 255 255 255 255 255 255 255 255 255 255 255 255 255 255 255 255 255 255 255 255 255 
000 000 000 115 255 255 255 255 255 255 255 255 255 255 255 255 255 255 255 148 000 000 000 223 255 255 255 255 255 255 255 255 202 000 000 000 191 255 255 255 255 255 255 255 255 255 022 000 000 081 255 255 255 255 255 255 255 255 255 255 255 255 255 255 255 255 255 255 255 255 255 255 
000 000 000 000 102 253 255 255 255 255 255 255 255 255 255 255 255 255 255 148 000 000 000 223 255 255 255 255 255 255 255 255 202 000 000 000 191 255 255 255 255 255 255 255 255 255 022 000 000 081 255 255 255 255 255 255 255 255 255 255 255 255 255 255 255 255 255 255 255 255 255 255 
099 000 000 000 000 093 254 255 255 255 255 255 255 255 255 255 255 255 255 148 000 000 000 166 189 189 189 189 189 189 189 189 150 000 000 000 142 189 189 189 189 189 189 189 189 189 017 000 000 081 255 255 255 255 255 255 255 255 255 255 255 255 255 255 255 255 255 255 255 255 255 255 
252 081 000 000 000 000 111 255 255 255 255 255 255 255 255 255 255 255 255 148 000 000 000 000 000 000 000 000 000 000 000 000 000 000 000 000 000 000 000 000 000 000 000 000 000 000 000 000 000 081 255 255 255 255 255 255 255 255 255 255 255 255 255 255 255 255 255 255 255 255 255 255 
255 248 061 000 000 000 000 133 255 255 255 255 255 255 255 255 255 255 255 148 000 000 000 000 000 000 000 000 000 000 000 000 000 000 000 000 000 000 000 000 000 000 000 000 000 000 000 000 000 081 255 255 255 255 255 255 255 255 255 255 255 207 102 036 030 067 169 250 255 255 255 255 
255 255 231 025 000 000 001 124 255 255 255 255 255 255 255 255 255 255 255 148 000 000 000 111 127 127 127 127 127 127 127 127 101 000 000 000 095 127 127 127 127 127 127 127 127 127 011 000 000 081 255 255 255 255 255 255 255 255 255 255 145 000 000 012 021 000 000 062 244 255 255 255 
255 255 255 195 004 016 179 255 255 255 255 255 255 255 255 255 255 255 255 148 000 000 000 223 255 255 255 255 255 255 255 255 202 000 000 000 191 255 255 255 255 255 255 255 255 255 022 000 000 081 255 255 255 255 255 255 255 255 255 167 000 024 174 251 255 212 076 000 071 255 255 255 
255 255 255 255 165 221 255 255 255 255 255 255 255 255 255 255 255 255 255 148 000 000 000 223 255 255 255 255 255 255 255 255 202 000 000 000 191 255 255 255 255 255 255 255 255 255 022 000 000 081 255 255 255 255 255 255 255 255 255 047 005 214 255 255 255 255 251 065 000 204 255 255 
255 255 255 255 255 255 255 255 255 255 255 255 255 255 255 255 255 255 255 148 000 000 000 223 255 255 255 255 255 255 255 255 202 000 000 000 191 255 255 255 255 255 255 255 255 255 022 000 000 081 255 255 255 255 255 255 255 255 213 000 085 255 255 255 255 255 255 186 000 112 255 255 
255 255 255 255 255 255 255 255 255 254 241 255 255 255 255 255 255 255 255 148 000 000 000 176 201 201 201 201 201 201 201 201 160 000 000 000 151 201 201 201 201 201 201 201 201 201 018 000 000 081 255 255 255 255 255 255 255 255 192 000 127 255 255 255 255 255 255 231 000 088 255 255 
197 181 165 149 133 118 094 064 034 006 136 255 255 255 255 255 255 255 255 147 000 000 000 000 000 000 000 000 000 000 000 000 000 000 000 000 000 000 000 000 000 000 000 000 000 000 000 000 000 076 255 255 255 255 255 255 255 255 208 000 094 255 255 255 255 255 255 203 000 101 255 255 
000 000 000 000 000 000 000 000 000 000 227 255 255 255 255 255 255 255 255 141 000 000 000 000 000 000 000 000 000 000 000 000 000 000 000 000 000 000 000 000 000 000 000 000 000 000 000 000 000 071 255 255 255 255 255 255 255 255 255 040 008 225 255 255 255 255 255 098 000 178 255 255 
000 000 000 000 000 000 000 000 000 026 255 255 255 255 255 255 255 255 255 135 000 000 000 102 116 116 116 116 116 116 116 116 116 116 116 116 116 116 116 116 116 116 116 116 116 116 010 000 000 063 255 255 255 255 255 255 255 255 255 157 000 035 202 255 255 243 123 000 036 253 255 255 
000 000 000 000 000 000 000 000 000 068 255 255 255 255 255 255 255 255 255 121 000 000 000 223 255 255 255 255 255 255 255 255 255 255 255 255 255 255 255 255 255 255 255 255 255 255 022 000 000 030 255 255 255 255 255 255 255 255 255 255 126 000 000 041 057 012 000 032 217 255 255 255 
119 114 109 107 110 113 116 118 121 159 255 255 255 255 255 255 255 255 255 085 000 000 000 223 255 255 255 255 255 255 255 255 255 255 255 255 255 255 255 255 255 255 255 255 255 255 022 000 000 001 247 255 255 255 255 255 255 255 255 255 255 182 073 004 000 032 123 232 255 255 255 255 
255 255 255 255 255 255 255 255 255 255 255 255 255 255 255 255 255 255 255 087 043 043 043 229 255 255 255 255 255 255 255 255 255 255 255 255 255 255 255 255 255 255 255 255 255 255 236 234 234 234 253 255 255 255 255 255 255 255 255 255 255 255 255 254 251 255 255 255 255 255 255 255 
255 255 255 255 255 255 255 255 255 255 255 255 255 255 255 255 255 255 255 255 255 255 255 255 255 255 255 255 255 255 255 255 255 255 255 255 255 255 255 255 255 255 255 255 255 255 255 255 255 255 255 255 255 255 255 255 255 255 255 255 255 255 255 255 255 255 255 255 255 255 255 255 
255 255 255 255 255 255 255 255 255 255 255 255 255 255 255 255 255 255 255 255 255 255 255 255 255 255 255 255 255 255 255 255 255 255 255 255 255 255 255 255 255 255 255 255 255 255 255 255 255 255 255 255 255 255 255 255 255 255 255 255 255 255 255 255 255 255 255 255 255 255 255 255 
255 255 255 255 255 255 255 255 255 255 255 255 255 255 255 255 255 255 255 255 255 255 255 255 255 255 255 255 255 255 255 255 255 255 255 255 255 255 255 255 255 255 255 255 255 255 255 255 255 255 255 255 255 255 255 255 255 255 255 255 255 255 255 255 255 255 255 255 255 255 255 255 
255 255 255 255 255 255 255 255 255 255 255 255 255 255 255 255 255 255 255 255 255 255 255 255 255 255 255 255 255 255 255 255 255 255 255 255 255 255 255 255 255 255 255 255 255 255 255 255 255 255 255 255 255 255 255 255 255 255 255 255 255 255 255 255 255 255 255 255 255 255 255 255 
255 255 255 255 255 255 255 255 255 255 255 255 255 255 255 255 255 255 255 255 255 255 255 255 255 255 255 255 255 255 255 255 255 255 255 255 255 255 255 255 255 255 255 255 255 255 255 255 255 255 255 255 255 255 255 255 255 255 255 255 255 255 255 255 255 255 255 255 255 255 255 255 
255 255 255 255 255 255 255 255 255 255 255 255 255 255 255 255 255 255 255 255 255 255 255 255 255 255 255 255 255 255 255 255 255 255 255 255 255 255 255 255 255 255 255 255 255 255 255 255 255 255 255 255 255 255 255 255 255 255 255 255 255 255 255 255 255 255 255 255 255 255 255 255 
255 255 255 255 255 255 255 255 255 255 255 255 255 255 255 255 255 255 255 255 255 255 255 255 255 255 255 255 255 255 255 255 255 255 255 255 255 255 255 255 255 255 255 255 255 255 255 255 255 255 255 255 255 255 255 255 255 255 255 255 255 255 255 255 255 255 255 255 255 255 255 255 
255 255 255 255 255 255 255 255 255 255 255 255 255 255 255 255 255 255 255 255 255 255 255 255 255 255 255 255 255 255 255 255 255 255 255 255 255 255 255 255 255 255 255 255 255 255 255 255 255 255 255 255 255 255 255 255 255 255 255 255 255 255 255 255 255 255 255 255 255 255 255 255 
255 255 255 255 255 255 255 255 255 255 255 255 255 255 255 255 255 255 255 255 255 255 255 255 255 255 255 255 255 255 255 255 255 255 255 255 255 255 255 255 255 255 255 255 255 255 255 255 255 255 255 255 255 255 255 255 255 255 255 255 255 255 255 255 255 255 255 255 255 255 255 255 
