255 255 255 255 255 255 255 255 255 255 255 255 255 255 255 255 255 255 255 255 255 255 255 255 255 255 255 255 255 255 255 217 009 000 000 000 190 255 236 046 000 000 000 024 215 255 255 255 255 052 000 000 000 217 255 255 255 255 255 255 255 255 074 000 000 000 000 000 000 000 000 000 
255 255 255 255 255 255 255 255 255 255 255 255 255 255 255 255 255 255 255 255 255 255 255 255 255 255 255 255 255 255 253 058 000 000 000 073 255 255 255 226 022 000 000 000 024 215 255 255 255 029 000 000 001 247 255 255 255 255 255 255 255 255 180 000 000 000 000 000 000 000 008 005 
255 255 255 255 255 255 255 255 255 255 255 255 255 255 255 255 255 255 255 255 255 255 255 255 255 255 255 255 255 255 127 000 000 000 004 211 255 255 255 255 196 006 000 000 000 110 255 255 255 007 000 000 023 255 255 255 255 255 255 255 255 255 247 010 000 000 000 017 092 172 244 035 
255 255 255 255 255 255 255 255 255 255 255 255 255 255 255 255 255 255 255 255 255 255 255 255 255 255 255 255 255 165 000 000 000 000 134 255 255 255 255 255 255 150 000 004 142 255 255 255 239 000 000 000 053 255 255 255 255 255 255 255 255 255 255 071 008 096 188 251 255 255 255 035 
255 255 255 255 255 255 255 255 255 255 255 255 255 255 255 255 255 255 255 255 255 255 255 255 255 255 255 255 196 007 000 000 000 069 254 255 255 255 255 255 255 254 079 191 255 255 255 255 206 000 000 000 084 255 255 255 255 255 255 255 255 255 255 192 235 255 255 255 255 255 255 035 
255 255 255 255 255 255 255 255 255 255 255 255 255 255 255 255 255 255 255 255 255 255 255 255 255 255 255 192 014 000 000 000 023 232 255 255 255 255 255 255 255 255 255 255 255 255 255 255 160 000 000 000 115 255 255 255 255 255 255 255 255 255 255 255 255 255 255 255 255 255 255 035 
255 255 255 255 255 255 255 255 255 255 255 255 255 255 255 255 255 255 255 255 255 255 255 255 255 255 179 008 000 000 000 003 187 255 255 255 255 255 255 255 255 255 255 255 255 255 255 255 113 000 000 000 145 255 255 255 255 255 255 255 255 255 255 255 255 255 255 255 255 255 255 035 
255 255 255 255 255 255 255 255 255 255 255 255 255 255 255 255 255 255 255 255 255 255 255 255 254 142 004 000 000 000 007 174 255 255 255 255 255 255 255 255 255 255 255 255 255 255 255 255 049 000 000 000 183 255 255 255 255 255 255 255 255 255 255 255 255 255 255 255 255 255 255 035 
255 255 255 255 255 255 255 255 255 255 255 255 255 255 255 255 255 255 255 255 255 255 255 230 069 000 000 000 000 012 188 255 255 255 255 255 255 255 255 255 255 255 255 255 255 255 255 171 000 000 000 000 227 255 255 255 255 255 255 255 255 255 255 255 255 255 255 255 255 255 252 018 
255 255 255 255 255 255 255 255 255 255 255 255 255 255 255 255 255 255 255 255 255 255 175 019 000 000 000 000 019 201 255 255 255 255 255 255 255 255 255 255 255 255 255 255 255 248 148 020 000 000 000 047 255 255 255 255 255 255 255 255 255 255 255 255 255 255 255 255 255 255 155 000 
255 255 255 255 255 255 255 255 255 255 255 255 255 255 255 255 255 255 255 255 212 086 000 000 000 000 000 027 213 255 255 255 255 255 255 255 255 255 255 255 226 047 053 045 031 012 000 000 000 000 000 137 255 255 255 255 255 255 255 255 255 255 255 255 255 246 080 087 086 058 000 000 
255 255 255 255 255 255 255 255 255 255 255 255 255 255 255 255 255 255 240 085 001 000 000 000 000 000 037 224 255 255 255 255 255 255 255 255 255 255 255 255 255 138 000 000 000 000 000 000 000 000 008 225 255 255 255 255 255 255 255 255 255 255 255 255 255 255 162 000 000 000 000 000 
255 255 255 255 255 255 255 255 255 255 255 255 255 255 255 255 255 255 255 209 055 000 000 000 000 077 238 255 255 255 255 255 255 255 255 255 255 255 255 255 255 233 005 000 000 000 000 000 000 003 177 255 255 255 255 255 255 255 255 255 255 255 255 255 255 255 248 019 000 000 000 000 
255 255 255 255 255 255 255 255 255 255 255 255 255 255 255 255 255 255 255 255 251 120 001 005 140 255 255 255 255 255 255 255 255 255 255 255 255 255 255 255 255 255 079 000 000 000 000 000 036 183 255 255 255 255 255 255 255 255 255 255 255 255 255 255 255 255 255 102 000 000 003 048 
255 255 255 255 255 255 255 255 255 255 255 255 255 255 255 255 255 255 255 255 255 255 158 199 255 255 255 255 255 255 255 255 255 255 255 255 255 255 255 255 255 255 122 009 025 055 123 193 251 255 255 255 255 255 255 255 255 255 255 255 255 255 255 255 255 255 255 192 151 191 242 255 
255 255 255 255 255 255 255 255 255 255 255 255 255 255 255 255 255 255 255 255 255 255 255 255 255 255 255 255 255 255 255 255 255 255 255 255 255 255 255 255 255 255 254 255 255 255 255 255 255 255 255 255 255 255 255 255 255 255 255 255 255 255 255 255 255 255 255 255 255 255 255 255 
255 255 255 255 255 255 255 255 255 255 255 255 255 255 255 255 255 255 255 255 255 255 255 255 255 255 255 255 255 255 255 255 255 255 255 255 255 255 255 255 255 255 255 255 255 255 255 255 255 255 255 255 255 255 255 255 255 255 255 255 255 255 255 255 255 255 255 255 255 255 255 255 
255 255 255 255 255 255 255 255 255 255 255 255 255 255 255 255 255 255 255 255 255 255 255 255 255 255 255 255 255 255 255 255 255 255 255 255 255 255 255 255 255 255 255 255 255 255 255 255 255 255 255 255 255 255 255 255 255 255 255 255 255 255 255 255 255 255 255 255 255 255 255 255 
255 255 255 255 255 255 255 255 255 255 255 255 255 255 255 255 255 255 255 255 255 255 255 255 255 255 255 255 255 255 255 255 255 255 255 255 255 255 255 255 255 255 255 255 255 255 255 255 255 255 255 255 255 255 255 255 255 255 255 255 255 255 255 255 255 255 255 255 255 255 255 255 
255 255 255 255 255 255 255 255 255 255 255 255 255 255 255 255 255 255 255 255 255 255 255 255 255 255 255 255 255 255 255 255 255 255 255 255 255 255 255 255 255 255 255 255 255 255 255 255 255 255 255 255 255 255 255 255 255 255 255 255 255 255 255 255 255 255 255 255 255 255 255 255 
255 255 255 255 255 255 255 255 255 255 255 255 255 255 255 255 255 255 255 255 255 255 255 255 255 255 255 255 255 255 255 255 255 255 255 255 255 255 255 255 255 255 255 255 255 255 255 255 255 255 255 255 255 255 255 255 255 255 255 255 255 255 255 255 255 255 255 255 255 255 255 255 
255 255 255 255 255 255 255 255 255 255 255 255 255 255 255 255 255 255 255 255 255 255 255 255 255 255 255 255 255 255 255 255 255 255 255 255 255 255 255 255 255 255 255 255 255 255 255 255 255 255 255 255 255 255 255 255 255 255 255 255 255 255 255 255 255 255 255 255 255 255 255 255 
255 255 255 255 255 255 255 255 255 255 255 255 255 255 255 255 255 255 255 255 255 255 255 255 255 255 255 255 255 255 255 255 255 255 255 255 255 255 255 255 255 255 255 255 255 255 255 255 255 255 255 255 255 255 255 255 255 255 255 255 255 255 255 255 255 255 255 255 255 255 255 255 
255 255 255 255 255 255 255 255 255 255 255 255 255 255 255 255 255 255 255 255 255 255 255 255 255 255 255 255 255 255 255 255 255 255 255 255 255 255 255 255 255 255 255 255 255 255 255 255 255 255 255 255 255 255 255 255 255 255 255 255 255 255 255 255 255 255 255 255 255 255 255 255 
255 255 255 255 255 255 255 255 255 255 255 255 255 255 255 255 255 255 255 255 255 255 255 255 255 255 255 255 255 255 255 255 255 255 255 255 255 255 255 255 255 255 255 255 255 255 255 255 255 255 255 255 255 255 255 255 255 255 255 255 255 255 255 255 255 255 255 255 255 255 255 255 
255 255 255 255 255 255 255 255 255 255 255 255 255 255 255 255 255 255 255 255 255 255 255 255 255 255 255 255 255 255 255 255 255 255 255 255 255 255 255 255 255 255 255 255 255 255 255 255 255 255 255 255 255 255 255 255 255 255 255 255 255 255 255 255 255 255 255 255 255 255 255 255 
255 255 255 255 255 255 255 255 255 255 255 255 255 255 255 255 255 255 255 255 255 255 255 255 255 255 255 255 255 255 255 255 255 255 255 255 255 255 255 255 255 255 255 255 255 255 255 255 255 255 255 255 255 255 255 255 255 255 255 255 255 255 255 255 255 255 255 255 255 255 255 255 
255 255 255 255 255 255 255 255 255 255 255 255 255 255 255 255 255 255 255 255 255 255 255 255 255 255 255 255 255 255 255 255 255 255 255 255 255 255 255 255 255 255 255 255 255 255 255 255 255 255 255 255 255 255 255 255 255 255 255 255 255 255 255 255 255 255 255 255 255 255 255 255 
255 255 255 255 255 255 255 255 255 255 255 255 255 255 255 255 255 255 255 255 255 255 255 255 255 255 255 255 255 255 255 255 255 255 255 255 255 255 255 255 255 255 255 255 255 255 255 255 255 255 255 255 255 255 255 255 255 255 255 255 255 255 255 255 255 255 255 255 255 255 255 255 
255 255 255 255 255 255 255 255 255 255 255 255 255 255 255 255 255 255 255 255 255 255 255 255 255 255 255 255 255 255 255 255 255 255 255 255 255 255 255 255 255 255 255 255 255 255 255 255 255 255 255 255 255 255 255 255 255 255 255 255 255 255 255 255 255 255 255 255 255 255 255 255 
255 255 255 255 255 255 255 255 255 255 255 255 255 255 255 255 255 255 255 255 255 255 255 255 255 255 255 255 255 255 255 255 255 255 255 255 255 255 255 255 255 255 255 255 255 255 255 255 255 255 255 255 255 255 255 255 255 255 255 255 255 255 255 255 255 255 255 255 255 255 255 255 
255 255 255 255 255 255 255 255 255 255 255 255 255 255 255 255 255 255 255 255 255 255 255 255 255 255 255 255 255 255 255 255 255 255 255 255 255 255 255 255 255 255 255 255 255 255 255 255 255 255 255 255 255 255 255 255 255 255 255 255 255 255 255 255 255 255 255 255 255 255 255 255 
255 255 255 255 255 255 255 255 255 255 255 255 255 255 255 255 255 255 255 255 255 255 255 255 255 255 255 255 255 255 255 255 255 255 255 255 255 255 255 255 255 255 255 255 255 255 255 255 255 255 255 255 255 255 255 255 255 255 255 255 255 255 255 255 255 255 255 255 255 255 255 255 
255 255 255 255 255 255 255 255 255 255 255 255 255 255 255 255 255 255 255 255 255 255 255 255 255 255 255 255 255 255 255 255 255 255 255 255 255 255 255 255 255 255 255 255 255 255 255 255 255 255 255 255 255 255 255 255 255 255 255 255 255 255 255 255 255 255 255 255 255 255 255 255 
255 255 255 255 255 255 255 255 255 255 255 255 255 255 255 255 255 255 255 255 255 255 255 255 255 255 255 255 255 255 255 255 255 255 255 255 255 255 255 255 255 255 255 255 255 255 255 255 255 255 255 255 255 255 255 255 255 255 255 255 255 255 255 255 255 255 255 255 255 255 255 255 
255 255 255 255 255 255 255 255 255 255 255 255 255 255 255 255 255 255 255 255 255 255 255 255 255 255 255 255 255 255 255 255 255 255 255 255 255 255 255 255 255 255 255 255 255 255 255 255 255 255 255 255 255 255 255 255 255 255 255 255 255 255 255 255 255 255 255 255 255 255 255 255 
255 255 255 255 255 255 255 255 255 255 255 255 255 255 255 255 255 255 255 255 255 255 255 255 255 255 255 255 255 255 255 255 255 255 255 255 255 255 255 255 255 255 255 255 255 255 255 255 255 255 255 255 255 255 255 255 255 255 255 255 255 255 255 255 255 255 255 255 255 255 255 255 
255 255 255 255 255 255 255 255 255 255 255 255 255 255 255 255 255 255 255 255 255 255 255 255 255 255 255 255 255 255 255 255 255 255 255 255 255 255 255 255 255 255 255 255 255 255 255 255 255 255 255 255 255 255 255 255 255 255 255 255 255 255 255 255 255 255 255 255 255 255 255 255 
255 255 255 255 255 255 255 255 255 255 255 255 255 255 255 255 255 255 255 255 255 255 255 255 255 255 255 255 255 255 255 255 255 255 255 255 255 255 255 255 255 255 255 255 255 255 255 255 255 255 255 255 255 255 255 255 255 255 255 255 255 255 255 255 255 255 255 255 255 255 255 255 
255 255 255 255 255 255 255 255 255 255 255 255 255 255 255 255 255 255 255 255 255 255 255 255 255 255 255 255 255 255 255 255 255 255 255 255 255 255 255 255 255 255 255 255 255 255 255 255 255 255 255 255 255 255 255 255 255 255 255 255 255 255 255 255 255 255 255 255 255 255 255 255 
255 255 255 255 255 255 255 255 255 255 255 255 255 255 255 255 255 255 255 255 255 255 255 255 255 255 255 255 255 255 255 255 255 255 255 255 255 255 255 255 255 255 255 255 255 255 255 255 255 255 255 255 255 255 255 255 255 255 255 255 255 255 255 255 255 255 255 255 255 255 255 255 
255 255 255 255 255 255 255 255 255 255 255 255 255 255 255 255 255 255 255 255 255 255 255 255 255 255 255 255 255 255 255 255 255 255 255 255 255 255 255 255 255 255 255 255 255 255 255 255 255 255 255 255 255 255 255 255 255 255 255 255 255 255 255 255 255 255 255 255 255 255 255 255 
255 255 255 255 255 255 255 255 255 255 255 255 255 255 255 255 255 255 255 255 255 255 255 255 255 255 255 255 255 255 255 255 255 255 255 255 255 255 255 255 255 255 255 255 255 255 255 255 255 255 255 255 255 255 255 255 255 255 255 255 255 255 255 255 255 255 255 255 255 255 255 255 
255 255 255 255 255 255 255 255 255 255 255 255 255 255 255 255 255 255 255 255 255 255 255 255 255 255 255 255 255 255 255 255 255 255 255 228 251 255 255 255 255 255 255 255 255 255 255 255 255 255 255 255 255 255 255 255 255 255 255 255 255 255 255 255 255 255 255 255 255 255 255 255 
255 255 255 255 255 255 255 255 255 255 255 255 255 255 255 255 255 255 255 255 255 255 255 255 255 255 255 255 255 255 255 255 255 255 255 126 010 044 079 093 131 255 255 255 255 255 255 255 255 255 255 255 255 255 255 255 255 255 255 255 255 255 255 255 255 255 255 255 255 255 255 255 
255 255 255 255 255 255 255 255 255 255 255 255 255 255 255 255 255 255 255 255 255 255 255 255 255 255 255 255 255 255 255 255 255 255 255 158 000 000 000 000 158 255 255 255 255 255 255 255 255 255 255 255 255 255 255 255 255 255 255 255 255 255 255 255 255 255 255 255 255 255 255 255 
255 255 255 255 255 255 255 255 255 255 255 255 255 255 255 255 255 255 255 255 255 255 255 255 255 255 255 255 255 255 255 255 255 255 255 185 000 000 000 012 254 255 255 255 255 255 255 255 255 255 255 255 255 255 255 255 255 255 255 255 255 255 255 255 255 255 255 255 255 255 255 255 
255 255 255 255 255 255 255 255 255 255 255 255 255 255 255 255 255 255 255 255 255 255 255 255 255 255 255 255 255 255 255 255 255 255 255 188 000 000 000 054 255 255 255 255 255 255 255 255 255 255 255 255 255 255 255 255 255 255 255 255 255 255 255 255 255 255 255 255 255 255 255 255 
255 255 255 255 255 255 255 255 255 255 255 255 255 255 255 255 255 255 255 255 255 255 255 255 255 255 255 255 255 255 255 255 255 255 255 189 000 000 000 091 255 208 045 074 102 129 134 137 139 142 145 147 144 140 136 132 128 123 115 085 053 099 255 255 255 255 255 255 255 255 255 255 
255 255 255 255 255 255 255 255 255 255 255 255 255 255 255 255 255 255 255 255 255 255 255 255 255 255 250 176 203 219 224 236 255 255 255 191 000 000 000 104 255 201 000 000 000 000 000 000 000 000 000 000 000 000 000 000 000 000 000 000 000 107 255 255 255 255 255 255 255 255 255 255 
255 255 255 255 255 255 255 255 255 255 255 255 255 255 255 255 255 255 255 255 255 255 255 255 255 255 254 010 000 000 000 091 255 255 255 193 000 000 000 114 255 201 000 000 000 000 000 000 000 000 000 000 000 000 000 000 000 000 000 000 000 134 255 255 255 255 255 255 255 255 255 255 
255 255 255 255 255 255 255 255 255 255 255 255 255 255 255 255 255 255 255 255 255 255 255 255 255 255 255 046 000 000 000 217 255 255 255 195 000 000 000 118 255 201 000 000 000 011 013 014 015 016 017 018 018 019 020 021 022 013 000 000 000 143 255 255 255 255 255 255 255 255 255 255 
255 255 255 255 255 255 255 255 255 255 255 255 255 255 255 255 255 255 255 255 255 255 255 255 255 255 255 063 000 000 000 254 255 255 255 196 000 000 000 122 255 242 206 228 250 255 255 255 255 255 255 255 255 255 255 255 255 148 000 000 000 147 255 255 255 255 255 255 255 255 255 255 
255 255 255 255 255 255 255 255 255 255 255 255 255 255 255 255 255 255 255 255 255 255 255 255 255 255 255 066 000 000 003 255 255 255 255 198 000 000 000 126 255 255 255 255 255 255 255 255 255 255 255 255 255 255 255 255 255 148 000 000 000 151 255 255 255 255 255 255 255 255 255 255 
255 255 255 255 255 255 255 255 255 255 255 255 255 255 255 255 255 255 255 255 255 255 255 255 255 255 255 070 000 000 003 255 255 255 255 200 000 000 000 130 255 255 255 255 255 255 255 255 255 255 255 255 255 255 255 255 255 148 000 000 000 155 255 255 255 255 255 255 255 255 255 255 
255 255 255 255 255 255 255 255 255 255 255 255 255 255 255 255 255 255 255 255 255 255 255 255 255 255 255 074 000 000 003 255 255 255 255 201 000 000 000 134 255 255 255 255 255 255 255 255 255 255 255 255 255 255 255 255 255 148 000 000 000 156 255 255 255 255 255 255 255 255 255 255 
255 255 255 255 255 255 255 255 255 255 255 255 255 255 255 255 255 255 255 255 255 255 255 255 255 255 255 077 000 000 003 255 255 255 255 203 000 000 000 138 255 255 255 255 255 255 255 255 255 255 255 255 255 255 255 255 255 148 000 000 000 156 255 255 255 255 255 255 255 255 255 255 
255 255 255 255 255 255 255 255 255 255 255 255 255 255 255 255 255 255 255 255 255 255 255 255 255 255 255 078 000 000 003 255 255 255 255 203 000 000 000 143 255 255 255 255 255 255 255 255 255 255 255 255 255 255 255 255 255 148 000 000 000 156 255 255 255 255 255 255 255 255 255 255 
255 255 255 255 255 255 255 255 255 255 255 255 255 255 255 255 255 255 255 255 255 255 255 255 255 255 255 078 000 000 003 255 255 255 255 203 000 000 000 151 255 255 255 255 255 255 255 255 255 255 255 255 255 255 255 255 255 148 000 000 000 156 255 255 255 255 255 255 255 255 255 255 
255 255 255 255 255 255 255 255 255 255 255 255 255 255 255 255 255 255 255 255 255 255 255 255 255 255 255 078 000 000 003 255 255 255 255 203 000 000 000 159 255 255 255 255 255 255 255 255 255 255 255 255 255 255 255 255 255 148 000 000 000 156 255 255 255 255 255 255 255 255 255 255 
255 255 255 255 255 255 255 255 255 255 255 255 255 255 255 255 255 255 255 255 255 255 255 255 255 255 255 078 000 000 003 255 255 255 255 198 000 000 000 168 255 255 255 255 255 255 255 255 255 255 255 255 255 255 255 255 255 148 000 000 000 156 255 255 255 255 255 255 255 255 255 255 
255 255 255 255 255 255 255 255 255 255 255 255 255 255 255 255 255 255 255 255 255 255 255 255 255 255 255 078 000 000 003 255 255 255 255 187 000 000 000 176 255 255 210 087 111 130 138 145 153 161 169 177 178 179 179 180 180 105 000 000 000 156 255 255 255 255 255 255 255 213 224 237 
255 255 255 255 255 255 255 255 255 255 255 255 255 255 255 255 255 255 255 255 255 255 255 255 255 255 255 078 000 000 003 255 255 255 255 176 000 000 000 184 255 255 191 000 000 000 000 000 000 000 000 000 000 000 000 000 000 000 000 000 000 156 255 255 255 255 255 255 255 010 000 000 
255 255 255 255 255 255 255 255 255 255 255 255 255 255 255 255 255 255 255 255 255 255 255 255 255 255 255 078 000 000 003 255 255 255 255 166 000 000 000 193 255 255 191 000 000 000 000 000 000 000 000 000 000 000 000 000 000 000 000 000 000 156 255 255 255 255 255 255 255 010 000 000 
255 255 255 255 255 255 255 255 255 255 255 255 255 255 255 255 255 255 255 255 255 255 255 255 255 255 255 078 000 000 003 255 255 255 255 155 000 000 000 201 255 255 191 000 000 000 000 007 009 010 012 014 015 017 019 020 022 013 000 000 000 156 255 255 255 255 255 255 255 010 000 000 
255 255 255 255 255 255 255 255 255 255 255 255 255 255 255 255 255 255 255 255 255 255 255 255 255 255 255 078 000 000 003 255 255 255 255 144 000 000 000 211 255 255 234 184 205 226 248 255 255 255 255 255 255 255 255 255 255 148 000 000 000 156 255 255 255 255 255 255 255 060 063 076 
255 255 255 255 255 255 255 255 255 255 255 255 255 255 255 255 255 255 255 255 255 255 255 255 255 255 255 078 000 000 003 255 255 255 255 134 000 000 000 233 255 255 255 255 255 255 255 255 255 255 255 255 255 255 255 255 255 148 000 000 000 156 255 255 255 255 255 255 255 255 255 255 
255 255 255 255 255 255 255 255 255 255 255 255 255 255 255 255 255 255 255 255 255 255 255 255 255 255 255 078 000 000 003 255 255 255 255 106 000 000 004 254 255 255 255 255 255 255 255 255 255 255 255 255 255 255 255 255 255 148 000 000 000 156 255 255 255 255 255 255 255 255 255 255 
255 255 255 255 255 255 255 255 255 255 255 255 255 255 255 255 255 255 255 255 255 255 255 255 255 255 255 078 000 000 003 255 255 255 255 070 000 000 027 255 255 255 255 255 255 255 255 255 255 255 255 255 255 255 255 255 255 148 000 000 000 156 255 255 255 255 255 255 255 255 255 255 
255 255 255 255 255 255 255 255 255 255 255 255 255 255 255 255 255 255 255 255 255 255 255 255 255 255 255 078 000 000 003 255 255 255 255 035 000 000 060 255 255 255 255 255 255 255 255 255 255 255 255 255 255 255 255 255 255 148 000 000 000 156 255 255 255 255 255 255 255 255 255 255 
255 255 255 255 255 255 255 255 255 255 255 255 255 255 255 255 255 255 255 255 255 255 255 255 255 255 255 078 000 000 003 255 255 255 246 004 000 000 098 255 255 255 255 255 255 255 255 255 255 255 255 255 255 255 255 255 255 148 000 000 000 156 255 255 255 255 255 255 255 255 255 255 
255 255 255 255 255 255 255 255 255 255 255 255 255 255 255 255 255 255 255 255 255 255 255 255 255 255 255 078 000 000 003 255 255 255 199 000 000 000 169 255 255 255 255 255 255 255 255 255 255 255 255 255 255 255 255 255 255 148 000 000 000 156 255 255 255 255 255 255 255 255 255 255 
074 170 251 255 255 255 255 255 255 255 255 255 255 255 255 255 255 255 255 255 255 255 255 255 255 255 255 179 144 144 146 255 255 255 107 000 000 006 242 255 255 255 255 255 255 255 255 255 255 255 255 255 255 255 255 255 255 148 000 000 000 156 255 255 255 255 255 255 255 255 255 255 
000 000 048 236 255 255 255 255 255 255 255 255 255 255 255 255 255 255 255 255 255 255 255 255 255 255 255 255 255 255 255 255 255 233 009 000 000 072 255 255 255 255 255 255 255 255 255 255 255 255 255 255 255 255 255 255 255 148 000 000 000 156 255 255 255 255 255 255 255 255 255 255 
210 084 000 049 251 255 255 255 255 255 255 255 255 255 255 255 255 255 255 255 255 255 255 255 255 255 255 255 255 255 255 255 255 121 000 000 000 157 255 255 254 255 255 255 255 255 255 255 255 255 255 255 255 255 255 255 255 148 000 000 000 156 255 255 255 255 255 255 255 255 255 255 
255 254 088 000 172 255 255 255 255 255 255 255 255 255 255 255 255 255 255 255 255 255 255 255 255 255 255 255 255 255 255 255 178 003 000 000 044 251 255 255 144 013 038 052 057 062 068 073 079 084 090 091 091 091 091 091 091 053 000 000 000 152 255 255 255 255 255 255 255 255 255 255 
255 255 218 000 076 255 255 255 255 255 255 255 255 255 255 255 255 255 255 255 255 255 255 255 255 255 255 255 255 255 255 195 009 000 000 000 193 255 255 255 143 000 000 000 000 000 000 000 000 000 000 000 000 000 000 000 000 000 000 000 000 147 255 255 255 255 255 255 255 255 255 255 
255 255 255 014 049 255 255 255 255 255 255 255 255 255 255 255 255 255 255 255 255 255 255 255 255 255 255 255 255 255 185 016 000 000 000 090 255 255 255 255 143 000 000 000 000 000 000 000 000 000 000 000 000 000 000 000 000 000 000 000 000 141 255 255 255 255 255 255 255 255 255 255 
255 255 242 004 059 255 255 255 255 255 255 255 255 255 255 255 255 255 255 255 255 255 255 255 255 255 255 255 252 122 001 000 000 000 026 230 255 255 255 255 143 003 025 039 044 050 055 061 066 072 077 078 078 078 078 078 078 045 000 000 000 135 255 255 255 255 255 255 255 255 255 255 
255 255 147 000 130 255 255 255 255 255 255 255 255 255 255 255 255 255 255 255 255 255 255 255 255 255 255 227 061 000 000 000 000 021 214 255 255 255 255 255 249 253 255 255 255 255 255 255 255 255 255 255 255 255 255 255 255 148 000 000 000 119 255 255 255 255 255 255 255 255 255 255 
254 170 007 007 233 255 255 255 255 255 255 255 255 255 255 255 255 255 255 255 255 255 255 255 255 254 150 014 000 000 000 000 017 207 255 255 255 255 255 255 255 255 255 255 255 255 255 255 255 255 255 255 255 255 255 255 255 148 000 000 000 098 255 255 255 255 255 255 255 255 255 255 
033 000 010 180 255 255 255 255 255 255 255 255 255 255 255 255 255 255 255 255 255 255 255 255 255 240 123 004 000 000 000 012 200 255 255 255 255 255 255 255 255 255 255 255 255 255 255 255 255 255 255 255 255 255 255 255 255 148 000 000 000 078 255 255 255 255 255 255 255 255 255 255 
010 090 205 255 255 255 255 255 255 255 255 255 255 255 255 255 255 255 255 255 255 255 255 255 255 255 255 182 012 000 027 200 255 255 255 255 255 255 255 255 255 255 255 255 255 255 255 255 255 255 255 255 255 255 255 255 255 198 117 117 117 151 255 255 255 255 255 255 255 255 255 255 
248 255 255 255 255 255 255 255 255 255 255 255 255 255 255 255 255 255 255 255 255 255 255 255 255 255 255 255 176 065 233 255 255 255 255 255 255 255 255 255 255 255 255 255 255 255 255 255 255 255 255 255 255 255 255 255 255 255 255 255 255 255 255 255 255 255 255 255 255 255 255 255 
255 255 255 255 255 255 255 255 255 255 255 255 255 255 255 255 255 255 255 255 255 255 255 255 255 255 255 255 255 254 255 255 255 255 255 255 255 255 255 255 255 255 255 255 255 255 255 255 255 255 255 255 255 255 255 255 255 255 255 255 255 255 255 255 255 255 255 255 255 255 255 255 
255 255 255 255 255 255 255 255 255 255 255 255 255 255 255 255 255 255 255 255 255 255 255 255 255 255 255 255 255 255 255 255 255 255 255 255 255 255 255 255 255 255 255 255 255 255 255 255 255 255 255 255 255 255 255 255 255 255 255 255 255 255 255 255 255 255 255 255 255 255 255 255 
255 255 255 255 255 255 255 255 255 255 255 255 255 255 255 255 255 255 255 255 255 255 255 255 255 255 255 255 255 255 255 255 255 255 255 255 255 255 255 255 255 255 255 255 255 255 255 255 255 255 255 255 255 255 255 255 255 255 255 255 255 255 255 255 255 255 255 255 255 255 255 255 
255 255 255 255 255 255 255 255 255 255 255 255 255 255 255 255 255 255 255 255 255 255 255 255 255 255 255 255 255 255 255 255 255 255 255 255 255 255 255 255 255 255 255 255 255 255 255 255 255 255 255 255 255 255 255 255 255 255 255 255 255 255 255 255 255 255 255 255 255 255 255 255 
255 255 255 255 255 255 255 255 255 255 255 255 255 255 255 255 255 255 255 255 255 255 255 255 255 255 255 255 255 255 255 255 255 255 255 255 255 255 255 255 255 255 255 255 255 255 255 255 255 255 255 255 255 255 255 255 255 255 255 255 255 255 255 255 255 255 255 255 255 255 255 255 
255 255 255 255 255 255 255 255 255 255 255 255 255 255 255 255 255 255 255 255 255 255 255 255 255 255 255 255 255 255 255 255 255 255 255 255 255 255 255 255 255 255 255 255 255 255 255 255 255 255 255 255 255 255 255 255 255 255 255 255 255 255 255 255 255 255 255 255 255 255 255 255 
255 255 255 255 255 255 255 255 255 255 255 255 255 255 255 255 255 255 255 255 255 255 255 255 255 255 255 255 255 255 255 255 255 255 255 255 255 255 255 255 255 255 255 255 255 255 255 255 255 255 255 255 255 255 255 255 255 255 255 255 255 255 255 255 255 255 255 255 255 255 255 255 
255 255 255 255 255 255 255 255 255 255 255 255 255 255 255 255 255 255 255 255 255 255 255 255 255 255 255 255 255 255 255 255 255 255 255 255 255 255 255 255 255 255 255 255 255 255 255 255 255 255 255 255 255 255 255 255 255 255 255 255 255 255 255 255 255 255 255 255 255 255 255 255 
255 255 255 255 255 255 255 255 255 255 255 255 255 255 255 255 255 255 255 255 255 255 255 255 255 255 255 255 255 255 255 255 255 255 255 255 255 255 255 255 255 255 255 255 255 255 255 255 255 255 255 255 255 255 255 255 255 255 255 255 255 255 255 255 255 255 255 255 255 255 255 255 
255 255 255 255 255 255 255 255 255 255 255 255 255 255 255 255 255 255 255 255 255 255 255 255 255 255 255 255 255 255 255 255 255 255 255 255 255 255 255 255 255 255 255 255 255 255 255 255 255 255 255 255 255 255 255 255 255 255 255 255 255 255 255 255 255 255 255 255 255 255 255 255 
255 255 255 255 255 255 255 255 255 255 255 255 255 255 255 255 255 255 255 255 255 255 255 255 255 255 255 255 255 255 255 255 255 255 255 255 255 255 255 255 255 255 255 255 255 255 255 255 255 255 255 255 255 255 255 255 255 255 255 255 255 255 255 255 255 255 255 255 255 255 255 255 
255 255 255 255 255 255 255 255 255 255 255 255 255 255 255 255 255 255 255 255 255 255 255 255 255 255 255 255 255 255 255 255 255 255 255 255 255 255 255 255 255 255 255 255 255 255 255 255 255 255 255 255 255 255 255 255 255 255 255 255 255 255 255 255 255 255 255 255 255 255 255 255 
255 255 255 255 255 255 255 255 255 255 255 255 255 255 255 255 255 255 255 255 255 255 255 255 255 255 255 255 255 255 255 255 255 255 255 255 255 255 255 255 255 255 255 255 255 255 255 255 255 255 255 255 255 255 255 255 255 255 255 255 255 255 255 255 255 255 255 255 255 255 255 255 
255 255 255 255 255 255 255 255 255 255 255 255 255 255 255 255 255 255 255 255 255 255 255 255 255 255 255 255 255 255 255 255 255 255 255 255 255 255 255 255 255 255 255 255 255 255 255 255 255 255 255 255 255 255 255 255 255 255 255 255 255 255 255 255 255 255 255 255 255 255 255 255 
255 255 255 255 255 255 255 255 255 255 255 255 255 255 255 255 255 255 255 255 255 255 255 255 255 255 255 255 255 255 255 255 255 255 255 255 255 255 255 255 255 255 255 255 255 255 255 255 255 255 255 255 255 255 255 255 255 255 255 255 255 255 255 255 255 255 255 255 255 255 255 255 
255 255 255 255 255 255 255 255 255 255 255 255 255 255 255 255 255 255 255 255 255 255 255 255 255 255 255 255 255 255 255 255 255 255 255 255 255 255 255 255 255 255 255 255 255 255 255 255 255 255 255 255 255 255 255 255 255 255 255 255 255 255 255 255 255 255 255 255 255 255 255 255 
255 255 255 255 255 255 255 255 255 255 255 255 255 255 255 255 255 255 255 255 255 255 255 255 255 255 255 255 255 255 255 255 255 255 255 255 255 255 255 255 255 255 255 255 255 255 255 255 255 255 255 255 255 255 255 255 255 255 255 255 255 255 255 255 255 255 255 255 255 255 255 255 
255 255 255 255 255 255 255 255 255 255 255 255 255 255 255 255 255 255 255 255 255 255 255 255 255 255 255 255 255 255 255 255 255 255 255 255 255 255 255 255 255 255 255 255 255 255 255 255 255 255 255 255 255 255 255 255 255 255 255 255 255 255 255 255 255 255 255 255 255 255 255 255 
255 255 255 255 255 255 255 255 255 255 255 255 255 255 255 255 255 255 255 255 255 255 255 255 255 255 255 255 255 255 255 255 255 255 255 255 255 255 255 255 255 255 255 255 255 255 255 255 255 255 255 255 255 255 255 255 255 255 255 255 255 255 255 255 255 255 255 255 255 255 255 255 
255 255 255 255 255 255 255 255 255 255 255 255 255 255 255 255 255 255 255 255 255 255 255 255 255 255 255 255 255 255 255 255 255 255 255 255 255 255 255 255 255 255 255 255 255 255 255 255 255 255 255 255 255 255 255 255 255 255 255 255 255 255 255 255 255 255 255 255 255 255 255 255 
255 255 255 255 255 255 255 255 255 255 255 255 255 255 255 255 255 255 255 255 255 255 255 255 255 255 255 255 255 255 255 255 255 255 255 255 255 255 255 255 255 255 255 255 255 255 255 255 255 255 255 255 255 255 255 255 255 255 255 255 255 255 255 255 255 255 255 255 255 255 255 255 
255 255 255 255 255 255 255 255 255 255 255 255 255 255 255 255 255 255 255 255 255 255 255 255 255 255 255 255 255 255 255 255 255 255 255 255 255 255 255 255 255 255 255 255 255 255 255 255 255 255 255 255 255 255 255 255 255 255 255 255 255 255 255 255 255 255 255 255 255 255 255 255 
255 255 255 255 255 255 255 255 255 255 255 255 255 255 255 255 255 255 255 255 255 255 255 255 255 255 255 255 255 255 255 255 255 255 255 255 255 255 255 255 255 255 255 255 255 255 255 255 255 255 255 255 255 255 255 255 255 255 255 255 255 255 255 255 255 255 255 255 255 255 255 255 
255 255 255 255 255 255 255 255 255 255 255 255 255 255 255 255 255 255 255 255 255 255 255 255 255 255 255 255 255 255 255 255 255 255 255 255 255 255 255 255 255 255 255 255 255 255 255 255 255 255 255 255 255 255 255 255 255 255 255 255 255 255 255 255 255 255 255 255 255 255 255 255 
255 255 255 255 255 255 255 255 255 255 255 255 255 255 255 255 255 255 255 255 255 255 255 255 255 255 255 255 255 255 255 255 255 255 255 255 255 255 255 255 255 255 255 255 255 255 255 255 255 255 255 255 255 255 255 255 255 255 255 255 255 255 255 255 255 255 255 255 255 255 255 255 
255 255 255 255 255 255 255 255 255 255 255 255 255 255 255 255 255 255 255 255 255 255 255 255 255 255 255 255 255 255 255 255 255 255 255 255 255 255 255 255 255 255 255 255 255 255 255 255 255 255 255 255 255 255 255 255 255 255 255 255 255 255 255 255 255 255 255 255 255 255 255 255 
255 255 255 255 255 255 255 255 255 255 255 255 255 255 255 255 255 255 255 255 255 255 255 255 255 255 255 255 255 255 255 255 255 255 255 255 255 255 255 255 255 255 255 255 255 255 255 255 255 255 255 255 255 255 255 255 255 255 255 255 255 255 255 255 255 255 255 255 255 255 255 255 
255 255 255 255 255 255 255 255 255 255 255 255 255 255 255 255 255 255 255 255 255 255 255 255 255 255 255 255 255 255 255 255 255 255 255 255 255 255 255 255 255 255 255 255 255 255 255 255 255 255 255 255 255 255 255 255 255 255 255 255 255 255 255 255 255 255 255 255 255 255 255 255 
255 255 255 255 255 255 253 227 255 255 255 255 255 255 255 255 255 255 255 255 255 255 255 255 255 255 255 255 255 255 255 255 255 255 255 255 255 255 255 255 255 255 255 255 255 255 255 255 255 255 255 255 255 255 255 255 255 255 255 255 255 255 255 255 255 255 255 255 255 255 255 255 
104 189 255 255 255 181 046 036 249 255 255 255 255 255 255 255 255 255 255 255 255 255 255 255 255 255 255 255 255 255 255 255 255 255 255 255 255 255 255 255 255 255 255 255 255 255 255 255 255 255 255 255 255 255 255 255 255 255 255 255 255 255 255 255 255 255 255 255 255 255 255 255 
022 206 255 255 116 000 000 000 133 255 255 255 255 255 255 255 255 255 255 255 255 255 255 255 255 255 255 255 255 188 178 187 197 206 212 215 218 220 223 226 229 231 233 230 227 225 223 221 219 217 213 202 191 181 177 255 255 255 255 255 255 255 255 255 255 255 255 255 255 255 255 255 
145 255 255 255 220 012 000 000 006 204 255 255 255 255 255 255 255 255 255 255 255 255 255 255 255 255 255 255 255 074 000 000 000 000 000 000 000 000 000 000 000 000 000 000 000 000 000 000 000 000 000 000 000 000 037 255 255 255 255 255 255 255 255 255 255 255 255 249 129 141 152 164 
242 255 255 255 255 153 000 000 000 035 242 255 255 255 255 255 255 255 255 255 255 255 255 255 255 255 255 255 255 088 000 000 000 000 000 000 000 000 000 000 000 000 000 000 000 000 000 000 000 000 000 000 000 000 051 255 255 255 255 255 255 255 255 255 255 255 255 242 000 000 000 000 
255 255 255 255 255 253 039 000 002 088 227 255 255 255 255 255 255 255 255 255 255 255 255 255 255 255 255 255 255 090 000 000 000 000 000 000 000 000 000 000 000 000 000 000 000 000 000 000 000 000 000 000 000 000 054 255 255 255 255 255 255 255 255 255 255 255 255 242 000 000 000 000 
255 255 255 255 255 255 164 084 212 255 255 255 255 255 255 255 255 255 255 255 255 255 255 255 255 255 255 255 255 092 000 000 000 179 227 227 227 227 227 227 227 227 227 227 227 227 227 227 227 227 202 000 000 000 055 255 255 255 255 255 255 255 255 255 255 255 255 242 000 000 000 000 
152 152 152 152 152 152 152 152 150 148 147 145 144 142 141 125 147 255 255 255 255 255 255 255 255 255 255 255 255 092 000 000 000 200 255 255 255 255 255 255 255 255 255 255 255 255 255 255 255 255 226 000 000 000 055 255 255 255 255 255 255 255 255 255 255 255 255 249 134 149 164 179 
000 000 000 000 000 000 000 000 000 000 000 000 000 000 000 000 070 255 255 255 255 255 255 255 255 255 255 255 255 092 000 000 000 200 255 255 255 255 255 255 255 255 255 255 255 255 255 255 255 255 226 000 000 000 055 255 255 255 255 255 255 255 255 255 255 255 255 255 255 255 255 255 
000 000 000 000 000 000 000 000 000 000 000 000 000 000 000 000 070 255 255 255 255 255 255 255 255 255 255 255 255 092 000 000 000 200 255 255 255 255 255 151 083 111 126 123 186 255 255 255 255 255 226 000 000 000 055 255 255 255 255 255 255 255 255 255 255 255 255 255 255 255 255 255 
075 075 075 075 072 000 000 000 057 074 072 070 069 067 065 051 092 255 255 255 255 255 255 255 255 255 255 255 255 092 000 000 000 200 255 255 255 255 255 137 000 000 000 016 234 255 255 255 255 255 226 000 000 000 055 255 255 255 255 255 255 255 255 255 255 255 255 255 255 255 255 255 
255 255 255 255 243 000 000 000 195 255 255 255 255 255 255 255 255 255 255 255 255 255 255 255 255 255 255 255 255 092 000 000 000 200 255 255 255 255 255 150 000 000 000 089 255 255 255 255 255 255 226 000 000 000 055 255 255 255 255 255 255 255 255 255 255 255 255 255 255 255 255 255 
255 255 255 255 243 000 000 000 195 255 255 255 255 255 255 255 255 255 255 255 255 255 255 255 255 255 255 255 255 092 000 000 000 200 255 255 255 255 255 142 000 000 000 128 255 255 255 255 255 255 226 000 000 000 055 255 255 255 255 255 255 255 255 255 255 255 255 255 255 255 255 255 
255 255 255 255 243 000 000 000 195 255 255 255 255 255 255 255 255 255 255 255 255 255 255 255 255 255 255 255 255 092 000 000 000 200 255 255 255 255 255 133 000 000 000 166 255 255 255 255 255 255 226 000 000 000 055 255 255 255 255 255 255 255 255 255 255 255 255 255 255 255 255 255 
255 255 255 255 243 000 000 000 195 255 255 255 255 255 255 255 255 255 255 255 255 255 255 255 255 255 255 255 255 092 000 000 000 200 255 255 255 255 255 124 000 000 000 202 255 255 255 255 255 255 226 000 000 000 055 255 255 255 255 255 255 255 255 255 255 255 255 255 255 255 255 255 
187 187 187 187 179 000 000 000 142 183 180 176 173 168 146 243 255 255 255 255 255 255 255 255 255 255 255 255 255 092 000 000 000 200 255 255 255 255 255 114 000 000 000 227 255 255 255 255 255 255 226 000 000 000 055 255 255 255 255 255 255 255 255 255 255 255 255 255 255 255 255 255 
000 000 000 000 000 000 000 000 000 000 000 000 000 000 000 228 255 255 255 255 255 255 255 255 255 255 255 255 255 092 000 000 000 200 255 255 255 255 255 101 000 000 001 250 255 255 255 255 255 255 226 000 000 000 055 255 255 255 255 255 255 255 255 255 255 255 255 255 255 255 255 255 
000 000 000 000 000 000 000 000 000 000 000 000 000 000 000 228 255 255 255 255 255 255 255 255 255 255 255 255 255 092 000 000 000 200 255 255 255 255 255 085 000 000 019 255 255 255 255 255 255 255 226 000 000 000 055 255 255 255 255 255 255 255 255 255 255 255 255 255 255 255 255 255 
039 039 039 039 038 000 000 000 029 036 033 030 027 021 002 228 255 255 255 255 255 255 255 255 255 255 255 255 255 092 000 000 000 200 255 255 255 255 255 053 000 000 043 255 255 255 255 255 255 255 226 000 000 000 055 255 255 255 255 255 255 255 255 255 255 255 255 255 255 255 255 255 
255 255 255 255 243 000 000 000 195 255 255 255 255 255 252 254 255 255 255 255 255 255 255 255 255 255 255 255 255 086 000 000 000 200 255 255 255 255 255 019 000 000 068 255 255 255 255 255 255 255 226 000 000 000 052 255 255 255 255 255 255 255 255 255 255 255 255 255 255 255 255 255 
255 255 255 255 243 000 000 000 195 255 255 255 255 255 255 255 255 255 255 255 255 255 255 255 255 255 255 255 255 081 000 000 000 200 255 255 255 255 241 000 000 000 097 255 255 255 255 255 255 255 226 000 000 000 048 255 255 255 255 255 255 255 255 255 255 255 255 255 255 255 255 255 
255 255 255 255 243 000 000 000 195 255 255 255 255 255 255 255 255 255 255 255 255 255 255 255 255 255 255 255 255 075 000 000 000 200 255 255 255 255 203 000 000 000 129 194 206 213 210 232 255 255 226 000 000 000 043 255 255 255 255 255 255 255 255 255 255 255 255 255 255 255 255 255 
255 255 255 255 243 000 000 000 195 255 255 255 255 255 255 255 255 255 255 255 255 255 255 255 255 255 255 255 255 067 000 000 000 200 255 255 255 255 132 000 000 000 185 011 000 000 000 177 255 255 226 000 000 000 036 255 255 255 255 255 255 255 255 255 255 255 255 255 255 255 255 190 
255 255 255 255 243 000 000 000 195 255 255 255 255 255 254 255 255 255 255 255 255 255 255 255 255 255 255 255 255 042 000 000 000 200 255 255 255 255 057 000 000 004 243 020 000 000 000 254 255 255 226 000 000 000 011 255 255 255 255 255 255 255 255 255 255 255 255 255 255 255 158 005 
045 045 045 045 043 000 000 000 034 041 037 034 031 025 004 251 255 255 255 255 255 255 255 255 255 255 255 255 255 016 000 000 000 200 255 255 255 232 002 000 000 054 255 024 000 000 000 255 255 255 226 000 000 000 000 238 255 255 255 255 255 255 255 255 255 255 255 255 254 119 000 000 
000 000 000 000 000 000 000 000 000 000 000 000 000 000 000 251 255 255 255 255 255 255 255 255 255 255 255 255 255 152 151 151 151 233 255 255 255 107 000 000 000 134 255 025 000 000 000 255 255 255 242 140 140 140 140 238 255 255 255 255 255 255 255 255 255 255 255 235 079 000 000 000 
000 000 000 000 000 000 000 000 000 000 000 000 000 000 000 251 255 255 255 255 255 255 255 255 255 255 255 255 255 255 255 255 255 255 255 255 216 004 000 000 013 239 255 025 000 000 000 255 255 255 255 255 255 255 255 255 255 255 255 255 255 255 255 255 255 255 180 024 000 000 000 000 
181 181 181 181 173 000 000 000 138 178 175 172 169 162 139 253 255 255 255 255 255 255 255 255 255 255 255 255 255 255 255 255 255 255 255 249 061 000 000 000 116 255 255 025 000 000 000 255 255 255 255 255 255 255 255 255 255 255 255 255 255 255 255 255 255 255 136 001 000 000 000 013 
255 255 255 255 243 000 000 000 195 255 255 255 255 255 255 255 255 255 255 255 255 255 255 255 255 255 255 255 255 255 255 255 255 255 252 085 000 000 000 014 230 255 255 025 000 000 000 255 255 255 255 255 255 255 255 255 255 254 255 255 255 255 255 255 255 255 255 141 000 000 017 197 
255 255 255 255 243 000 000 000 195 255 255 255 255 255 255 255 255 255 255 255 255 255 255 255 255 255 255 255 255 255 255 255 255 240 080 000 000 000 001 177 255 255 255 025 000 000 000 255 255 255 255 255 255 255 255 255 255 113 191 255 255 255 255 255 255 255 255 255 107 033 215 255 
255 255 255 255 243 000 000 000 195 255 255 255 255 255 255 255 255 255 255 255 255 255 255 255 255 255 255 255 255 255 255 255 197 031 000 000 000 000 126 255 255 255 255 025 000 000 000 255 255 255 255 255 255 255 255 255 255 041 000 080 214 255 255 255 255 255 255 255 243 233 255 255 
255 255 255 255 243 000 000 000 195 255 255 255 255 255 255 255 255 255 255 255 255 255 255 255 255 255 255 255 255 255 236 117 003 000 000 000 000 082 254 255 255 255 255 025 000 000 000 255 255 255 255 255 255 255 255 255 242 002 000 000 002 072 255 255 255 255 255 255 255 255 255 255 
148 148 148 148 142 000 000 000 113 147 146 145 144 143 137 122 108 160 255 255 255 255 255 255 255 255 255 255 239 124 013 000 000 000 000 000 107 252 255 255 255 255 255 025 000 000 000 255 255 255 255 255 255 255 255 255 176 000 000 000 000 086 255 255 255 255 255 255 255 255 255 255 
000 000 000 000 000 000 000 000 000 000 000 000 000 000 000 000 000 102 255 255 255 255 255 255 255 248 177 090 013 000 000 000 000 000 010 157 255 255 255 255 255 255 255 025 000 000 000 240 255 255 255 255 255 255 255 255 054 000 000 000 000 167 255 255 255 255 255 255 255 255 255 255 
000 000 000 000 000 000 000 000 000 000 000 000 000 000 000 000 000 102 255 255 255 255 254 141 083 015 000 000 000 000 000 000 000 053 215 255 255 255 255 255 255 255 255 025 000 000 000 069 183 199 207 216 212 202 185 101 000 000 000 000 021 248 255 255 255 255 255 255 255 255 255 255 
079 079 079 079 079 079 079 079 079 078 076 075 073 071 070 067 050 121 255 255 255 255 255 182 001 000 000 000 000 000 000 030 163 254 255 255 255 255 255 255 255 255 255 039 000 000 000 000 000 000 000 000 000 000 000 000 000 000 000 000 119 255 255 255 255 255 255 255 255 255 255 255 
255 255 255 255 255 255 255 255 255 255 255 255 255 255 255 255 255 255 255 255 255 255 255 255 107 000 000 000 000 014 134 247 255 255 255 255 255 255 255 255 255 255 255 073 000 000 000 000 000 000 000 000 000 000 000 000 000 000 000 037 233 255 255 255 255 255 255 255 255 255 255 255 
255 255 255 255 255 255 255 255 255 255 255 255 255 255 255 255 255 255 255 255 255 255 255 255 243 027 000 010 106 233 255 255 255 255 255 255 255 255 255 255 255 255 255 199 018 000 000 000 000 000 000 000 000 000 000 000 000 011 074 227 255 255 255 255 255 255 255 255 255 255 255 255 
255 255 255 255 255 255 255 255 255 255 255 255 255 255 255 255 255 255 255 255 255 255 255 255 255 159 152 241 255 255 255 255 255 255 255 255 255 255 255 255 255 255 255 255 254 225 197 188 184 181 178 176 178 181 184 191 208 249 255 255 255 255 255 255 255 255 255 255 255 255 255 255 
255 255 255 255 255 255 255 255 255 255 255 255 255 255 255 255 255 255 255 255 255 255 255 255 255 255 255 255 255 255 255 255 255 255 255 255 255 255 255 255 255 255 255 255 255 255 255 255 255 255 255 255 255 255 255 255 255 255 255 255 255 255 255 255 255 255 255 255 255 255 255 255 
255 255 255 255 255 255 255 255 255 255 255 255 255 255 255 255 255 255 255 255 255 255 255 255 255 255 255 255 255 255 255 255 255 255 255 255 255 255 255 255 255 255 255 255 255 255 255 255 255 255 255 255 255 255 255 255 255 255 255 255 255 255 255 255 255 255 255 255 255 255 255 255 
255 255 255 255 255 255 255 255 255 255 255 255 255 255 255 255 255 255 255 255 255 255 255 255 255 255 255 255 255 255 255 255 255 255 255 255 255 255 255 255 255 255 255 255 255 255 255 255 255 255 255 255 255 255 255 255 255 255 255 255 255 255 255 255 255 255 255 255 255 255 255 255 
255 255 255 255 255 255 255 255 255 255 255 255 255 255 255 255 255 255 255 255 255 255 255 255 255 255 255 255 255 255 255 255 255 255 255 255 255 255 255 255 255 255 255 255 255 255 255 255 255 255 255 255 255 255 255 255 255 255 255 255 255 255 255 255 255 255 255 255 255 255 255 255 
255 255 255 255 255 255 255 255 255 255 255 255 255 255 255 255 255 255 255 255 255 255 255 255 255 255 255 255 255 255 255 255 255 255 255 255 255 255 255 255 255 255 255 255 255 255 255 255 255 255 255 255 255 255 255 255 255 255 255 255 255 255 255 255 255 255 255 255 255 255 255 255 
255 255 255 255 255 255 255 255 255 255 255 255 255 255 255 255 255 255 255 255 255 255 255 255 255 255 255 255 255 255 255 255 255 255 255 255 255 255 255 255 255 255 255 255 255 255 255 255 255 255 255 255 255 255 255 255 255 255 255 255 255 255 255 255 255 255 255 255 255 255 255 255 
255 255 255 255 255 255 255 255 255 255 255 255 255 255 255 255 255 255 255 255 255 255 255 255 255 255 255 255 255 255 255 255 255 255 255 255 255 255 255 255 255 255 255 255 255 255 255 255 255 255 255 255 255 255 255 255 255 255 255 255 255 255 255 255 255 255 255 255 255 255 255 255 
255 255 255 255 255 255 255 255 255 255 255 255 255 255 255 255 255 255 255 255 255 255 255 255 255 255 255 255 255 255 255 255 255 255 255 255 255 255 255 255 255 255 255 255 255 255 255 255 255 255 255 255 255 255 255 255 255 255 255 255 255 255 255 255 255 255 255 255 255 255 255 255 
255 255 255 255 255 255 255 255 255 255 255 255 255 255 255 255 255 255 255 255 255 255 255 255 255 255 255 255 255 255 255 255 255 255 255 255 255 255 255 255 255 255 255 255 255 255 255 255 255 255 255 255 255 255 255 255 255 255 255 255 255 255 255 255 255 255 255 255 255 255 255 255 
255 255 255 255 255 255 255 255 255 255 255 255 255 255 255 255 255 255 255 255 255 255 255 255 255 255 255 255 255 255 255 255 255 255 255 255 255 255 255 255 255 255 255 255 255 255 255 255 255 255 255 255 255 255 255 255 255 255 255 255 255 255 255 255 255 255 255 255 255 255 255 255 
255 255 255 255 255 255 255 255 255 255 255 255 255 255 255 255 255 255 255 255 255 255 255 255 255 255 255 255 255 255 255 255 255 255 255 255 255 255 255 255 255 255 255 255 255 255 255 255 255 255 255 255 255 255 255 255 255 255 255 255 255 255 255 255 255 255 255 255 255 255 255 255 
255 255 255 255 255 255 255 255 255 255 255 255 255 255 255 255 255 255 255 255 255 255 255 255 255 255 255 255 255 255 255 255 255 255 255 255 255 255 255 255 255 255 255 255 255 255 255 255 255 255 255 255 255 255 255 255 255 255 255 255 255 255 255 255 255 255 255 255 255 255 255 255 
255 255 255 255 255 255 255 255 255 255 255 255 255 255 255 255 255 255 255 255 255 255 255 255 255 255 255 255 255 255 255 255 255 255 255 255 255 255 255 255 255 255 255 255 255 255 255 255 255 255 255 255 255 255 255 255 255 255 255 255 255 255 255 255 255 255 255 255 255 255 255 255 
255 255 255 255 255 255 255 255 255 255 255 255 255 255 255 255 255 255 255 255 255 255 255 255 255 255 255 255 255 255 255 255 255 255 255 255 255 255 255 255 255 255 255 255 255 255 255 255 255 255 255 255 255 255 255 255 255 255 255 255 255 255 255 255 255 255 255 255 255 255 255 255 
255 255 255 255 255 255 255 255 255 255 255 255 255 255 255 255 255 255 255 255 255 255 255 255 255 255 255 255 255 255 255 255 255 255 255 255 255 255 255 255 255 255 255 255 255 255 255 255 255 255 255 255 255 255 255 255 255 255 255 255 255 255 255 255 255 255 255 255 255 255 255 255 
255 255 255 255 255 255 255 255 255 255 255 255 255 255 255 255 255 255 255 255 255 255 255 255 255 255 255 255 255 255 255 255 255 255 255 255 255 255 255 255 255 255 255 255 255 255 255 255 255 255 255 255 255 255 255 255 255 255 255 255 255 255 255 255 255 255 255 255 255 255 255 255 
255 255 255 255 255 255 255 255 255 255 255 255 255 255 255 255 255 255 255 255 255 255 255 255 255 255 255 255 255 255 255 255 255 255 255 255 255 255 255 255 255 255 255 255 255 255 255 255 255 255 255 255 255 255 255 255 255 255 255 255 255 255 255 255 255 255 255 255 255 255 255 255 
255 255 255 255 255 255 255 255 255 255 255 255 255 255 255 255 255 255 255 255 255 255 255 255 255 255 255 255 255 255 255 255 255 255 255 255 255 255 255 255 255 255 255 255 255 255 255 255 255 255 255 255 255 255 255 255 255 255 255 255 255 255 255 255 255 255 255 255 255 255 255 255 
255 255 255 255 255 255 255 255 255 255 255 255 255 255 255 255 255 255 255 255 255 255 255 255 255 255 255 255 255 255 255 255 255 255 255 255 255 255 255 255 255 255 255 255 255 255 255 255 255 255 255 255 255 255 255 255 255 255 255 255 255 255 255 255 255 255 255 255 255 255 255 255 
255 255 255 255 255 255 255 255 255 255 255 255 255 255 255 255 255 255 255 255 255 255 255 255 255 255 255 255 255 255 255 255 255 255 255 255 255 255 255 255 255 255 255 255 255 255 255 255 255 255 255 255 255 255 255 255 255 255 255 255 255 255 255 255 255 255 255 255 255 255 255 255 
255 255 255 255 255 255 255 255 255 255 255 255 255 255 255 255 255 255 255 255 255 255 255 255 255 255 255 255 255 255 255 255 255 255 255 255 255 255 255 255 255 255 255 255 255 255 255 255 255 255 255 255 255 255 255 255 255 255 255 255 255 255 255 255 255 255 255 255 255 255 255 255 
255 255 255 255 255 255 255 255 255 255 255 255 255 255 255 255 255 255 255 255 255 255 255 255 255 255 255 255 255 255 255 255 255 255 255 255 255 255 255 255 255 255 255 255 255 255 255 255 255 255 255 255 255 255 255 255 255 255 255 255 255 255 255 255 255 255 255 255 255 255 255 255 
255 255 255 255 255 255 255 255 255 255 255 255 255 255 255 255 255 255 255 255 255 255 255 255 255 255 255 255 255 255 255 255 255 255 255 255 255 255 255 255 255 255 255 255 255 255 255 255 255 255 255 255 255 255 255 255 255 255 255 255 255 255 255 255 255 255 255 255 255 255 255 255 
255 255 255 255 255 255 255 255 255 255 255 255 255 255 255 255 255 255 255 255 255 255 255 255 255 255 255 255 255 255 255 255 255 255 255 255 255 255 255 255 255 255 255 255 255 255 255 255 255 255 255 255 255 255 255 255 255 255 255 255 255 255 255 255 255 255 255 255 255 255 255 255 
255 255 255 255 255 255 255 255 255 255 255 255 255 255 255 255 255 255 255 255 255 255 255 255 255 255 255 255 255 255 255 255 255 255 255 255 255 255 255 255 255 255 255 255 255 255 255 255 255 255 255 255 255 255 255 255 255 255 255 255 255 255 255 255 255 255 255 255 255 255 255 255 
255 255 255 255 255 255 255 255 255 255 255 255 255 255 255 255 255 255 255 255 255 255 255 255 255 255 255 255 255 255 255 255 255 255 255 255 255 255 255 255 255 255 255 255 255 255 255 255 255 255 255 255 255 255 255 255 255 255 255 255 255 255 255 255 255 255 255 255 255 255 255 255 
255 255 255 255 255 255 255 255 255 255 255 255 255 255 255 255 255 255 255 255 255 255 255 255 255 255 255 255 255 255 255 255 255 255 255 255 255 255 255 255 255 255 255 255 255 255 255 255 255 255 255 255 255 255 255 255 255 255 255 255 255 255 255 255 255 255 255 255 255 255 255 255 
255 255 255 255 255 255 255 255 255 255 255 255 255 255 255 255 255 255 255 255 255 255 255 255 255 255 255 255 255 255 255 255 255 255 255 255 255 255 255 255 255 255 255 255 255 255 255 255 255 255 255 255 255 255 255 255 255 255 255 255 255 255 255 255 255 255 255 255 255 255 255 255 
255 255 255 255 255 255 255 255 255 255 255 255 255 255 255 255 255 255 255 255 255 255 255 255 255 255 255 255 255 255 255 255 255 255 255 255 255 255 255 255 255 255 255 255 255 255 255 255 255 255 255 255 255 255 255 190 239 255 255 255 255 255 255 255 255 255 255 255 255 255 255 255 
