255 255 255 255 255 255 255 255 255 255 255 255 255 255 255 255 255 255 255 255 255 255 255 255 255 255 255 181 180 196 213 225 227 229 231 233 235 077 000 000 072 233 228 223 218 211 195 178 195 255 255 071 000 000 066 255 255 255 111 000 000 000 096 255 255 255 255 255 255 255 255 255 
255 255 255 255 255 255 255 255 255 255 255 255 255 255 255 255 255 255 255 255 255 255 255 255 255 255 255 255 255 255 255 255 255 255 255 255 255 083 000 000 077 255 255 255 255 255 255 255 255 255 255 071 000 000 066 255 255 255 238 018 000 000 001 201 255 255 255 255 255 255 255 255 
255 255 255 255 255 255 255 255 255 255 255 255 255 255 255 255 255 255 255 255 255 255 255 255 255 255 255 255 255 255 255 255 255 255 255 255 255 083 000 000 077 255 255 255 255 255 255 255 255 255 255 071 000 000 066 255 255 255 255 146 000 000 000 055 254 255 255 255 255 255 255 255 
255 255 255 255 255 255 255 255 255 255 255 255 255 255 255 255 255 255 255 255 255 255 255 255 255 255 255 255 255 224 227 255 255 255 255 255 255 083 000 000 077 255 255 255 255 255 255 255 255 255 255 071 000 000 066 255 255 255 255 251 040 000 000 000 160 255 255 255 255 255 255 255 
255 255 255 255 255 255 255 255 255 255 255 255 255 255 255 255 255 255 255 255 255 255 255 255 255 255 255 255 255 129 000 030 056 137 255 255 255 083 000 000 077 255 255 255 255 255 255 255 255 255 255 071 000 000 066 255 255 255 255 255 157 000 000 000 100 255 255 255 255 255 255 255 
255 255 255 255 255 255 255 255 255 255 255 255 255 255 255 255 255 255 255 255 255 255 255 255 255 255 255 255 255 107 000 000 001 222 255 255 255 083 000 000 045 148 146 144 141 139 114 122 255 255 255 071 000 000 066 255 255 255 255 255 241 009 044 186 255 255 255 255 255 255 255 255 
255 255 255 255 255 255 255 255 255 255 255 255 255 255 255 255 255 255 255 255 255 255 255 255 255 255 255 255 255 076 000 000 049 255 255 255 255 083 000 000 000 000 000 000 000 000 000 055 255 255 255 071 000 000 066 255 255 255 255 255 255 190 252 255 255 255 255 255 255 255 255 255 
255 255 255 255 255 255 255 255 255 255 255 255 255 255 255 255 255 255 255 255 255 255 255 255 255 255 255 255 255 035 000 000 111 255 255 255 255 083 000 000 000 000 000 000 000 000 000 055 255 255 255 071 000 000 066 255 255 255 255 255 255 255 255 255 255 255 255 255 255 255 255 255 
255 255 255 255 255 255 255 255 255 255 255 255 255 255 255 255 255 255 255 255 255 255 255 255 255 255 255 255 248 003 000 000 031 250 255 255 255 083 000 000 040 133 132 131 129 127 106 117 255 255 255 071 000 000 066 255 255 255 255 255 255 255 255 255 255 255 255 255 255 255 255 255 
255 255 255 255 255 255 255 255 255 255 255 255 255 255 255 255 255 255 255 255 255 255 255 255 255 255 255 255 210 000 000 000 000 154 255 255 255 083 000 000 077 255 255 255 255 255 255 255 255 255 255 069 000 000 065 255 255 255 255 255 255 255 255 255 255 255 255 255 255 255 255 240 
255 255 255 255 255 255 255 255 255 255 255 255 255 255 255 255 255 255 255 255 255 255 255 255 255 255 255 255 164 000 000 000 000 018 229 255 255 083 000 000 077 255 255 255 255 255 255 255 255 255 255 066 000 000 062 255 255 255 255 255 255 255 255 255 255 255 255 255 255 255 250 066 
212 188 244 255 255 255 255 255 255 255 255 255 255 255 255 255 255 255 255 255 255 255 255 255 255 255 255 255 097 000 000 026 000 000 069 254 255 083 000 000 077 255 255 255 255 255 255 255 255 255 255 063 000 000 059 255 255 255 255 255 255 255 255 255 255 255 255 255 255 255 242 039 
000 023 252 255 255 255 255 255 255 255 255 255 255 255 255 255 255 255 255 255 255 255 255 255 255 255 255 255 028 000 000 165 045 000 000 144 255 083 000 000 077 255 255 255 255 255 255 255 255 255 255 057 000 000 054 255 255 255 255 255 255 255 255 255 255 255 255 255 255 255 255 214 
000 105 255 255 255 255 255 255 255 255 255 255 255 255 255 255 255 255 255 255 255 255 255 255 255 255 255 215 000 000 000 233 201 006 000 007 170 083 000 000 077 255 255 255 255 255 255 255 255 255 255 037 000 000 037 255 255 255 255 255 255 255 255 255 255 255 255 255 255 255 255 255 
000 192 255 255 255 255 255 255 255 255 255 255 255 255 255 255 255 255 255 255 255 255 255 255 255 255 255 131 000 000 047 255 255 149 000 000 001 020 000 000 077 255 255 255 255 255 255 255 255 255 255 016 000 000 019 255 255 255 255 255 255 255 255 255 255 255 255 255 255 255 255 255 
042 255 255 255 255 255 255 255 255 255 255 255 255 255 255 255 255 255 255 255 255 255 255 255 255 255 250 026 000 000 126 255 255 255 096 000 000 000 000 000 077 255 255 255 255 255 255 255 255 255 250 000 000 000 002 254 255 255 255 255 255 255 255 255 255 255 255 255 255 255 255 255 
149 255 255 255 255 255 255 255 255 255 255 255 255 255 255 255 255 255 255 255 255 255 255 255 255 255 166 000 000 000 207 255 255 255 253 112 000 000 000 000 014 096 168 205 237 255 255 255 255 255 253 220 220 220 220 254 255 252 229 204 179 154 129 104 079 206 255 255 255 255 255 255 
243 255 255 255 255 255 255 255 255 255 255 255 255 255 255 255 255 255 255 255 255 255 255 255 255 250 045 000 000 032 255 255 255 255 255 255 152 009 000 000 000 000 000 000 000 013 044 063 059 054 050 045 041 036 032 027 021 002 000 000 000 000 000 000 025 252 255 255 255 255 255 255 
255 255 255 255 255 255 255 255 255 255 255 255 255 255 255 255 255 255 255 255 255 255 255 255 255 191 002 000 000 111 255 255 255 255 255 255 255 229 101 003 000 000 000 000 000 000 000 000 000 000 000 000 000 000 000 000 000 000 000 000 000 000 000 000 108 255 255 255 255 255 255 255 
255 255 255 255 255 255 255 255 255 255 255 255 255 255 255 255 255 255 255 255 255 255 255 255 255 255 188 017 000 196 255 255 255 255 255 255 255 255 255 220 122 035 000 000 000 000 000 000 000 000 000 000 000 000 000 000 000 000 000 000 000 000 000 000 160 255 255 255 255 255 255 255 
255 255 255 255 255 255 255 255 255 255 255 255 255 255 255 255 255 255 255 255 255 255 255 255 255 255 255 190 049 255 255 255 255 255 255 255 255 255 255 255 255 255 221 183 149 114 093 088 083 079 074 069 064 060 056 063 071 079 088 096 105 113 122 130 228 255 255 255 255 255 255 255 
255 255 255 255 255 255 255 255 255 255 255 255 255 255 255 255 255 255 255 255 255 255 255 255 255 255 255 255 236 255 255 255 255 255 255 255 255 255 255 255 255 255 255 255 255 255 255 255 255 255 255 255 255 255 255 255 255 255 255 255 255 255 255 255 255 255 255 255 255 255 255 255 
255 255 255 255 255 255 255 255 255 255 255 255 255 255 255 255 255 255 255 255 255 255 255 255 255 255 255 255 255 255 255 255 255 255 255 255 255 255 255 255 255 255 255 255 255 255 255 255 255 255 255 255 255 255 255 255 255 255 255 255 255 255 255 255 255 255 255 255 255 255 255 255 
255 255 255 255 255 255 255 255 255 255 255 255 255 255 255 255 255 255 255 255 255 255 255 255 255 255 255 255 255 255 255 255 255 255 255 255 255 255 255 255 255 255 255 255 255 255 255 255 255 255 255 255 255 255 255 255 255 255 255 255 255 255 255 255 255 255 255 255 255 255 255 255 
255 255 255 255 255 255 255 255 255 255 255 255 255 255 255 255 255 255 255 255 255 255 255 255 255 255 255 255 255 255 255 255 255 255 255 255 255 255 255 255 255 255 255 255 255 255 255 255 255 255 255 255 255 255 255 255 255 255 255 255 255 255 255 255 255 255 255 255 255 255 255 255 
255 255 255 255 255 255 255 255 255 255 255 255 255 255 255 255 255 255 255 255 255 255 255 255 255 255 255 255 255 255 255 255 255 255 255 255 255 255 255 255 255 255 255 255 255 255 255 255 255 255 255 255 255 255 255 255 255 255 255 255 255 255 255 255 255 255 255 255 255 255 255 255 
255 255 255 255 255 255 255 255 255 255 255 255 255 255 255 255 255 255 255 255 255 255 255 255 255 255 255 255 255 255 255 255 255 255 255 255 255 255 255 255 255 255 255 255 255 255 255 255 255 255 255 255 255 255 255 255 255 255 255 255 255 255 255 255 255 255 255 255 255 255 255 255 
255 255 255 255 255 255 255 255 255 255 255 255 255 255 255 255 255 255 255 255 255 255 255 255 255 255 255 255 255 255 255 255 255 255 255 255 255 255 255 255 255 255 255 255 255 255 255 255 255 255 255 255 255 255 255 255 255 255 255 255 255 255 255 255 255 255 255 255 255 255 255 255 
255 255 255 255 255 255 255 255 255 255 255 255 255 255 255 255 255 255 255 255 255 255 255 255 255 255 255 255 255 255 255 255 255 255 255 255 255 255 255 255 255 255 255 255 255 255 255 255 255 255 255 255 255 255 255 255 255 255 255 255 255 255 255 255 255 255 255 255 255 255 255 255 
255 255 255 255 255 255 255 255 255 255 255 255 255 255 255 255 255 255 255 255 255 255 255 255 255 255 255 255 255 255 255 255 255 255 255 255 255 255 255 255 255 255 255 255 255 255 255 255 255 255 255 255 255 255 255 255 255 255 255 255 255 255 255 255 255 255 255 255 255 255 255 255 
255 255 255 255 255 255 255 255 255 255 255 255 255 255 255 255 255 255 255 255 255 255 255 255 255 255 255 255 255 255 255 255 255 255 255 255 255 255 255 255 255 255 255 255 255 255 255 255 255 255 255 255 255 255 255 255 255 255 255 255 255 255 255 255 255 255 255 255 255 255 255 255 
255 255 255 255 255 255 255 255 255 255 255 255 255 255 255 255 255 255 255 255 255 255 255 255 255 255 255 255 255 255 255 255 255 255 255 255 255 255 255 255 255 255 255 255 255 255 255 255 255 255 255 255 255 255 255 255 255 255 255 255 255 255 255 255 255 255 255 255 255 255 255 255 
255 255 255 255 255 255 255 255 255 255 255 255 255 255 255 255 255 255 255 255 255 255 255 255 255 255 255 255 255 255 255 255 255 255 255 255 255 255 255 255 255 255 255 255 255 255 255 255 255 255 255 255 255 255 255 255 255 255 255 255 255 255 255 255 255 255 255 255 255 255 255 255 
255 255 255 255 255 255 255 255 255 255 255 255 255 255 255 255 255 255 255 255 255 255 255 255 255 255 255 255 255 255 255 255 255 255 255 255 255 255 255 255 255 255 255 255 255 255 255 255 255 255 255 255 255 255 255 255 255 255 255 255 255 255 255 255 255 255 255 255 255 255 255 255 
255 255 255 255 255 255 255 255 255 255 255 255 255 255 255 255 255 255 255 255 255 255 255 255 255 255 255 255 255 255 255 255 255 255 255 255 255 255 255 255 255 255 255 255 255 255 255 255 255 255 255 255 255 255 255 255 255 255 255 255 255 255 255 255 255 255 255 255 255 255 255 255 
255 255 255 255 255 255 255 255 255 255 255 255 255 255 255 255 255 255 255 255 255 255 255 255 255 255 255 255 255 255 255 255 255 255 255 255 255 255 255 255 255 255 255 255 255 255 255 255 255 255 255 255 255 255 255 255 255 255 255 255 255 255 255 255 255 255 255 255 255 255 255 255 
255 255 255 255 255 255 255 255 255 255 255 255 255 255 255 255 255 255 255 255 255 255 255 255 255 255 255 255 255 255 255 255 255 255 255 255 255 255 255 255 255 255 255 255 255 255 255 255 255 255 255 255 255 255 255 255 255 255 255 255 255 255 255 255 255 255 255 255 255 255 255 255 
255 255 255 255 255 255 255 255 255 255 255 255 255 255 255 255 255 255 255 255 255 255 255 255 255 255 255 255 255 255 255 255 255 255 255 255 255 255 255 255 255 255 255 255 255 255 255 255 255 255 255 255 255 255 255 255 255 255 255 255 255 255 255 255 255 255 255 255 255 255 255 255 
255 255 255 255 255 255 255 255 255 255 255 255 255 255 255 255 255 255 255 255 255 255 255 255 255 255 255 255 255 255 255 255 255 255 255 255 255 255 255 255 255 255 255 255 255 255 255 255 255 255 255 255 255 255 255 255 255 255 255 255 255 255 255 255 255 255 255 255 255 255 255 255 
255 255 255 255 255 255 255 255 255 255 255 255 255 255 255 255 255 255 255 255 255 255 255 255 255 255 255 255 255 255 255 255 255 255 255 255 255 255 255 255 255 255 255 255 255 255 255 255 255 255 255 255 255 255 255 255 255 255 255 255 255 255 255 255 255 255 255 255 255 255 255 255 
255 255 255 255 255 255 255 255 255 255 255 255 255 255 255 255 255 255 255 255 255 255 255 255 255 255 255 255 255 255 255 255 255 255 255 255 255 255 255 255 255 255 255 255 255 255 255 255 255 255 255 255 255 255 255 255 255 255 255 255 255 255 255 255 255 255 255 255 255 255 255 255 
255 255 255 255 255 255 255 255 255 255 255 255 255 255 255 255 255 255 255 255 255 255 255 255 255 255 255 255 255 255 255 255 255 255 255 255 255 255 255 255 255 255 255 255 255 255 255 255 255 255 255 255 255 255 255 255 255 255 255 255 255 255 255 255 255 255 255 255 255 255 255 255 
255 255 255 255 255 255 255 255 255 255 255 255 255 255 255 255 255 255 255 255 255 255 255 255 255 255 255 255 255 255 255 255 255 255 255 255 255 255 255 255 255 255 255 255 255 255 255 255 255 255 255 255 255 255 255 255 255 255 255 255 255 255 255 255 255 255 255 255 255 255 255 255 
255 255 255 255 255 255 255 255 255 255 255 255 255 255 255 255 255 255 255 255 255 255 255 255 255 255 255 255 255 255 255 255 255 255 255 255 255 255 255 255 255 255 255 255 255 255 255 255 255 255 255 255 255 255 255 255 255 255 255 255 255 255 255 255 255 255 255 255 255 255 255 255 
255 255 255 255 255 255 255 255 255 255 255 255 255 255 255 255 255 255 255 255 255 255 255 255 255 255 255 255 255 255 255 255 255 255 255 255 255 255 255 255 255 255 255 255 255 255 255 255 255 255 255 255 255 255 255 255 255 255 255 255 255 255 255 255 255 255 255 255 255 255 255 255 
255 255 255 255 255 255 255 255 255 255 255 255 255 255 255 255 255 255 255 255 255 255 255 255 255 255 255 255 255 255 255 255 255 255 255 255 255 255 255 255 255 255 255 255 255 255 255 255 255 255 255 255 255 255 255 255 255 255 255 255 255 255 255 255 255 255 255 255 255 255 255 255 
255 255 255 255 255 255 255 255 255 255 255 255 255 255 255 255 255 255 255 255 255 255 255 255 255 255 255 255 255 255 255 255 255 255 255 255 255 255 255 255 255 255 255 255 255 255 255 255 255 255 255 255 255 255 255 255 255 255 255 255 255 255 255 255 255 255 255 255 255 255 255 255 
255 255 255 255 255 255 255 255 255 255 255 255 255 255 255 255 255 255 255 255 255 255 255 255 255 255 255 255 255 255 255 255 255 255 255 255 255 255 255 255 255 255 255 255 255 255 255 255 255 255 255 255 255 255 255 255 255 255 255 255 255 255 255 255 255 255 255 255 255 255 255 255 
255 255 255 255 255 255 255 255 255 255 255 255 255 255 255 255 255 255 255 255 255 255 255 255 255 255 255 255 255 255 255 255 255 255 255 255 255 255 255 255 255 255 255 255 255 255 255 255 255 255 255 255 255 255 255 255 255 255 255 255 255 255 255 255 255 255 255 255 255 255 255 255 
255 255 255 255 255 255 255 255 255 255 255 255 255 255 255 255 255 255 255 255 255 255 255 255 255 255 255 255 255 255 255 255 255 255 255 255 255 255 255 255 251 255 255 255 255 255 255 255 255 255 255 255 255 255 255 255 255 255 255 255 255 255 255 255 255 255 255 255 255 255 255 255 
255 255 255 255 255 255 255 255 255 255 255 255 255 255 255 255 255 255 255 255 255 255 255 255 255 255 255 255 255 255 255 255 255 255 255 255 255 255 255 255 104 048 113 156 180 217 255 255 255 255 255 255 255 255 255 255 255 255 255 255 255 255 255 255 255 255 255 255 255 255 255 255 
255 255 255 255 255 255 255 255 255 255 255 255 255 255 255 255 255 255 255 255 255 255 255 255 255 255 255 255 255 255 255 255 255 255 255 255 255 255 255 255 106 000 000 000 000 085 255 255 255 255 255 255 255 255 255 255 255 255 255 255 255 255 255 255 255 255 255 255 255 255 255 118 
255 255 255 255 255 255 255 255 255 255 255 255 255 255 255 255 255 255 255 255 255 255 255 255 255 255 255 255 255 254 255 255 255 255 255 255 255 255 255 255 110 000 000 000 000 217 255 255 255 255 255 255 255 255 255 255 255 255 255 255 255 255 255 255 255 255 255 255 255 255 255 202 
255 255 255 255 255 255 255 255 248 228 209 204 255 255 255 255 255 255 255 255 255 255 255 255 255 255 255 255 199 035 168 255 255 255 255 255 255 255 255 255 115 000 000 000 033 255 255 255 255 255 255 255 255 255 255 255 255 255 255 255 255 255 255 255 255 255 255 255 255 255 255 255 
012 015 015 014 014 013 012 009 000 000 000 066 255 255 255 255 255 255 255 255 255 255 255 255 255 255 255 228 024 000 000 065 212 255 255 255 255 255 255 255 109 000 000 000 082 255 255 255 255 255 255 255 255 255 255 255 255 255 255 255 255 255 255 255 165 159 184 208 217 222 228 234 
000 000 000 000 000 000 000 000 000 000 000 093 255 255 255 255 255 255 255 255 255 255 255 255 255 255 252 052 000 000 000 000 004 115 246 255 255 255 255 255 093 000 000 000 108 255 255 255 255 255 255 255 255 255 255 255 255 255 255 255 255 255 255 255 058 000 000 000 000 000 000 000 
000 000 000 000 000 000 000 000 000 000 000 121 255 255 255 255 255 255 255 255 255 255 255 255 255 255 255 199 057 000 000 000 000 000 038 199 255 255 255 255 078 000 000 000 132 255 255 255 255 255 255 255 255 255 255 255 255 255 255 255 255 255 255 255 058 000 000 000 000 000 000 000 
177 177 177 177 177 177 177 134 000 000 000 151 255 255 255 255 255 255 255 255 255 255 255 255 255 255 255 255 255 156 014 000 000 000 000 003 120 249 255 255 062 000 000 000 155 255 255 255 255 255 255 255 255 255 255 255 255 255 255 255 255 255 255 255 058 000 005 030 045 049 053 057 
255 255 255 255 255 255 255 167 000 000 000 194 255 255 255 255 255 255 255 255 255 255 255 255 255 255 255 255 255 255 226 072 000 000 000 000 010 217 255 255 047 000 000 000 179 255 255 255 255 255 255 255 255 255 255 255 255 255 255 255 255 255 255 255 219 232 254 255 255 232 255 255 
252 211 248 255 255 255 255 138 000 000 000 239 255 255 255 255 255 255 255 255 255 255 255 255 255 255 255 255 255 255 255 255 157 015 000 000 157 255 255 255 031 000 000 000 202 255 255 255 255 255 255 255 255 255 255 255 255 255 255 255 255 255 255 255 255 255 245 161 062 005 230 255 
011 000 183 255 255 255 255 102 000 000 029 255 255 255 255 255 255 255 255 255 255 255 255 255 255 230 255 255 255 255 255 255 255 220 042 088 255 255 255 255 016 000 000 000 225 255 255 255 255 255 255 255 255 255 255 255 255 255 255 255 255 255 255 255 255 255 207 005 000 000 130 255 
000 000 113 255 255 255 255 054 000 000 074 255 255 255 255 255 255 255 255 255 255 255 255 255 132 007 126 247 255 255 255 255 255 255 242 241 255 255 255 254 002 000 000 000 248 255 255 255 255 255 255 255 255 255 255 255 255 255 255 255 255 255 255 255 255 255 255 091 000 000 019 241 
000 000 043 255 255 255 252 009 000 000 120 255 255 255 255 255 255 255 255 255 255 255 255 161 000 000 000 033 179 255 255 255 255 255 255 255 255 255 255 241 000 000 000 016 255 255 255 255 255 255 255 255 255 255 255 255 255 255 255 255 255 255 255 255 255 255 255 198 000 000 000 124 
000 000 000 242 255 255 214 000 000 000 165 255 255 255 255 255 255 255 255 255 255 255 219 007 000 000 000 000 000 082 236 255 255 255 255 255 255 255 255 225 000 000 000 044 255 255 255 255 255 255 255 255 255 255 255 255 255 255 255 255 255 255 255 255 255 255 255 255 028 015 099 197 
000 000 000 206 255 255 166 000 000 000 216 255 255 255 255 255 255 255 255 255 255 255 255 213 080 000 000 000 000 000 027 189 255 255 255 255 255 255 255 210 000 000 000 077 255 255 255 255 255 255 255 255 255 255 255 255 255 255 255 255 255 255 225 150 171 192 213 229 179 223 232 233 
021 000 000 168 255 255 108 000 000 034 255 255 255 255 255 255 255 255 255 255 255 255 255 255 255 163 014 000 000 000 000 002 118 254 255 255 255 255 255 195 000 000 000 110 255 255 255 255 255 255 255 255 255 255 255 255 255 255 255 255 255 255 189 000 000 000 000 000 000 000 000 000 
062 000 000 130 255 254 028 000 000 109 255 255 255 255 255 255 255 255 255 255 255 255 255 255 255 255 224 061 000 000 000 000 096 255 255 255 255 255 255 177 000 000 000 143 255 255 255 255 255 255 255 255 255 255 255 255 255 255 255 255 255 255 189 000 000 000 000 000 000 000 000 000 
110 077 133 210 255 202 000 000 000 186 255 255 255 255 255 255 255 255 255 255 255 255 255 255 255 255 255 253 133 003 000 040 244 255 255 255 255 255 255 146 000 000 000 176 255 255 255 255 255 255 255 255 255 255 255 255 255 255 255 255 255 255 189 010 033 056 075 082 088 093 098 095 
255 255 255 255 255 121 000 000 013 249 255 255 255 255 255 255 255 255 255 255 255 255 255 255 255 255 255 255 255 179 019 210 255 255 255 255 255 255 255 114 000 000 000 210 255 255 255 255 255 255 255 255 255 255 255 255 255 255 255 255 255 255 254 255 255 255 255 255 255 255 255 237 
255 255 255 255 255 039 000 000 082 255 255 255 255 255 255 255 255 255 255 255 255 255 255 255 255 255 255 255 255 255 240 255 255 255 255 255 255 255 255 082 000 000 000 243 255 255 255 255 255 255 255 255 255 255 255 255 255 255 255 255 255 255 255 255 255 255 255 255 255 255 255 237 
255 255 255 255 177 000 000 000 160 255 255 255 255 255 255 255 255 255 255 220 189 201 214 226 239 251 255 255 255 255 255 255 255 255 255 255 255 255 255 050 000 000 020 255 255 255 255 255 255 255 255 254 242 228 213 199 185 248 255 255 255 255 255 255 255 255 255 255 255 255 255 237 
255 255 255 255 051 000 000 023 247 255 255 255 255 255 255 255 255 255 255 133 000 000 000 000 000 000 007 017 018 019 021 022 023 025 026 028 029 030 032 004 000 000 005 031 027 024 021 017 014 010 007 002 000 000 000 000 000 229 255 255 255 255 255 207 169 194 219 231 234 238 241 227 
255 255 255 180 000 000 000 135 255 255 255 255 255 255 255 255 255 255 255 133 000 000 000 000 000 000 000 000 000 000 000 000 000 000 000 000 000 000 000 000 000 000 000 000 000 000 000 000 000 000 000 000 000 000 000 000 000 229 255 255 255 255 255 135 000 000 000 000 000 000 000 000 
192 255 255 054 000 000 015 241 255 255 255 255 255 255 255 255 255 255 255 133 000 000 000 000 000 000 000 000 000 000 000 000 000 000 000 000 000 000 000 000 000 000 000 000 000 000 000 000 000 000 000 000 000 000 000 000 000 229 255 255 255 255 255 135 000 000 000 000 000 000 000 000 
076 255 157 000 000 000 122 255 255 255 255 255 255 255 255 255 255 255 255 133 005 018 030 043 056 068 081 088 090 091 093 095 096 098 099 101 102 104 011 000 000 000 100 100 097 094 091 088 085 082 078 069 056 042 028 015 002 229 255 255 255 255 255 135 000 001 021 035 041 046 052 053 
000 147 015 000 000 009 234 255 255 255 255 255 255 255 255 255 255 255 255 254 255 255 255 255 255 255 255 255 255 255 255 255 255 255 255 255 255 205 000 000 000 051 255 255 255 255 255 255 255 255 255 255 255 255 255 255 254 255 255 255 255 255 255 234 228 251 255 255 255 255 255 237 
000 000 000 000 000 121 255 255 255 255 255 255 255 255 255 255 255 255 255 255 255 255 255 255 255 255 255 255 255 255 255 255 255 255 255 255 255 087 000 000 000 134 255 255 255 255 255 255 255 255 255 255 255 255 255 255 255 255 255 255 255 255 255 255 255 255 204 094 209 255 255 237 
000 000 000 000 044 248 255 255 255 255 255 255 255 255 255 255 255 255 255 255 255 255 255 255 255 255 255 255 255 255 255 255 255 255 255 255 156 000 000 000 008 226 255 255 255 181 242 255 255 255 255 255 255 255 255 255 255 255 255 255 255 255 255 255 255 255 104 000 000 051 181 237 
000 000 000 000 204 255 255 255 255 255 255 255 255 255 255 255 255 255 255 255 255 255 255 255 255 255 255 255 255 255 255 255 255 255 255 201 007 000 000 000 119 255 255 255 133 000 033 195 255 255 255 255 255 255 255 255 255 255 255 255 255 255 255 255 255 238 016 000 000 078 245 237 
000 000 000 000 104 254 255 255 255 255 255 255 255 255 255 255 255 255 255 255 255 255 255 255 255 255 255 255 255 255 255 255 255 255 232 028 000 000 000 022 241 255 254 113 000 000 000 002 125 253 255 255 255 255 255 255 255 255 255 255 255 255 255 255 255 093 000 000 041 246 255 237 
000 000 000 000 000 088 247 255 255 255 255 255 255 255 255 255 255 255 255 255 255 255 255 255 255 255 255 255 255 255 255 255 255 190 033 000 000 000 000 158 255 255 255 146 005 000 000 000 000 074 239 255 255 255 255 255 255 255 255 255 255 255 255 255 177 000 000 003 204 255 255 237 
000 032 000 000 000 000 056 232 255 255 255 255 255 255 255 255 255 255 255 255 255 255 255 255 255 255 255 255 255 255 255 242 104 001 000 000 000 000 106 255 255 255 255 255 195 024 000 000 000 000 036 212 255 255 255 255 255 255 255 255 255 255 255 237 024 000 000 118 255 255 255 237 
066 246 110 000 000 000 000 021 165 255 255 255 255 255 255 255 255 255 255 255 255 255 255 255 255 255 255 255 255 254 179 031 000 000 000 000 000 081 251 255 255 255 255 255 255 224 035 000 000 000 000 012 171 255 255 255 255 255 255 255 255 255 254 085 000 000 037 246 255 255 255 235 
245 255 254 093 000 000 000 000 000 074 215 255 255 255 255 255 255 255 255 255 255 255 255 255 255 255 255 223 126 031 000 000 000 000 000 000 120 253 255 255 255 255 255 255 255 255 229 041 000 000 000 000 000 121 254 255 255 255 255 255 255 254 101 000 000 000 182 255 255 255 255 217 
255 255 255 251 101 000 000 000 000 000 002 082 204 255 255 255 255 255 255 255 255 255 255 255 246 163 065 001 000 000 000 000 000 000 008 164 255 255 255 255 255 255 255 255 255 255 255 234 047 000 000 000 000 000 091 251 255 255 255 255 255 208 083 007 000 068 255 255 255 255 255 166 
255 255 255 255 255 147 004 000 000 000 000 000 000 059 169 255 255 255 255 255 254 195 130 065 008 000 000 000 000 000 000 000 001 083 214 255 255 255 255 255 255 255 255 255 255 255 255 255 238 054 000 000 000 000 000 077 251 255 255 255 255 255 255 237 117 207 255 208 101 123 121 014 
255 255 255 255 255 255 189 018 000 000 000 000 000 017 208 255 255 255 255 255 255 149 004 000 000 000 000 000 000 000 000 073 205 255 255 255 255 255 255 255 255 255 255 255 255 255 255 255 255 242 061 000 000 000 000 132 255 255 255 255 255 255 255 255 255 255 255 255 065 000 000 000 
255 255 255 255 255 255 255 221 043 000 000 000 000 171 255 255 255 255 255 255 255 255 167 002 000 000 000 000 000 062 195 255 255 255 255 255 255 255 255 255 255 255 255 255 255 255 255 255 255 255 241 044 000 001 144 255 255 255 255 255 255 255 255 255 255 255 255 255 155 000 000 000 
255 255 255 255 255 255 255 255 242 098 001 000 096 255 255 255 255 255 255 255 255 255 255 160 001 000 007 088 191 255 255 255 255 255 255 255 255 255 255 255 255 255 255 255 255 255 255 255 255 255 255 223 024 156 255 255 255 255 255 255 255 255 255 255 255 255 255 255 231 000 000 026 
255 255 255 255 255 255 255 255 255 255 193 052 235 255 255 255 255 255 255 255 255 255 255 255 135 144 237 255 255 255 255 255 255 255 255 255 255 255 255 255 255 255 255 255 255 255 255 255 255 255 255 255 240 255 255 255 255 255 255 255 255 255 255 255 255 255 255 255 254 179 223 255 
255 255 255 255 255 255 255 255 255 255 255 255 255 255 255 255 255 255 255 255 255 255 255 255 255 255 255 255 255 255 255 255 255 255 255 255 255 255 255 255 255 255 255 255 255 255 255 255 255 255 255 255 255 255 255 255 255 255 255 255 255 255 255 255 255 255 255 255 255 255 255 255 
255 255 255 255 255 255 255 255 255 255 255 255 255 255 255 255 255 255 255 255 255 255 255 255 255 255 255 255 255 255 255 255 255 255 255 255 255 255 255 255 255 255 255 255 255 255 255 255 255 255 255 255 255 255 255 255 255 255 255 255 255 255 255 255 255 255 255 255 255 255 255 255 
255 255 255 255 255 255 255 255 255 255 255 255 255 255 255 255 255 255 255 255 255 255 255 255 255 255 255 255 255 255 255 255 255 255 255 255 255 255 255 255 255 255 255 255 255 255 255 255 255 255 255 255 255 255 255 255 255 255 255 255 255 255 255 255 255 255 255 255 255 255 255 255 
255 255 255 255 255 255 255 255 255 255 255 255 255 255 255 255 255 255 255 255 255 255 255 255 255 255 255 255 255 255 255 255 255 255 255 255 255 255 255 255 255 255 255 255 255 255 255 255 255 255 255 255 255 255 255 255 255 255 255 255 255 255 255 255 255 255 255 255 255 255 255 255 
255 255 255 255 255 255 255 255 255 255 255 255 255 255 255 255 255 255 255 255 255 255 255 255 255 255 255 255 255 255 255 255 255 255 255 255 255 255 255 255 255 255 255 255 255 255 255 255 255 255 255 255 255 255 255 255 255 255 255 255 255 255 255 255 255 255 255 255 255 255 255 255 
255 255 255 255 255 255 255 255 255 255 255 255 255 255 255 255 255 255 255 255 255 255 255 255 255 255 255 255 255 255 255 255 255 255 255 255 255 255 255 255 255 255 255 255 255 255 255 255 255 255 255 255 255 255 255 255 255 255 255 255 255 255 255 255 255 255 255 255 255 255 255 255 
255 255 255 255 255 255 255 255 255 255 255 255 255 255 255 255 255 255 255 255 255 255 255 255 255 255 255 255 255 255 255 255 255 255 255 255 255 255 255 255 255 255 255 255 255 255 255 255 255 255 255 255 255 255 255 255 255 255 255 255 255 255 255 255 255 255 255 255 255 255 255 255 
255 255 255 255 255 255 255 255 255 255 255 255 255 255 255 255 255 255 255 255 255 255 255 255 255 255 255 255 255 255 255 255 255 255 255 255 255 255 255 255 255 255 255 255 255 255 255 255 255 255 255 255 255 255 255 255 255 255 255 255 255 255 255 255 255 255 255 255 255 255 255 255 
255 255 255 255 255 255 255 255 255 255 255 255 255 255 255 255 255 255 255 255 255 255 255 255 255 255 255 255 255 255 255 255 255 255 255 255 255 255 255 255 255 255 255 255 255 255 255 255 255 255 255 255 255 255 255 255 255 255 255 255 255 255 255 255 255 255 255 255 255 255 255 255 
255 255 255 255 255 255 255 255 255 255 255 255 255 255 255 255 255 255 255 255 255 255 255 255 255 255 255 255 255 255 255 255 255 255 255 255 255 255 255 255 255 255 255 255 255 255 255 255 255 255 255 255 255 255 255 255 255 255 255 255 255 255 255 255 255 255 255 255 255 255 255 255 
255 255 255 255 255 255 255 255 255 255 255 255 255 255 255 255 255 255 255 255 255 255 255 255 255 255 255 255 255 255 255 255 255 255 255 255 255 255 255 255 255 255 255 255 255 255 255 255 255 255 255 255 255 255 255 255 255 255 255 255 255 255 255 255 255 255 255 255 255 255 255 255 
255 255 255 255 255 255 255 255 255 255 255 255 255 255 255 255 255 255 255 255 255 255 255 255 255 255 255 255 255 255 255 255 255 255 255 255 255 255 255 255 255 255 255 255 255 255 255 255 255 255 255 255 255 255 255 255 255 255 255 255 255 255 255 255 255 255 255 255 255 255 255 255 
255 255 255 255 255 255 255 255 255 255 255 255 255 255 255 255 255 255 255 255 255 255 255 255 255 255 255 255 255 255 255 255 255 255 255 255 255 255 255 255 255 255 255 255 255 255 255 255 255 255 255 255 255 255 255 255 255 255 255 255 255 255 255 255 255 255 255 255 255 255 255 255 
255 255 255 255 255 255 255 255 255 255 255 255 255 255 255 255 255 255 255 255 255 255 255 255 255 255 255 255 255 255 255 255 255 255 255 255 255 255 255 255 255 255 255 255 255 255 255 255 255 255 255 255 255 255 255 255 255 255 255 255 255 255 255 255 255 255 255 255 255 255 255 255 
255 255 255 255 255 255 255 255 255 255 255 255 255 255 255 255 255 255 255 255 255 255 255 255 255 255 255 255 255 255 255 255 255 255 255 255 255 255 255 255 255 255 255 255 255 255 255 255 255 255 255 255 255 255 255 255 255 255 255 255 255 255 255 255 255 255 255 255 255 255 255 255 
255 255 255 255 255 255 255 255 255 255 255 255 255 255 255 255 255 255 255 255 255 255 255 255 255 255 255 255 255 255 255 255 255 255 255 255 255 255 255 255 255 255 255 255 255 255 255 255 255 255 255 255 255 255 255 255 255 255 255 255 255 255 255 255 255 255 255 255 255 255 255 255 
255 255 255 255 255 255 255 255 255 255 255 255 255 255 255 255 255 255 255 255 255 255 255 255 255 255 255 255 255 255 255 255 255 255 255 255 255 255 255 255 255 255 255 255 255 255 255 255 255 255 255 255 255 255 255 255 255 255 255 255 255 255 255 255 255 255 255 255 255 255 255 255 
255 255 255 255 255 255 255 255 255 255 255 255 255 255 255 255 255 255 255 255 255 255 255 255 255 255 255 255 255 255 255 255 255 255 255 255 255 255 255 255 255 255 255 255 255 255 255 255 255 255 255 255 255 255 255 255 255 255 255 255 255 255 255 255 255 255 255 255 255 255 255 255 
255 255 255 255 255 255 255 255 255 255 255 255 255 255 255 255 255 255 255 255 255 255 255 255 255 255 255 255 255 255 255 255 255 255 255 255 255 255 255 255 255 255 255 255 255 255 255 255 255 255 255 255 255 255 255 255 255 255 255 255 255 255 255 255 255 255 255 255 255 255 255 255 
255 255 255 255 255 255 255 255 255 255 255 255 255 255 255 255 255 255 255 255 255 255 255 255 255 255 255 255 255 255 255 255 255 255 255 255 255 255 255 255 255 255 255 255 255 255 255 255 255 255 255 255 255 255 255 255 255 255 255 255 255 255 255 255 255 255 255 255 255 255 255 255 
255 255 255 255 255 255 255 255 255 255 255 255 255 255 255 255 255 255 255 255 255 255 255 255 255 255 255 255 255 255 255 255 255 255 255 255 255 255 255 255 255 255 255 255 255 255 255 255 255 255 255 255 255 255 255 255 255 255 255 255 255 255 255 255 255 255 255 255 255 255 255 255 
255 255 255 255 255 255 255 255 255 255 255 255 255 255 255 255 255 255 255 255 255 255 255 255 255 255 255 255 255 255 255 255 255 255 255 255 255 255 255 255 255 255 255 255 255 255 255 255 255 255 255 255 255 255 255 255 255 255 255 255 255 255 255 255 255 255 255 255 255 255 255 255 
255 255 255 255 255 255 255 255 255 255 255 255 255 255 255 255 255 255 255 255 255 255 255 255 255 255 255 255 255 255 255 255 255 255 255 255 255 255 255 255 255 255 255 255 255 255 255 255 255 255 255 255 255 255 255 255 255 255 255 255 255 255 255 255 255 255 255 255 255 255 255 255 
255 255 255 255 255 255 255 255 255 255 255 255 255 255 255 255 255 255 255 255 255 255 255 255 255 255 255 255 255 255 255 255 255 255 255 255 255 255 255 255 255 255 255 255 255 255 255 255 255 255 255 255 255 255 255 255 255 255 255 255 255 255 255 255 255 255 255 255 255 255 255 255 
255 255 255 255 255 255 255 255 255 255 255 255 255 255 255 255 255 255 255 255 255 255 255 255 255 255 255 255 255 255 255 255 255 255 255 255 255 255 255 255 255 255 255 255 255 255 255 255 255 255 255 255 255 255 255 255 255 255 255 255 255 255 255 255 255 255 255 255 255 255 255 255 
255 255 255 255 255 255 255 255 255 255 255 255 255 255 255 255 255 255 255 255 255 255 255 255 255 255 255 255 255 255 255 255 255 255 255 255 255 255 255 255 255 255 255 255 255 255 255 255 255 255 255 255 255 255 255 255 255 255 255 255 255 255 255 255 255 255 255 255 255 255 255 255 
255 255 255 255 255 255 255 255 255 255 255 255 255 255 255 255 255 255 255 255 255 255 255 255 255 255 255 255 255 255 255 255 255 255 255 255 255 255 255 255 255 255 255 255 255 255 255 255 255 255 255 255 255 255 255 255 255 255 255 255 255 255 255 255 255 255 255 255 255 255 255 255 
255 255 255 255 255 255 255 255 255 255 255 255 255 255 255 255 255 255 255 255 255 255 255 255 255 255 255 255 255 255 255 255 255 255 255 255 255 255 255 255 255 255 255 255 255 255 255 255 255 255 255 255 255 255 255 255 255 255 255 255 255 255 255 255 255 255 255 255 255 255 255 255 
255 255 255 255 255 255 255 255 255 247 160 120 080 040 169 255 255 255 255 255 255 255 255 255 255 255 255 255 255 255 255 255 255 255 255 255 255 255 255 255 255 255 255 255 255 255 255 255 255 255 212 113 145 165 165 168 242 255 255 255 255 255 255 255 255 255 255 255 255 255 255 255 
255 255 255 255 255 255 255 255 255 255 054 000 000 000 139 255 255 255 255 255 255 255 255 255 255 255 255 255 255 255 255 255 255 255 255 255 255 255 255 255 255 255 255 255 255 255 255 255 255 255 223 000 000 000 000 020 214 255 255 255 255 255 255 255 255 255 255 255 255 255 255 255 
255 255 255 255 255 255 255 255 255 255 150 000 000 000 091 255 255 255 255 255 255 255 255 255 255 255 255 255 255 255 255 255 255 255 255 255 255 255 255 255 255 255 255 255 255 255 255 255 255 255 244 000 000 000 000 191 255 255 255 255 255 255 255 255 255 255 255 255 255 255 255 255 
255 255 255 255 255 255 255 255 255 255 232 002 000 000 039 255 255 255 255 255 255 255 255 255 255 255 255 255 255 255 255 255 255 255 255 255 255 255 255 255 255 255 255 255 255 255 255 255 255 255 255 006 000 000 000 244 255 255 255 255 255 255 255 255 255 255 255 255 255 255 255 255 
215 235 253 255 255 255 255 255 255 255 255 042 000 000 001 242 255 255 255 255 255 255 255 255 248 229 251 255 255 255 255 255 255 255 255 255 255 255 255 255 255 255 255 255 255 255 255 255 255 255 255 023 000 000 000 244 255 255 255 255 255 255 255 255 255 255 255 255 255 255 255 255 
000 000 002 019 030 033 036 039 042 045 048 013 000 000 000 041 047 044 042 040 037 035 030 011 000 000 222 255 255 255 255 255 255 255 255 255 255 255 255 255 255 255 255 255 255 255 255 255 255 255 255 039 000 000 000 244 255 255 255 255 255 255 255 255 255 255 255 255 255 255 255 255 
000 000 000 000 000 000 000 000 000 000 000 000 000 000 000 000 000 000 000 000 000 000 000 000 000 000 222 255 255 255 255 255 255 255 255 255 255 255 255 255 255 255 255 255 255 255 255 255 255 255 255 043 000 000 000 244 255 255 255 255 255 255 255 255 255 255 255 255 255 255 255 255 
000 000 000 000 000 000 000 000 000 000 000 000 000 000 000 000 000 000 000 000 000 000 000 000 000 000 222 255 255 255 255 255 255 255 255 255 255 255 255 255 255 255 255 255 255 255 255 255 255 255 255 045 000 000 000 244 255 255 255 255 255 255 255 255 255 255 230 255 255 255 255 255 
106 138 153 161 168 176 184 192 125 182 198 199 199 199 198 196 194 192 190 188 186 184 177 156 134 112 235 255 255 255 255 255 255 255 255 255 255 255 255 255 255 255 255 255 255 255 255 255 255 255 255 047 000 000 000 223 255 255 255 255 255 255 255 255 255 178 018 212 255 255 255 255 
255 255 255 255 255 255 255 178 002 022 156 251 255 255 255 255 255 255 255 255 255 255 255 255 255 255 255 255 255 255 255 255 255 255 255 255 255 255 255 255 255 255 255 255 255 255 255 255 255 255 255 049 000 000 000 153 255 255 255 255 255 255 255 255 227 019 000 027 224 255 255 255 
255 255 255 255 255 255 206 011 000 000 000 035 226 255 255 255 248 107 083 248 255 255 255 255 255 255 255 255 255 255 255 255 255 255 255 255 255 255 255 255 255 255 255 255 255 255 255 255 255 255 255 049 000 000 000 079 255 255 255 255 255 255 255 245 054 000 000 000 024 199 255 255 
255 255 255 255 255 228 027 000 000 000 072 230 255 255 255 220 047 000 000 062 240 255 255 255 255 255 255 255 255 255 255 255 255 255 209 114 139 160 163 166 168 171 170 168 165 162 152 131 110 222 255 049 000 000 000 007 239 255 255 255 255 255 251 075 000 000 000 000 000 007 169 255 
255 255 255 255 226 043 000 000 000 120 254 255 255 255 255 241 074 000 000 000 046 229 255 255 255 255 255 255 255 255 255 255 255 255 179 000 000 000 000 000 000 000 000 000 000 000 000 000 000 239 255 049 000 000 000 000 155 255 255 255 255 255 099 000 000 000 000 010 106 193 233 255 
255 255 255 206 026 000 000 006 160 255 255 255 255 255 255 255 253 096 000 000 000 032 219 255 255 255 255 255 255 255 255 255 255 255 179 000 000 000 000 000 000 000 000 000 000 000 000 000 031 255 255 049 000 000 000 000 063 255 255 255 255 126 000 000 000 000 052 220 255 255 255 255 
255 253 167 012 000 000 020 194 255 255 255 255 255 249 221 192 163 132 015 000 000 000 023 208 255 255 255 255 255 255 255 255 255 255 179 000 000 000 000 000 005 014 016 018 018 000 000 000 078 255 255 049 000 000 000 000 001 226 255 255 153 000 000 000 000 102 248 255 255 255 255 255 
180 037 000 000 000 021 161 167 138 109 080 051 023 001 000 000 000 000 000 000 000 000 000 015 195 255 255 255 255 255 255 255 255 255 221 165 196 212 229 245 255 255 255 255 191 000 000 000 125 255 255 049 000 000 000 000 000 125 255 145 001 000 000 008 159 255 255 255 255 255 255 255 
231 005 000 000 000 000 000 000 000 000 000 000 000 000 000 000 000 000 000 000 007 000 000 000 010 226 255 255 255 255 255 255 255 255 255 255 255 255 255 255 255 255 255 255 128 000 000 000 192 255 255 049 000 000 000 009 000 020 118 000 000 000 020 197 255 255 255 255 255 255 255 255 
255 071 000 000 000 000 000 000 000 000 000 019 047 075 103 130 158 186 214 241 247 051 000 000 139 255 255 255 255 255 255 255 255 255 255 255 255 255 255 255 255 255 255 255 066 000 000 020 252 255 255 049 000 000 000 089 000 000 000 000 000 039 220 255 255 255 255 255 255 255 255 255 
255 149 000 000 007 044 083 122 161 201 240 255 255 255 255 255 255 255 255 255 255 226 015 126 255 255 255 255 255 255 255 255 255 255 255 255 255 255 255 255 255 255 255 241 009 000 000 097 255 255 255 049 000 000 000 182 000 000 000 000 063 237 255 255 255 255 255 255 255 255 255 255 
255 203 150 221 253 255 255 255 255 255 255 255 255 255 255 255 255 255 255 255 255 255 211 255 255 255 255 255 255 255 255 255 255 255 255 255 255 255 255 255 255 255 255 149 000 000 000 178 255 255 255 049 000 000 000 243 034 000 000 055 249 255 255 255 255 255 255 255 255 255 255 255 
255 255 255 255 255 255 255 255 255 228 155 186 193 205 255 255 255 144 112 138 142 227 255 255 255 255 255 255 255 255 255 255 255 255 255 255 255 255 255 255 255 255 255 046 000 000 012 247 255 255 255 049 000 000 000 244 155 000 000 007 214 255 255 255 255 255 255 255 255 255 255 255 
255 255 181 037 078 085 159 255 255 234 000 000 000 109 255 255 255 129 000 000 017 247 255 255 255 255 255 255 255 255 255 255 255 255 255 255 255 255 255 255 255 255 200 000 000 000 083 255 255 255 255 049 000 000 000 244 251 036 000 000 054 249 255 255 255 255 255 255 255 255 255 255 
255 255 210 000 000 000 157 255 255 250 000 000 000 163 255 255 255 140 000 000 041 255 255 255 255 255 255 255 255 255 255 255 255 255 255 255 255 255 255 255 255 255 097 000 000 000 164 255 255 255 255 049 000 000 000 244 255 164 000 000 000 094 255 255 255 255 255 255 255 255 255 255 
255 255 235 000 000 000 158 255 255 255 000 000 000 169 255 255 255 146 000 000 047 255 255 255 255 255 255 255 255 255 255 255 255 255 255 255 255 255 255 255 255 235 010 000 000 026 244 255 255 255 255 049 000 000 000 244 255 253 043 000 000 000 133 255 255 255 255 255 255 255 255 255 
255 255 239 000 000 000 157 255 255 255 005 000 000 175 255 255 255 151 000 000 053 255 255 255 255 255 255 255 255 255 255 255 255 255 255 255 255 255 255 255 255 078 000 000 000 159 255 255 255 255 255 049 000 000 000 244 255 255 174 000 000 000 001 168 255 255 255 255 255 255 255 255 
255 255 243 000 000 000 156 255 255 255 007 000 000 176 255 255 255 152 000 000 053 255 255 255 255 255 255 255 255 255 255 255 255 255 255 255 255 255 255 255 151 000 000 000 051 254 255 255 255 255 255 049 000 000 000 244 255 255 255 072 000 000 000 003 142 255 255 255 255 255 255 255 
255 255 247 000 000 000 155 255 255 255 007 000 000 176 255 255 255 152 000 000 053 255 255 255 255 255 255 255 255 255 255 255 255 255 255 255 255 255 255 214 009 000 000 000 194 255 255 255 255 255 255 049 000 000 000 244 255 255 255 236 031 000 000 000 000 102 250 255 255 255 255 255 
255 255 248 000 000 000 157 255 255 255 007 000 000 176 255 255 255 152 000 000 053 255 255 255 255 255 255 255 255 255 255 255 255 255 255 255 255 255 239 047 000 000 000 083 255 255 255 255 255 255 255 049 000 000 000 244 255 255 255 255 203 007 000 000 000 000 063 217 255 255 255 255 
255 255 223 000 000 000 165 255 255 255 007 000 000 176 255 255 255 152 000 000 053 255 255 255 255 255 255 255 255 255 255 255 255 255 255 255 255 215 037 000 000 000 016 222 255 255 255 255 255 255 255 049 000 000 000 244 255 255 255 255 255 151 000 000 000 000 000 005 113 239 255 255 
255 255 192 000 000 000 201 255 255 255 007 000 000 176 255 255 255 152 000 000 053 255 255 255 255 255 255 255 255 255 255 255 255 255 255 255 180 014 000 000 000 012 199 255 255 255 255 255 255 255 255 049 000 000 000 244 255 255 255 255 255 255 098 000 000 000 000 000 000 020 141 237 
255 255 149 000 000 013 252 255 255 255 007 000 000 176 255 255 255 152 000 000 053 255 255 255 255 255 255 255 255 255 255 255 255 255 250 131 002 000 000 000 009 191 255 255 255 255 255 255 255 255 255 049 000 000 000 244 255 255 255 255 255 255 254 116 000 000 000 000 000 000 000 027 
255 255 055 000 000 074 255 255 255 255 007 000 000 176 255 255 255 152 000 000 053 255 255 255 242 255 255 255 255 255 255 255 255 181 036 000 000 000 000 006 183 255 255 255 255 255 255 255 255 255 255 049 000 000 000 244 255 255 255 255 255 255 255 255 150 003 000 000 000 000 021 219 
255 186 000 000 000 148 255 255 255 255 007 000 000 176 255 255 255 152 000 000 053 255 255 255 144 096 200 255 255 255 255 255 255 237 122 002 000 000 007 174 255 255 255 255 255 255 255 255 255 255 255 049 000 000 000 244 255 255 255 255 255 255 255 255 255 181 012 000 000 007 197 255 
235 037 000 000 035 249 255 255 255 255 007 000 000 176 255 255 255 152 000 000 053 255 255 255 144 000 000 021 222 255 255 255 255 255 255 188 013 041 209 255 255 255 255 255 255 255 255 255 255 255 255 049 000 000 000 244 255 255 255 255 255 255 255 255 255 255 213 061 000 154 255 255 
056 000 000 000 174 255 255 255 255 255 007 000 000 176 255 255 255 152 000 000 052 255 255 255 080 000 000 005 250 255 255 255 255 255 255 255 202 245 255 255 255 255 255 255 255 255 255 255 255 255 255 048 000 000 000 244 255 255 255 255 255 255 255 255 255 255 255 255 172 252 255 255 
000 000 000 070 255 255 255 255 255 255 003 000 000 175 255 255 255 153 000 000 005 136 175 133 005 000 000 065 255 255 255 255 255 255 255 255 255 255 255 255 255 255 255 255 255 255 255 255 255 255 202 009 000 000 000 244 255 255 255 255 255 255 255 255 255 255 255 255 255 255 255 255 
000 000 049 240 255 255 255 255 255 254 000 000 000 172 255 255 255 173 000 000 000 000 000 000 000 000 000 145 255 255 255 255 255 255 255 255 255 255 255 255 255 255 255 255 255 247 069 050 063 023 000 000 000 000 000 247 255 255 255 255 255 255 255 255 255 255 255 255 255 255 255 255 
000 039 234 255 255 255 255 255 255 238 000 000 000 160 255 255 255 214 000 000 000 000 000 000 000 000 035 235 255 255 255 255 255 255 255 255 255 255 255 255 255 255 255 255 255 255 182 000 000 000 000 000 000 000 031 255 255 255 255 255 255 255 255 255 255 255 255 255 255 255 255 255 
039 227 255 255 255 255 255 255 255 208 000 000 000 139 255 255 255 255 134 022 000 000 000 000 022 084 224 255 255 255 255 255 255 255 255 255 255 255 255 255 255 255 255 255 255 255 254 034 000 000 000 000 000 005 156 255 255 255 255 255 255 255 255 255 255 255 255 255 255 255 255 255 
241 255 255 255 255 255 255 255 255 233 170 170 170 212 255 255 255 255 255 255 240 228 228 234 255 255 255 255 255 255 255 255 255 255 255 255 255 255 255 255 255 255 255 255 255 255 255 126 000 000 002 045 104 214 255 255 255 255 255 255 255 255 255 255 255 255 255 255 255 255 255 255 
255 255 255 255 255 255 255 255 255 255 255 255 255 255 255 255 255 255 255 255 255 255 255 255 255 255 255 255 255 255 255 255 255 255 255 255 255 255 255 255 255 255 255 255 255 255 255 207 155 192 239 255 255 255 255 255 255 255 255 255 255 255 255 255 255 255 255 255 255 255 255 255 
255 255 255 255 255 255 255 255 255 255 255 255 255 255 255 255 255 255 255 255 255 255 255 255 255 255 255 255 255 255 255 255 255 255 255 255 255 255 255 255 255 255 255 255 255 255 255 255 255 255 255 255 255 255 255 255 255 255 255 255 255 255 255 255 255 255 255 255 255 255 255 255 
255 255 255 255 255 255 255 255 255 255 255 255 255 255 255 255 255 255 255 255 255 255 255 255 255 255 255 255 255 255 255 255 255 255 255 255 255 255 255 255 255 255 255 255 255 255 255 255 255 255 255 255 255 255 255 255 255 255 255 255 255 255 255 255 255 255 255 255 255 255 255 255 
255 255 255 255 255 255 255 255 255 255 255 255 255 255 255 255 255 255 255 255 255 255 255 255 255 255 255 255 255 255 255 255 255 255 255 255 255 255 255 255 255 255 255 255 255 255 255 255 255 255 255 255 255 255 255 255 255 255 255 255 255 255 255 255 255 255 255 255 255 255 255 255 
255 255 255 255 255 255 255 255 255 255 255 255 255 255 255 255 255 255 255 255 255 255 255 255 255 255 255 255 255 255 255 255 255 255 255 255 255 255 255 255 255 255 255 255 255 255 255 255 255 255 255 255 255 255 255 255 255 255 255 255 255 255 255 255 255 255 255 255 255 255 255 255 
255 255 255 255 255 255 255 255 255 255 255 255 255 255 255 255 255 255 255 255 255 255 255 255 255 255 255 255 255 255 255 255 255 255 255 255 255 255 255 255 255 255 255 255 255 255 255 255 255 255 255 255 255 255 255 255 255 255 255 255 255 255 255 255 255 255 255 255 255 255 255 255 
255 255 255 255 255 255 255 255 255 255 255 255 255 255 255 255 255 255 255 255 255 255 255 255 255 255 255 255 255 255 255 255 255 255 255 255 255 255 255 255 255 255 255 255 255 255 255 255 255 255 255 255 255 255 255 255 255 255 255 255 255 255 255 255 255 255 255 255 255 255 255 255 
255 255 255 255 255 255 255 255 255 255 255 255 255 255 255 255 255 255 255 255 255 255 255 255 255 255 255 255 255 255 255 255 255 255 255 255 255 255 255 255 255 255 255 255 255 255 255 255 255 255 255 255 255 255 255 255 255 255 255 255 255 255 255 255 255 255 255 255 255 255 255 255 
255 255 255 255 255 255 255 255 255 255 255 255 255 255 255 255 255 255 255 255 255 255 255 255 255 255 255 255 255 255 255 255 255 255 255 255 255 255 255 255 255 255 255 255 255 255 255 255 255 255 255 255 255 255 255 255 255 255 255 255 255 255 255 255 255 255 255 255 255 255 255 255 
255 255 255 255 255 255 255 255 255 255 255 255 255 255 255 255 255 255 255 255 255 255 255 255 255 255 255 255 255 255 255 255 255 255 255 255 255 255 255 255 255 255 255 255 255 255 255 255 255 255 255 255 255 255 255 255 255 255 255 255 255 255 255 255 255 255 255 255 255 255 255 255 
255 255 255 255 255 255 255 255 255 255 255 255 255 255 255 255 255 255 255 255 255 255 255 255 255 255 255 255 255 255 255 255 255 255 255 255 255 255 255 255 255 255 255 255 255 255 255 255 255 255 255 255 255 255 255 255 255 255 255 255 255 255 255 255 255 255 255 255 255 255 255 255 
255 255 255 255 255 255 255 255 255 255 255 255 255 255 255 255 255 255 255 255 255 255 255 255 255 255 255 255 255 255 255 255 255 255 255 255 255 255 255 255 255 255 255 255 255 255 255 255 255 255 255 255 255 255 255 255 255 255 255 255 255 255 255 255 255 255 255 255 255 255 255 255 
255 255 255 255 255 255 255 255 255 255 255 255 255 255 255 255 255 255 255 255 255 255 255 255 255 255 255 255 255 255 255 255 255 255 255 255 255 255 255 255 255 255 255 255 255 255 255 255 255 255 255 255 255 255 255 255 255 255 255 255 255 255 255 255 255 255 255 255 255 255 255 255 
255 255 255 255 255 255 255 255 255 255 255 255 255 255 255 255 255 255 255 255 255 255 255 255 255 255 255 255 255 255 255 255 255 255 255 255 255 255 255 255 255 255 255 255 255 255 255 255 255 255 255 255 255 255 255 255 255 255 255 255 255 255 255 255 255 255 255 255 255 255 255 255 
255 255 255 255 255 255 255 255 255 255 255 255 255 255 255 255 255 255 255 255 255 255 255 255 255 255 255 255 255 255 255 255 255 255 255 255 255 255 255 255 255 255 255 255 255 255 255 255 255 255 255 255 255 255 255 255 255 255 255 255 255 255 255 255 255 255 255 255 255 255 255 255 
255 255 255 255 255 255 255 255 255 255 255 255 255 255 255 255 255 255 255 255 255 255 255 255 255 255 255 255 255 255 255 255 255 255 255 255 255 255 255 255 255 255 255 255 255 255 255 255 255 255 255 255 255 255 255 255 255 255 255 255 255 255 255 255 255 255 255 255 255 255 255 255 
255 255 255 255 255 255 255 255 255 255 255 255 255 255 255 255 255 255 255 255 255 255 255 255 255 255 255 255 255 255 255 255 255 255 255 255 255 255 255 255 255 255 255 255 255 255 255 255 255 255 255 255 255 255 255 255 255 255 255 255 255 255 255 255 255 255 255 255 255 255 255 255 
255 255 255 255 255 255 255 255 255 255 255 255 255 255 255 255 255 255 255 255 255 255 255 255 255 255 255 255 255 255 255 255 255 255 255 255 255 255 255 255 255 255 255 255 255 255 255 255 255 255 255 255 255 255 255 255 255 255 255 255 255 255 255 255 255 255 255 255 255 255 255 255 
255 255 255 255 255 255 255 255 255 255 255 255 255 255 255 255 255 255 255 255 255 255 255 255 255 255 255 255 255 255 255 255 255 255 255 255 255 255 255 255 255 255 255 255 255 255 255 255 255 255 255 255 255 255 255 255 255 255 255 255 255 255 255 255 255 255 255 255 255 255 255 255 
255 255 255 255 255 255 255 255 255 255 255 255 255 255 255 255 255 255 255 255 255 255 255 255 255 255 255 255 255 255 255 255 255 255 255 255 255 255 255 255 255 255 255 255 255 255 255 255 255 255 255 255 255 255 255 255 255 255 255 255 255 255 255 255 255 255 255 255 255 255 255 255 
255 255 255 255 255 255 255 255 255 255 255 255 255 255 255 255 255 255 255 255 255 255 255 255 255 255 255 255 255 255 255 255 255 255 255 255 255 255 255 255 255 255 255 255 255 255 255 255 255 255 255 255 255 255 255 255 255 255 255 255 255 255 255 255 255 255 255 255 255 255 255 255 
255 255 255 255 255 255 255 255 255 255 255 255 255 255 255 255 255 255 255 255 255 255 255 255 255 255 255 255 255 255 255 255 255 255 255 255 255 255 255 255 255 255 255 255 255 255 255 255 255 255 255 255 255 255 255 255 255 255 255 255 255 255 255 255 255 255 255 255 255 255 255 255 
