255 255 250 040 000 000 000 033 249 255 255 067 016 031 046 058 060 062 063 063 063 063 063 063 063 063 063 025 000 000 000 214 255 255 255 255 255 255 255 255 255 255 255 255 255 255 255 255 255 255 255 255 255 255 255 255 255 255 255 255 255 255 255 255 255 255 255 255 255 255 255 192 
255 255 255 171 000 000 065 199 255 255 255 255 255 255 255 255 255 255 255 255 255 255 255 255 255 255 255 100 000 000 000 214 255 255 255 255 255 255 255 255 255 255 255 255 255 255 255 255 255 255 255 255 255 255 255 255 255 255 255 255 255 255 255 255 255 255 255 255 255 255 255 192 
255 255 255 252 085 188 255 255 255 255 255 255 255 255 255 255 255 255 255 255 255 255 255 255 255 255 255 100 000 000 000 214 255 255 255 255 255 255 255 255 255 255 255 255 255 255 255 255 255 255 255 255 255 255 255 255 255 255 255 255 255 255 255 255 255 255 255 255 255 255 255 247 
255 255 255 255 255 255 255 255 255 255 255 255 255 255 255 255 255 255 255 255 255 255 255 255 255 255 255 100 000 000 000 214 255 255 255 255 255 255 255 255 255 255 255 255 255 255 255 255 255 255 255 255 255 255 255 255 255 255 255 255 255 255 255 255 255 255 255 255 255 255 255 255 
006 089 255 255 255 255 255 255 255 255 255 255 255 255 255 255 255 255 255 255 255 255 255 255 255 255 255 100 000 000 000 214 255 255 255 255 255 255 255 255 255 255 255 255 255 255 255 255 255 255 255 255 255 255 255 255 255 255 255 255 255 255 255 255 255 255 255 255 255 255 255 255 
000 184 255 255 255 255 255 255 255 255 255 255 255 255 255 255 255 255 255 255 255 255 255 255 255 255 255 100 000 000 000 214 255 255 255 255 255 255 255 255 255 255 255 255 255 255 255 255 255 255 255 255 255 255 255 255 255 255 255 255 255 255 255 255 255 255 255 255 255 255 255 255 
000 228 255 255 255 255 255 255 255 255 255 255 255 255 255 255 255 255 255 255 255 255 255 255 255 255 255 100 000 000 000 214 255 255 255 255 255 255 255 255 255 255 255 255 255 255 255 255 255 255 255 255 255 255 255 255 255 255 255 255 255 255 255 255 255 255 255 255 255 252 179 160 
000 228 255 255 255 255 238 254 255 255 255 255 255 255 255 255 255 255 255 255 253 240 255 255 255 255 255 100 000 000 000 214 255 255 255 255 255 255 255 255 255 255 255 255 255 255 255 255 255 255 255 255 255 255 255 255 255 255 255 255 255 255 255 255 255 255 255 255 255 255 033 000 
000 228 255 255 255 255 030 005 028 037 040 042 044 047 046 044 042 039 037 023 003 066 255 255 255 255 255 100 000 000 000 214 255 255 255 255 255 255 255 255 255 255 255 255 255 255 255 255 255 255 255 255 255 255 255 255 255 255 255 255 255 255 255 255 255 255 255 255 255 255 104 000 
000 228 255 255 255 255 041 000 000 000 000 000 000 000 000 000 000 000 000 000 000 071 255 255 255 255 255 100 000 000 000 214 255 255 255 255 255 255 255 255 255 255 255 255 255 255 255 255 255 255 255 255 255 255 255 255 255 255 255 255 255 255 255 255 255 255 255 255 255 255 158 000 
000 228 255 255 255 255 052 000 000 000 000 000 000 000 000 000 000 000 000 000 000 076 255 255 255 255 255 100 000 000 000 214 255 255 255 255 255 255 255 255 255 255 255 255 255 255 255 255 255 255 255 255 255 255 255 255 255 255 255 255 255 255 255 255 255 255 255 255 255 255 197 059 
000 228 255 255 255 255 062 000 000 066 134 134 134 134 134 134 134 134 045 000 000 080 255 255 255 255 255 100 000 000 000 214 255 255 255 255 255 255 255 255 255 255 255 255 255 255 255 255 255 255 255 255 255 255 255 255 255 255 255 255 255 255 255 255 255 255 255 255 255 255 255 255 
000 228 255 255 255 255 063 000 000 126 255 255 255 255 255 255 255 255 086 000 000 081 255 255 255 255 255 100 000 000 000 214 255 255 255 255 255 255 255 255 255 255 255 255 255 255 255 255 255 255 255 255 255 255 255 255 255 255 255 255 255 255 255 255 255 255 255 255 255 255 255 255 
000 228 255 255 255 255 064 000 000 126 255 255 255 255 255 255 255 255 086 000 000 083 255 255 255 255 255 100 000 000 000 214 255 255 255 255 255 255 255 255 255 255 255 255 255 255 255 255 255 255 255 255 255 255 255 255 255 255 255 255 255 255 255 255 255 255 255 255 255 255 255 255 
000 228 255 255 255 255 066 000 000 126 255 255 255 255 255 255 255 255 086 000 000 084 255 255 255 255 255 100 000 000 000 214 255 255 255 255 255 255 255 255 255 255 255 255 255 255 255 255 255 255 255 255 255 255 255 255 255 255 255 255 255 255 255 255 255 255 255 255 255 255 255 255 
000 228 255 255 255 255 067 000 000 126 255 255 255 255 255 255 255 255 086 000 000 085 255 255 255 255 255 100 000 000 000 214 255 255 255 255 255 255 255 255 255 255 255 255 255 255 255 255 255 255 255 255 255 255 255 255 255 255 255 255 255 255 255 255 255 255 255 255 255 255 255 255 
000 228 255 255 255 255 066 000 000 126 255 255 255 255 255 255 255 255 086 000 000 085 255 255 255 255 255 100 000 000 000 214 255 255 255 255 255 255 255 255 255 255 255 255 255 255 255 255 255 255 255 255 255 255 255 255 255 255 255 255 255 255 255 255 255 255 255 255 255 255 255 255 
000 228 255 255 255 255 065 000 000 126 255 255 255 255 255 255 255 255 086 000 000 083 255 255 255 255 255 100 000 000 000 214 255 255 255 255 255 255 255 255 255 255 255 255 255 255 255 255 255 255 255 255 255 255 255 255 255 255 255 255 255 255 255 255 255 255 255 255 255 255 255 255 
000 228 255 255 255 255 064 000 000 126 255 255 255 255 255 255 255 255 086 000 000 082 255 255 255 255 255 100 000 000 000 214 255 255 255 255 255 255 255 255 255 255 255 255 255 255 255 255 255 255 255 255 255 255 255 255 255 255 255 255 255 255 255 255 255 255 255 255 255 255 255 255 
000 228 255 255 255 255 063 000 000 126 255 255 255 255 255 255 255 255 086 000 000 081 255 255 255 255 255 100 000 000 000 214 255 255 255 255 255 255 255 255 255 255 255 255 255 255 255 255 255 255 255 255 255 255 255 255 255 255 255 255 255 255 255 255 255 255 255 255 255 255 255 255 
000 228 255 255 255 255 058 000 000 022 045 045 045 045 045 045 045 045 015 000 000 078 255 255 255 255 255 100 000 000 000 214 255 255 255 255 255 255 255 255 255 255 255 255 255 255 255 255 255 255 255 255 255 255 255 255 255 255 255 255 255 255 255 255 255 255 255 255 255 255 255 255 
000 228 255 255 255 255 047 000 000 000 000 000 000 000 000 000 000 000 000 000 000 073 255 255 255 255 255 100 000 000 000 214 255 255 255 255 255 255 255 255 255 255 255 255 255 255 255 255 255 255 255 255 255 255 255 255 255 255 255 255 255 255 255 255 255 255 255 255 255 255 255 255 
000 228 255 255 255 255 036 000 000 000 000 000 000 000 000 000 000 000 000 000 000 068 255 255 255 255 255 100 000 000 000 214 255 255 255 255 255 255 255 255 255 235 158 143 164 242 255 255 255 255 255 255 255 255 255 255 255 255 255 255 255 255 255 255 255 255 255 255 255 255 255 255 
000 228 255 255 255 255 119 122 142 150 152 154 157 159 158 156 154 152 150 141 124 147 255 255 255 255 255 100 000 000 000 214 255 255 255 255 255 255 255 248 100 007 000 000 000 013 122 254 255 255 255 255 255 255 255 255 255 255 255 255 255 255 255 255 255 255 255 255 255 255 255 255 
000 228 255 255 255 255 255 255 255 255 255 255 255 255 255 255 255 255 255 255 255 255 255 255 255 255 255 100 000 000 000 214 255 255 255 255 255 255 249 074 000 036 134 165 124 024 000 101 255 255 255 255 255 255 255 255 255 255 255 255 255 255 255 255 255 255 255 255 255 255 255 255 
000 228 255 255 255 255 255 255 255 255 255 255 255 255 255 255 255 255 255 255 255 255 255 255 255 255 255 100 000 000 000 214 255 255 255 255 255 255 157 000 071 247 255 255 255 236 048 000 187 255 255 255 255 255 255 255 255 255 255 255 255 255 255 255 255 255 255 255 255 255 255 255 
000 228 255 255 255 255 255 255 255 255 255 255 255 255 255 255 255 255 255 255 255 255 255 255 255 255 255 100 000 000 000 214 255 255 255 255 255 255 054 004 228 255 255 255 255 255 203 000 081 255 255 255 255 255 255 255 255 255 255 255 255 255 255 255 255 255 255 255 255 255 255 255 
000 228 255 255 255 255 255 255 255 255 255 255 255 255 255 255 255 255 255 255 255 255 255 255 255 255 255 099 000 000 000 214 255 255 255 255 255 255 004 056 255 255 255 255 255 255 255 030 030 255 255 255 255 255 255 255 255 255 255 255 255 255 255 255 255 255 255 255 255 255 255 255 
000 228 255 255 255 255 255 255 255 255 255 255 255 255 255 255 255 255 255 255 255 255 255 255 255 255 251 040 000 000 000 214 255 255 255 255 255 255 004 056 255 255 255 255 255 255 255 034 029 255 255 255 255 255 255 255 255 255 255 255 255 255 255 255 255 255 255 255 255 255 255 255 
000 228 255 255 255 255 255 255 255 255 255 255 255 255 255 255 255 255 255 255 255 223 080 102 108 105 034 000 000 000 000 216 255 255 255 255 255 255 055 003 226 255 255 255 255 255 214 000 069 255 255 255 255 255 255 255 255 255 255 255 255 255 255 255 255 255 255 255 255 255 255 255 
000 228 255 255 255 255 255 255 255 255 255 255 255 255 255 255 255 255 255 255 255 255 100 000 000 000 000 000 000 000 002 238 255 255 255 255 255 255 163 000 066 245 255 255 255 245 065 000 176 255 255 255 255 255 255 255 255 255 255 255 255 255 255 255 255 255 255 255 255 255 255 255 
000 228 255 255 255 255 255 255 255 255 255 255 255 255 255 255 255 255 255 255 255 255 215 001 000 000 000 000 000 000 062 255 255 255 255 255 255 255 251 082 000 035 137 171 135 036 000 072 253 255 255 255 255 255 255 255 255 255 255 255 255 255 255 255 255 255 255 255 255 255 255 255 
000 228 255 255 255 255 255 255 255 255 255 255 255 255 255 255 255 255 255 255 255 255 255 068 000 000 000 000 015 104 243 255 255 255 255 255 255 255 255 250 105 007 000 000 000 005 102 250 255 255 255 255 255 255 255 255 255 255 255 255 255 255 255 255 255 255 255 255 255 255 255 255 
244 254 255 255 255 255 255 255 255 255 255 255 255 255 255 255 255 255 255 255 255 255 255 164 091 120 160 215 254 255 255 255 255 255 255 255 255 255 255 255 255 235 154 136 158 236 255 255 255 255 255 255 255 255 255 255 255 255 255 255 255 255 255 255 255 255 255 255 255 255 255 255 
255 255 255 255 255 255 255 255 255 255 255 255 255 255 255 255 255 255 255 255 255 255 255 255 255 255 255 255 255 255 255 255 255 255 255 255 255 255 255 255 255 255 255 255 255 255 255 255 255 255 255 255 255 255 255 255 255 255 255 255 255 255 255 255 255 255 255 255 255 255 255 255 
255 255 255 255 255 255 255 255 255 255 255 255 255 255 255 255 255 255 255 255 255 255 255 255 255 255 255 255 255 255 255 255 255 255 255 255 255 255 255 255 255 255 255 255 255 255 255 255 255 255 255 255 255 255 255 255 255 255 255 255 255 255 255 255 255 255 255 255 255 255 255 255 
255 255 255 255 255 255 255 255 255 255 255 255 255 255 255 255 255 255 255 255 255 255 255 255 255 255 255 255 255 255 255 255 255 255 255 255 255 255 255 255 255 255 255 255 255 255 255 255 255 255 255 255 255 255 255 255 255 255 255 255 255 255 255 255 255 255 255 255 255 255 255 255 
255 255 255 255 255 255 255 255 255 255 255 255 255 255 255 255 255 255 255 255 255 255 255 255 255 255 255 255 255 255 255 255 255 255 255 255 255 255 255 255 255 255 255 255 255 255 255 255 255 255 255 255 255 255 255 255 255 255 255 255 255 255 255 255 255 255 255 255 255 255 255 255 
255 255 255 255 255 255 255 255 255 255 255 255 255 255 255 255 255 255 255 255 255 255 255 255 255 255 255 255 255 255 255 255 255 255 255 255 255 255 255 255 255 255 255 255 255 255 255 255 255 255 255 255 255 255 255 255 255 255 255 255 255 255 255 255 255 255 255 255 255 255 255 255 
255 255 255 255 255 255 255 255 255 255 255 255 255 255 255 255 255 255 255 255 255 255 255 255 255 255 255 255 255 255 255 255 255 255 255 255 255 255 255 255 255 255 255 255 255 255 255 255 255 255 255 255 255 255 255 255 255 255 255 255 255 255 255 255 255 255 255 255 255 255 255 255 
255 255 255 255 255 255 255 255 255 255 255 255 255 255 255 255 255 255 255 255 255 255 255 255 255 255 255 255 255 255 255 255 255 255 255 255 255 255 255 255 255 255 255 255 255 255 255 255 255 255 255 255 255 255 255 255 255 255 255 255 255 255 255 255 255 255 255 255 255 255 255 255 
255 255 255 255 255 255 255 255 255 255 255 255 255 255 255 255 255 255 255 255 255 255 255 255 255 255 255 255 255 255 255 255 255 255 255 255 255 255 255 255 255 255 255 255 255 255 255 255 255 255 255 255 255 255 255 255 255 255 255 255 255 255 255 255 255 255 255 255 255 255 255 255 
255 255 255 255 255 255 255 255 255 255 255 255 255 255 255 255 255 255 255 255 255 255 255 255 255 255 255 255 255 255 255 255 255 255 255 255 255 255 255 255 255 255 255 255 255 255 255 255 255 255 255 255 255 255 255 255 255 255 255 255 255 255 255 255 255 255 255 255 255 255 255 255 
255 255 255 255 255 255 255 255 255 255 255 255 255 255 255 255 255 255 255 255 255 255 255 255 255 255 255 255 255 255 255 255 255 255 255 255 255 255 255 255 255 255 255 255 255 255 255 255 255 255 255 255 255 255 255 255 255 255 255 255 255 255 255 255 255 255 255 255 255 255 255 255 
255 255 255 255 255 255 255 255 255 255 255 255 255 255 255 255 255 255 255 255 255 255 255 255 255 255 255 255 255 255 255 255 255 255 255 255 255 255 255 255 255 255 255 255 255 255 255 255 255 255 255 255 255 255 255 255 255 255 255 255 255 255 255 255 255 255 255 255 255 255 255 255 
255 255 255 255 255 255 255 255 255 255 255 255 255 255 255 255 255 255 255 255 255 255 255 255 255 255 255 255 255 255 255 255 255 255 255 255 255 255 255 255 255 255 255 255 255 255 255 255 255 255 255 255 255 255 255 255 255 255 255 255 255 255 255 255 255 255 255 255 255 255 255 255 
255 255 255 255 255 255 255 255 255 255 255 255 255 255 255 255 255 255 255 255 255 255 255 255 255 255 255 255 255 255 255 255 255 255 255 255 255 255 255 255 255 255 255 255 255 255 255 255 255 255 255 255 255 255 255 255 255 255 255 255 255 255 255 255 255 255 255 255 255 255 255 255 
255 255 255 255 255 255 255 255 255 255 255 255 255 255 255 255 255 255 255 255 255 255 255 255 255 255 255 255 255 255 255 255 255 255 255 255 255 255 255 255 255 255 255 255 255 255 255 255 255 255 255 255 255 255 255 255 255 255 255 255 255 255 255 255 255 255 255 255 255 255 255 255 
255 255 255 255 255 255 255 255 255 255 255 255 255 255 255 255 255 255 255 255 255 255 255 255 255 255 255 255 255 255 255 255 255 255 255 255 255 255 255 255 255 255 255 255 255 255 255 255 255 255 255 255 255 255 255 255 255 255 255 255 255 255 255 255 255 255 255 255 255 255 255 255 
255 255 255 255 255 255 255 255 255 255 255 255 255 255 255 255 255 255 255 255 255 255 255 255 255 255 255 255 255 255 255 255 255 255 255 255 255 255 255 255 255 255 255 255 255 255 255 255 255 255 255 255 255 255 255 255 255 255 255 255 255 255 255 255 255 255 255 255 255 255 255 255 
255 255 255 255 255 255 255 255 255 255 255 255 255 255 255 255 255 255 255 255 255 255 255 255 255 255 255 255 255 255 255 255 255 255 255 255 255 255 255 255 255 255 255 255 255 255 255 255 255 255 255 255 255 255 255 255 255 255 255 255 255 255 255 255 255 255 255 255 255 255 255 255 
255 255 255 255 255 255 255 255 255 255 255 255 255 255 255 255 255 255 255 255 255 255 255 255 255 255 255 255 255 255 255 255 255 255 255 255 255 255 255 255 255 255 255 255 255 255 255 255 255 255 255 255 255 255 255 255 255 255 255 255 255 255 255 255 255 255 255 255 255 255 255 255 
255 255 255 255 255 255 255 255 255 255 255 255 255 255 255 255 255 255 255 255 255 255 255 255 255 255 255 255 255 255 255 255 255 255 255 255 255 255 255 255 255 255 255 255 255 255 255 255 255 255 255 255 255 255 255 255 255 255 255 255 255 255 255 255 255 255 255 255 255 255 255 255 
255 255 255 255 255 255 255 255 255 255 255 255 255 255 255 255 255 255 255 255 255 255 255 255 255 255 255 255 255 255 255 255 255 255 255 255 255 255 255 255 255 255 255 255 255 255 255 255 255 255 255 255 255 255 255 255 255 255 255 255 255 255 255 255 255 255 255 255 255 255 255 255 
255 255 255 255 255 255 255 255 255 255 255 255 255 255 255 255 255 255 255 255 255 255 255 255 255 255 255 255 255 255 255 255 255 255 255 255 255 255 255 255 255 255 255 255 255 255 255 255 255 255 255 255 255 255 255 255 255 255 255 255 255 255 255 255 255 255 255 255 255 255 255 255 
255 255 255 255 255 255 255 255 255 255 255 255 255 255 255 255 255 255 255 255 255 255 255 255 255 255 255 255 255 255 255 255 255 255 255 255 255 255 255 255 255 255 255 255 255 255 255 255 255 255 255 255 255 255 255 255 255 255 255 255 255 255 255 255 255 255 255 255 255 255 255 255 
255 255 255 255 255 255 255 255 255 255 255 255 255 255 255 255 255 255 255 255 255 255 255 255 255 255 255 255 255 255 255 255 255 255 255 255 255 255 255 255 255 255 255 255 255 255 255 255 255 255 255 255 255 255 255 255 255 255 255 255 255 255 255 255 255 255 255 255 255 255 255 255 
255 255 255 255 255 255 255 255 255 255 255 255 255 255 255 255 255 255 255 255 255 255 255 255 255 255 255 255 255 255 255 255 255 255 255 255 255 255 255 255 255 255 255 255 255 255 255 255 255 255 255 255 255 255 255 255 255 255 255 255 255 255 255 255 255 255 255 255 255 255 255 255 
255 255 255 255 255 255 255 255 255 255 255 255 255 255 255 255 255 255 255 255 255 255 255 255 255 255 255 255 255 255 255 255 255 255 255 255 255 255 255 255 255 255 255 255 255 255 255 255 255 255 255 255 255 255 255 255 255 255 255 255 255 255 255 255 255 255 255 255 255 255 255 255 
255 255 255 255 255 255 255 255 255 255 255 255 255 255 255 255 255 255 255 255 255 255 255 255 255 255 255 255 255 255 255 255 255 255 255 255 255 255 255 255 255 255 255 255 255 255 255 255 255 255 255 255 255 255 255 255 255 255 255 255 255 255 255 255 255 255 255 255 255 255 255 255 
255 255 255 255 255 255 255 255 255 255 255 255 255 255 255 255 255 255 255 255 255 255 255 255 255 255 255 255 255 255 255 255 255 255 255 255 255 255 255 255 255 255 255 255 255 255 255 255 255 255 255 255 255 255 255 255 255 255 255 255 255 255 255 255 255 255 255 255 255 255 255 255 
255 255 255 255 255 255 255 255 255 255 255 255 255 255 255 255 255 255 255 255 255 255 255 255 255 255 255 255 255 255 255 254 253 255 255 255 255 255 255 255 255 255 255 255 255 255 255 255 255 255 255 255 255 255 255 255 255 255 255 255 255 255 255 255 255 255 255 255 255 255 255 255 
255 255 255 255 255 255 255 255 255 255 255 255 255 255 255 255 255 255 255 255 255 255 255 255 255 255 255 255 172 110 060 013 174 255 255 255 255 255 255 255 255 255 255 255 255 255 255 255 255 255 255 255 255 255 255 255 255 255 255 255 255 235 237 255 255 250 255 255 255 255 255 255 
255 255 255 255 255 255 255 255 255 255 255 255 255 255 255 255 255 255 255 255 255 255 255 255 255 255 255 255 104 000 000 000 106 255 255 255 255 255 255 255 255 255 255 255 255 255 255 255 255 255 255 255 255 255 255 255 255 255 255 255 255 159 000 009 002 115 255 255 255 255 255 255 
255 255 255 255 255 255 255 154 127 145 152 155 158 161 159 158 156 152 133 140 255 255 255 255 255 255 255 255 206 000 000 000 032 254 255 255 255 255 255 255 255 255 255 255 255 255 255 255 255 255 255 255 255 255 255 255 255 255 255 255 255 189 000 000 000 242 255 255 255 255 255 255 
255 255 255 255 255 255 255 086 000 000 000 000 000 000 000 000 000 000 000 106 255 255 255 255 255 255 255 255 255 035 000 000 000 191 255 255 255 255 255 255 255 255 255 255 255 255 255 255 255 255 255 255 255 255 255 255 255 255 255 255 255 197 000 000 000 250 255 255 255 255 255 255 
255 255 255 255 255 255 255 097 000 000 000 000 000 000 000 000 000 000 000 183 255 255 255 255 255 255 255 255 255 112 000 000 000 095 255 255 255 255 255 255 255 255 255 255 255 255 255 255 255 255 255 255 255 255 255 255 255 255 255 255 255 204 000 000 000 250 255 255 255 255 255 255 
255 255 255 255 255 255 255 100 000 000 006 032 032 032 032 014 000 000 012 248 040 023 042 049 052 054 057 059 062 041 000 000 000 008 063 061 058 055 053 050 045 026 015 255 255 255 255 255 255 255 255 255 186 013 032 051 070 084 087 090 094 080 000 000 000 098 099 099 099 099 099 099 
255 255 255 255 255 255 255 103 000 000 046 255 255 255 255 073 000 000 081 255 033 000 000 000 000 000 000 000 000 000 000 000 000 000 000 000 000 000 000 000 000 000 007 255 255 255 255 255 255 255 255 255 185 000 000 000 000 000 000 000 000 000 000 000 000 000 000 000 000 000 000 000 
255 255 255 255 255 255 255 103 000 000 046 255 255 255 250 011 000 000 158 255 033 000 000 000 000 000 000 000 000 000 000 000 000 000 000 000 000 000 000 000 000 000 007 255 255 255 255 255 255 255 255 255 185 000 000 000 003 014 018 021 025 023 000 000 000 029 029 029 029 029 029 029 
255 255 255 255 255 255 255 103 000 000 046 255 255 255 195 000 000 002 233 255 033 000 000 059 184 184 184 184 184 184 184 184 184 184 184 184 184 184 184 078 000 000 007 255 255 255 255 255 255 255 255 255 237 200 219 238 254 255 255 255 255 210 000 000 000 250 255 255 255 255 255 255 
255 255 255 255 255 255 255 103 000 000 046 255 255 255 128 000 000 056 255 255 033 000 000 081 255 255 255 255 255 255 255 255 255 255 255 255 255 255 255 108 000 000 007 255 255 255 255 255 255 255 255 255 255 255 255 255 255 255 255 255 255 210 000 000 000 250 255 255 255 255 255 255 
255 255 255 255 255 255 255 103 000 000 046 255 255 255 060 000 000 133 255 255 033 000 000 081 255 255 255 255 255 255 255 255 255 255 255 255 255 255 255 108 000 000 007 255 255 255 255 255 255 255 255 255 255 255 255 255 255 255 255 255 255 210 000 000 000 250 255 255 255 255 255 255 
255 255 255 255 255 255 255 103 000 000 046 255 255 244 005 000 000 210 255 255 033 000 000 081 255 255 255 255 255 255 255 255 255 255 255 255 255 255 255 108 000 000 007 255 255 255 255 255 255 255 173 172 186 200 215 229 235 238 242 245 249 208 000 000 000 250 254 254 254 254 254 254 
255 255 255 255 255 255 255 103 000 000 046 255 255 182 000 000 031 255 255 255 217 211 202 211 255 255 255 255 255 255 255 255 255 255 255 255 255 255 240 215 200 200 202 255 255 255 255 255 255 255 036 000 000 000 000 000 000 000 000 000 000 000 000 000 000 000 000 000 000 000 000 000 
255 255 255 255 255 255 255 103 000 000 046 255 255 115 000 000 108 255 255 255 255 255 171 000 009 031 046 048 050 052 055 054 052 050 048 046 031 008 000 179 255 255 255 255 255 255 255 255 255 255 036 000 000 000 000 000 000 000 000 000 000 000 000 000 000 000 000 000 000 000 000 000 
255 255 255 255 255 255 255 103 000 000 046 255 255 048 000 000 186 255 255 255 255 255 171 000 000 000 000 000 000 000 000 000 000 000 000 000 000 000 000 179 255 255 255 255 255 255 255 255 255 255 057 036 050 063 077 089 094 097 101 104 107 110 114 117 120 123 127 066 000 000 044 128 
255 255 255 255 255 255 255 103 000 000 046 255 235 001 000 013 249 255 255 255 255 255 171 000 000 000 000 000 000 000 000 000 000 000 000 000 000 000 000 179 255 255 255 255 255 255 255 255 255 255 255 255 255 255 255 255 255 255 255 255 255 255 255 255 255 255 255 130 000 000 086 255 
255 255 255 255 255 255 255 103 000 000 046 255 180 000 000 053 255 255 255 255 255 255 207 122 144 165 177 179 180 181 182 181 179 177 175 173 160 140 120 212 255 255 255 255 255 255 255 255 255 255 255 255 255 255 255 255 255 255 255 255 255 255 255 255 255 255 255 130 000 000 086 255 
255 255 255 255 255 255 255 103 000 000 046 255 250 060 000 000 165 255 255 255 255 255 255 255 255 255 255 255 255 255 255 255 255 255 255 255 255 255 255 255 255 255 255 255 255 255 255 255 255 255 255 255 255 255 255 213 085 101 116 131 145 150 154 158 162 166 169 088 000 000 059 172 
255 255 255 255 255 255 255 103 000 000 046 255 255 230 018 000 017 228 255 255 255 255 255 255 255 255 255 255 255 255 255 255 255 255 255 255 255 255 255 255 255 255 255 255 255 255 255 255 255 255 255 255 255 255 255 207 000 000 000 000 000 000 000 000 000 000 000 000 000 000 000 000 
255 255 255 255 255 255 255 103 000 000 046 255 255 255 124 000 000 106 255 255 245 253 255 255 255 255 255 255 255 255 255 255 255 255 255 255 255 255 255 255 255 249 251 255 255 255 255 255 255 255 255 255 255 255 255 222 000 000 000 000 000 000 000 000 000 000 000 000 000 000 000 000 
255 255 255 255 255 255 255 103 000 000 046 255 255 255 232 007 000 011 239 255 078 001 016 034 049 052 052 053 054 054 055 056 055 054 054 053 052 051 047 029 011 000 186 255 255 255 255 255 255 255 255 255 255 255 255 237 000 000 000 142 187 187 187 187 187 187 187 096 000 000 063 187 
255 255 255 255 255 255 255 103 000 000 046 255 255 255 255 097 000 000 140 255 078 000 000 000 000 000 000 000 000 000 000 000 000 000 000 000 000 000 000 000 000 000 186 255 255 255 255 255 255 255 255 255 255 255 255 241 000 000 000 193 255 255 255 255 255 255 255 130 000 000 086 255 
255 255 255 255 255 255 255 103 000 000 046 255 255 255 255 165 000 000 044 255 078 000 000 000 000 000 000 000 000 000 000 000 000 000 000 000 000 000 000 000 000 000 186 255 255 255 255 255 255 255 255 255 255 255 255 242 000 000 000 193 255 255 255 255 255 255 255 130 000 000 086 255 
255 255 255 255 255 255 255 103 000 000 046 255 255 255 255 214 000 000 002 244 133 095 116 133 141 080 000 000 006 148 148 128 000 000 000 115 148 148 147 129 108 087 206 255 255 255 255 255 255 255 255 255 255 255 255 243 000 000 000 106 139 139 139 139 139 139 139 071 000 000 047 139 
237 255 255 255 255 255 255 103 000 000 046 255 255 255 255 229 000 000 000 202 255 255 255 255 255 129 000 000 022 255 255 219 000 000 000 197 255 255 255 255 255 255 255 255 255 255 255 255 255 255 255 255 255 255 255 245 000 000 000 000 000 000 000 000 000 000 000 000 000 000 000 000 
125 255 255 255 255 255 255 103 000 000 046 255 255 255 255 209 000 000 000 193 255 255 255 255 255 118 000 000 036 255 255 219 000 000 000 197 255 255 255 255 255 255 255 255 255 255 255 255 255 255 255 255 255 255 255 245 000 000 000 000 000 000 000 000 000 000 000 000 000 000 000 000 
016 241 255 255 255 255 255 103 000 000 046 255 255 255 255 119 000 000 000 203 255 255 255 255 255 087 000 000 052 255 255 219 000 000 000 197 255 255 255 255 255 255 255 255 255 255 255 255 255 255 255 255 255 255 255 245 000 000 000 193 255 255 255 255 255 255 255 130 000 000 086 255 
089 227 255 255 255 255 255 103 000 000 046 255 146 131 085 001 000 000 018 249 255 255 255 255 254 021 000 000 100 255 255 219 000 000 000 197 255 255 255 255 255 255 255 255 255 255 255 255 255 255 255 255 255 255 255 245 000 000 000 193 255 255 255 255 255 255 255 130 000 000 086 255 
255 255 255 255 255 255 255 103 000 000 046 255 116 000 000 000 000 000 103 255 255 255 255 255 209 000 000 000 161 255 255 219 000 000 000 197 255 255 255 255 255 255 255 255 255 255 255 255 255 255 255 255 255 255 255 245 000 000 000 193 255 255 255 255 255 255 255 130 000 000 086 255 
255 255 255 255 255 255 255 103 000 000 046 255 189 000 000 000 000 049 236 255 255 255 255 255 127 000 000 000 222 255 255 219 000 000 000 197 255 255 255 255 255 255 255 255 255 255 255 255 255 255 255 255 255 255 255 237 000 000 000 096 127 127 127 127 127 127 127 065 000 000 043 127 
255 255 255 255 255 255 255 102 000 000 046 255 247 001 000 008 093 238 255 255 255 255 255 236 014 000 000 030 255 255 255 219 000 000 000 197 255 255 255 255 255 169 170 255 255 255 255 255 255 255 255 255 255 255 255 220 000 000 000 000 000 000 000 000 000 000 000 000 000 000 000 000 
255 255 255 255 255 255 255 100 000 000 046 255 255 114 154 238 255 255 255 255 255 255 253 080 000 000 000 133 255 255 255 219 000 000 000 197 255 255 255 255 255 107 000 079 216 255 255 255 255 255 255 255 255 255 255 204 000 000 000 000 000 000 000 000 000 000 000 000 000 000 000 000 
255 255 255 255 255 255 255 099 000 000 046 255 255 255 255 255 255 255 255 255 255 251 104 000 000 000 012 238 255 255 255 219 000 000 000 197 255 255 255 255 255 031 000 000 001 235 255 255 255 255 255 255 255 255 255 229 155 170 184 198 212 219 221 202 225 227 229 231 233 234 231 228 
255 255 255 255 255 255 255 098 000 000 046 255 255 255 255 255 255 255 255 255 221 062 000 000 000 000 153 255 255 255 255 219 000 000 000 196 255 255 255 255 194 000 000 000 043 255 255 255 255 255 255 255 255 255 255 255 255 255 255 255 255 254 148 011 136 255 255 255 255 255 255 255 
255 255 255 255 255 255 255 096 000 000 046 255 255 255 255 255 255 255 221 097 004 000 000 000 000 085 255 255 255 255 255 219 000 000 000 117 251 255 253 195 031 000 000 000 136 255 255 255 255 255 255 255 255 255 255 255 255 255 255 252 177 061 000 000 000 126 252 255 255 255 255 255 
255 255 255 255 255 255 255 086 000 000 046 255 255 255 255 237 156 075 004 000 000 000 000 000 085 250 255 255 255 255 255 221 000 000 000 000 011 015 005 000 000 000 000 014 240 255 255 255 255 255 255 255 255 255 255 255 255 231 131 029 000 000 000 000 000 000 056 242 255 255 255 255 
255 255 255 255 255 255 255 077 000 000 046 255 255 255 255 237 066 000 000 000 000 000 008 131 253 255 255 255 255 255 255 246 010 000 000 000 000 000 000 000 000 000 000 135 255 255 255 255 255 255 255 255 255 255 253 190 085 005 000 000 000 000 000 000 065 163 212 255 255 255 255 255 
255 255 255 255 255 255 255 067 000 000 046 255 255 255 255 255 245 053 000 000 000 073 221 255 255 255 255 255 255 255 255 255 133 004 000 000 000 000 000 000 000 008 155 255 255 255 255 255 255 255 250 198 136 074 015 000 000 000 000 000 000 023 117 216 255 255 255 255 255 255 255 255 
255 255 255 255 255 255 255 058 000 000 046 255 255 255 255 255 255 233 028 094 193 255 255 255 255 255 255 255 255 255 255 255 255 226 184 154 138 136 139 151 201 249 255 255 255 255 255 255 255 255 238 048 000 000 000 000 000 000 003 076 175 251 255 255 255 255 255 255 255 255 255 255 
255 255 255 255 255 255 255 122 088 088 119 255 255 255 255 255 255 255 253 255 255 255 255 255 255 255 255 255 255 255 255 255 255 255 255 255 255 255 255 255 255 255 255 255 255 255 255 255 255 255 255 235 030 000 000 015 087 164 237 255 255 255 255 255 255 255 255 255 255 255 255 255 
255 255 255 255 255 255 255 255 255 255 255 255 255 255 255 255 255 255 255 255 255 255 255 255 255 255 255 255 255 255 255 255 255 255 255 255 255 255 255 255 255 255 255 255 255 255 255 255 255 255 255 255 189 111 189 250 255 255 255 255 255 255 255 255 255 255 255 255 255 255 255 255 
255 255 255 255 255 255 255 255 255 255 255 255 255 255 255 255 255 255 255 255 255 255 255 255 255 255 255 255 255 255 255 255 255 255 255 255 255 255 255 255 255 255 255 255 255 255 255 255 255 255 255 255 255 255 255 255 255 255 255 255 255 255 255 255 255 255 255 255 255 255 255 255 
255 255 255 255 255 255 255 255 255 255 255 255 255 255 255 255 255 255 255 255 255 255 255 255 255 255 255 255 255 255 255 255 255 255 255 255 255 255 255 255 255 255 255 255 255 255 255 255 255 255 255 255 255 255 255 255 255 255 255 255 255 255 255 255 255 255 255 255 255 255 255 255 
255 255 255 255 255 255 255 255 255 255 255 255 255 255 255 255 255 255 255 255 255 255 255 255 255 255 255 255 255 255 255 255 255 255 255 255 255 255 255 255 255 255 255 255 255 255 255 255 255 255 255 255 255 255 255 255 255 255 255 255 255 255 255 255 255 255 255 255 255 255 255 255 
255 255 255 255 255 255 255 255 255 255 255 255 255 255 255 255 255 255 255 255 255 255 255 255 255 255 255 255 255 255 255 255 255 255 255 255 255 255 255 255 255 255 255 255 255 255 255 255 255 255 255 255 255 255 255 255 255 255 255 255 255 255 255 255 255 255 255 255 255 255 255 255 
255 255 255 255 255 255 255 255 255 255 255 255 255 255 255 255 255 255 255 255 255 255 255 255 255 255 255 255 255 255 255 255 255 255 255 255 255 255 255 255 255 255 255 255 255 255 255 255 255 255 255 255 255 255 255 255 255 255 255 255 255 255 255 255 255 255 255 255 255 255 255 255 
255 255 255 255 255 255 255 255 255 255 255 255 255 255 255 255 255 255 255 255 255 255 255 255 255 255 255 255 255 255 255 255 255 255 255 255 255 255 255 255 255 255 255 255 255 255 255 255 255 255 255 255 255 255 255 255 255 255 255 255 255 255 255 255 255 255 255 255 255 255 255 255 
255 255 255 255 255 255 255 255 255 255 255 255 255 255 255 255 255 255 255 255 255 255 255 255 255 255 255 255 255 255 255 255 255 255 255 255 255 255 255 255 255 255 255 255 255 255 255 255 255 255 255 255 255 255 255 255 255 255 255 255 255 255 255 255 255 255 255 255 255 255 255 255 
255 255 255 255 255 255 255 255 255 255 255 255 255 255 255 255 255 255 255 255 255 255 255 255 255 255 255 255 255 255 255 255 255 255 255 255 255 255 255 255 255 255 255 255 255 255 255 255 255 255 255 255 255 255 255 255 255 255 255 255 255 255 255 255 255 255 255 255 255 255 255 255 
255 255 255 255 255 255 255 255 255 255 255 255 255 255 255 255 255 255 255 255 255 255 255 255 255 255 255 255 255 255 255 255 255 255 255 255 255 255 255 255 255 255 255 255 255 255 255 255 255 255 255 255 255 255 255 255 255 255 255 255 255 255 255 255 255 255 255 255 255 255 255 255 
255 255 255 255 255 255 255 255 255 255 255 255 255 255 255 255 255 255 255 255 255 255 255 255 255 255 255 255 255 255 255 255 255 255 255 255 255 255 255 255 255 255 255 255 255 255 255 255 255 255 255 255 255 255 255 255 255 255 255 255 255 255 255 255 255 255 255 255 255 255 255 255 
255 255 255 255 255 255 255 255 255 255 255 255 255 255 255 255 255 255 255 255 255 255 255 255 255 255 255 255 255 255 255 255 255 255 255 255 255 255 255 255 255 255 255 255 255 255 255 255 255 255 255 255 255 255 255 255 255 255 255 255 255 255 255 255 255 255 255 255 255 255 255 255 
255 255 255 255 255 255 255 255 255 255 255 255 255 255 255 255 255 255 255 255 255 255 255 255 255 255 255 255 255 255 255 255 255 255 255 255 255 255 255 255 255 255 255 255 255 255 255 255 255 255 255 255 255 255 255 255 255 255 255 255 255 255 255 255 255 255 255 255 255 255 255 255 
255 255 255 255 255 255 255 255 255 255 255 255 255 255 255 255 255 255 255 255 255 255 255 255 255 255 255 255 255 255 255 255 255 255 255 255 255 255 255 255 255 255 255 255 255 255 255 255 255 255 255 255 255 255 255 255 255 255 255 255 255 255 255 255 255 255 255 255 255 255 255 255 
255 255 255 255 255 255 255 255 255 255 255 255 255 255 255 255 255 255 255 255 255 255 255 255 255 255 255 255 255 255 255 255 255 255 255 255 255 255 255 255 255 255 255 255 255 255 255 255 255 255 255 255 255 255 255 255 255 255 255 255 255 255 255 255 255 255 255 255 255 255 255 255 
255 255 255 255 255 255 255 255 255 255 255 255 255 255 255 255 255 255 255 255 255 255 255 255 255 255 255 255 255 255 255 255 255 255 255 255 255 255 255 255 255 255 255 255 255 255 255 255 255 255 255 255 255 255 255 255 255 255 255 255 255 255 255 255 255 255 255 255 255 255 255 255 
255 255 255 255 255 255 255 255 255 255 255 255 255 255 255 255 255 255 255 255 255 255 255 255 255 255 255 255 255 255 255 255 255 255 255 255 255 255 255 255 255 255 255 255 255 255 255 255 255 255 255 255 255 255 255 255 255 255 255 255 255 255 255 255 255 255 255 255 255 255 255 255 
255 255 255 255 255 255 255 255 255 255 255 255 255 255 255 255 255 255 255 255 255 255 255 255 255 255 255 255 255 255 255 255 255 255 255 255 255 255 255 255 255 255 255 255 255 255 255 255 255 255 255 255 255 255 255 255 255 255 255 255 255 255 255 255 255 255 255 255 255 255 255 255 
255 255 255 255 255 255 255 255 255 255 255 255 255 255 255 255 255 255 255 255 255 255 255 255 255 255 255 255 255 255 255 255 255 255 255 255 255 255 255 255 255 255 255 255 255 255 255 255 255 255 255 255 255 255 255 255 255 255 255 255 255 255 255 255 255 255 255 255 255 255 255 255 
255 255 255 255 255 255 255 255 255 255 255 255 255 255 255 255 255 255 255 255 255 255 255 255 255 255 255 255 255 255 255 255 255 255 255 255 255 255 255 255 255 255 255 255 255 255 255 255 255 255 255 255 255 255 255 255 255 255 255 255 255 255 255 255 255 255 255 255 255 255 255 255 
255 255 255 255 255 255 255 255 255 255 255 255 255 255 255 255 255 255 255 255 255 255 255 255 255 255 255 255 255 255 255 255 255 255 255 255 255 255 255 255 255 255 255 255 255 255 255 255 255 255 255 255 255 255 255 255 255 255 255 255 255 255 255 255 255 255 255 255 255 255 255 255 
255 255 255 255 255 255 255 255 255 255 255 255 255 255 255 255 255 255 255 255 255 255 255 255 255 255 255 255 255 255 255 255 255 255 255 255 255 255 255 255 255 255 255 255 255 255 255 255 255 255 255 255 255 255 255 255 255 255 255 255 255 255 255 255 255 255 255 255 255 255 255 255 
255 255 255 255 255 255 255 255 255 255 255 255 255 255 255 255 255 255 255 255 255 255 255 255 255 255 255 255 255 255 255 255 255 255 255 255 255 255 255 255 255 255 255 255 255 255 255 255 255 255 255 255 255 255 255 255 255 255 255 255 255 255 255 255 255 255 255 255 255 255 255 255 
255 255 255 255 255 255 255 255 255 255 255 255 255 255 255 255 255 255 255 255 255 255 255 255 255 255 255 255 255 255 255 255 255 255 255 255 255 255 255 255 255 255 255 255 255 255 255 255 255 255 255 255 255 255 255 255 255 255 255 255 255 255 255 255 255 255 255 255 255 255 255 255 
255 255 255 255 255 255 255 255 255 255 255 255 255 255 255 255 255 255 255 255 255 255 255 255 255 255 255 255 255 255 255 255 255 255 255 255 255 255 255 255 255 255 255 255 255 255 255 255 255 255 255 255 255 255 255 255 255 255 255 255 255 255 255 255 255 255 255 255 255 255 255 255 
255 255 255 255 255 255 255 255 255 255 255 255 255 255 255 255 255 255 255 255 255 255 255 255 255 255 255 255 255 255 255 255 255 255 255 255 255 255 255 255 255 255 255 255 255 255 255 255 255 255 255 255 255 255 255 255 255 255 255 255 255 255 255 255 255 255 255 255 255 255 255 255 
255 255 255 255 255 255 255 255 255 255 255 255 255 255 255 255 255 255 255 255 255 255 255 255 255 255 255 255 255 255 255 255 255 255 255 255 255 255 255 255 255 255 255 255 255 255 255 255 255 255 255 255 255 255 255 255 255 255 255 255 255 255 255 255 255 255 255 255 255 255 255 255 
255 255 255 255 255 255 255 255 255 255 255 255 255 255 255 255 255 255 255 255 255 255 255 255 255 255 255 255 255 255 255 255 255 255 255 255 255 255 255 255 255 255 255 255 255 255 255 255 255 255 255 255 255 255 255 255 255 255 255 255 255 255 255 255 255 255 255 255 255 255 255 255 
255 255 255 255 255 255 255 255 255 255 255 255 255 255 255 255 255 255 255 255 255 255 255 255 255 255 255 255 255 255 255 255 255 255 255 255 255 255 255 255 255 255 255 255 255 255 255 255 255 255 255 255 255 255 255 255 255 255 255 255 255 255 255 255 255 255 255 255 255 255 255 255 
255 255 255 255 255 255 255 255 255 255 255 255 255 255 255 255 255 255 255 255 255 255 255 255 255 255 255 255 255 255 255 255 255 255 255 255 255 255 255 255 255 255 255 255 255 255 255 255 255 255 255 255 255 255 255 255 255 255 255 255 255 255 255 255 094 115 227 255 255 255 255 255 
255 255 255 255 255 255 255 255 255 255 255 255 255 255 243 240 255 255 255 255 255 255 255 255 255 255 255 255 255 255 255 255 255 255 255 255 255 255 255 255 255 255 255 255 255 255 255 255 255 255 255 255 255 255 255 255 255 255 255 255 255 255 255 254 021 000 001 048 123 245 255 255 
082 081 080 079 078 077 076 074 065 054 043 032 022 011 001 168 255 255 255 255 255 255 255 255 255 255 255 255 255 255 255 255 255 255 255 255 255 255 255 255 255 255 255 255 255 255 255 255 255 255 255 255 255 255 255 255 255 255 255 255 255 255 255 196 000 000 000 000 051 240 255 255 
000 000 000 000 000 000 000 000 000 000 000 000 000 000 000 176 255 255 255 255 255 255 255 255 255 255 255 255 255 255 255 255 255 255 255 255 255 255 255 255 255 255 255 255 255 255 255 255 255 255 255 255 255 255 255 255 255 255 255 255 255 255 255 107 000 000 000 035 246 255 255 255 
000 000 000 000 000 000 000 000 000 000 000 000 000 000 000 185 255 255 255 255 255 255 255 255 255 255 255 255 255 255 255 255 255 255 255 255 255 255 255 255 255 255 255 255 255 255 255 255 255 255 255 255 255 255 255 255 255 255 255 255 255 255 252 022 000 000 000 185 255 255 255 255 
000 013 212 212 212 212 212 212 212 212 212 109 000 000 000 193 255 255 255 255 255 255 255 255 255 255 255 255 255 255 255 255 255 255 255 255 255 255 255 255 255 255 255 255 255 255 255 255 255 255 255 255 255 255 255 255 255 255 255 255 255 255 184 000 000 000 087 255 255 237 248 255 
000 015 255 255 255 255 255 255 255 255 255 131 000 000 000 200 255 255 255 255 255 255 255 255 255 255 255 255 255 255 255 255 255 255 255 255 255 255 255 255 255 255 255 255 255 255 255 255 255 255 255 255 255 255 255 255 255 255 255 255 255 255 087 000 000 005 221 255 255 066 000 014 
000 015 255 255 255 255 255 255 255 255 255 131 000 000 000 202 255 255 255 255 255 255 255 255 255 255 255 255 255 255 255 255 255 255 255 255 255 255 255 255 255 255 255 255 255 255 255 255 255 255 255 255 255 255 255 255 255 255 255 255 255 227 004 000 000 105 255 255 255 066 000 000 
000 015 255 255 255 255 255 255 255 255 255 131 000 000 000 203 255 255 255 255 255 255 255 255 255 255 255 255 255 255 255 255 255 255 255 255 255 255 255 255 255 255 255 255 255 255 255 255 255 255 255 255 255 255 255 255 255 255 255 255 255 115 000 000 002 230 255 255 255 066 000 000 
000 015 255 255 255 255 255 255 255 255 255 131 000 000 000 204 255 255 255 255 255 255 255 255 255 255 255 255 255 255 255 255 255 255 255 255 255 255 255 255 255 255 255 255 255 255 255 255 255 255 255 255 255 255 255 255 255 255 255 255 234 011 000 000 006 255 255 255 255 158 142 164 
000 005 095 095 095 095 095 095 095 095 095 049 000 000 000 206 255 255 255 255 255 255 255 255 255 255 255 255 255 255 255 255 255 255 255 255 255 255 255 255 255 255 255 255 255 255 255 255 255 255 255 255 255 255 255 255 255 255 255 255 120 000 000 000 006 255 255 255 255 255 255 255 
000 000 000 000 000 000 000 000 000 000 000 000 000 000 000 206 255 255 255 255 255 255 255 255 255 255 255 255 255 255 255 255 255 255 255 255 255 255 255 255 255 255 255 255 255 255 255 255 255 255 255 255 255 255 255 255 255 255 255 220 012 000 000 000 006 255 255 255 255 255 255 255 
000 000 000 000 000 000 000 000 000 000 000 000 000 000 000 205 255 255 255 255 255 255 255 255 255 255 255 255 255 255 255 255 255 255 255 255 255 255 255 255 255 255 255 255 255 255 255 255 255 255 255 255 255 255 255 255 255 255 250 053 000 000 000 000 006 255 255 255 255 255 255 255 
000 013 210 210 210 210 210 210 210 210 210 108 000 000 000 202 255 255 255 255 255 255 255 255 255 255 255 255 255 255 255 255 255 255 255 255 255 255 255 255 255 255 255 255 255 255 255 255 255 255 255 255 255 255 255 255 255 255 120 000 000 000 000 000 006 255 255 255 255 255 255 255 
000 015 255 255 255 255 255 255 255 255 255 131 000 000 000 200 255 255 255 255 255 255 255 255 255 255 255 255 255 255 255 255 255 255 255 255 255 255 255 255 255 255 255 255 255 255 255 255 255 255 255 255 255 255 255 255 255 190 002 000 000 000 000 000 006 255 255 203 072 091 111 131 
000 015 255 255 255 255 255 255 255 255 255 131 000 000 000 198 255 255 255 255 255 255 255 255 255 255 255 255 255 255 255 255 255 255 255 255 255 255 255 255 255 255 255 255 255 255 255 255 255 255 255 255 255 255 255 255 237 027 000 000 000 056 000 000 006 255 255 186 000 000 000 000 
000 015 255 255 255 255 255 255 255 255 255 131 000 000 000 194 255 255 255 255 255 255 255 255 255 255 255 255 255 255 255 255 255 255 255 255 255 255 255 255 255 255 255 255 255 255 255 255 255 255 255 255 255 255 255 240 060 000 000 000 091 120 000 000 006 255 255 186 000 000 000 000 
000 015 255 255 255 255 255 255 255 255 255 131 000 000 000 186 255 255 255 255 255 255 255 255 255 255 255 255 255 255 255 255 255 255 255 255 255 255 255 255 255 255 255 255 255 255 255 255 255 255 255 255 255 255 232 047 000 000 000 016 232 120 000 000 006 255 255 186 005 023 041 060 
000 006 097 097 097 097 097 097 097 097 097 050 000 000 000 177 255 255 255 255 255 255 255 255 255 255 255 255 255 255 255 255 255 255 255 255 255 255 255 255 255 255 255 255 255 255 255 255 255 255 255 255 255 255 229 060 000 000 000 158 255 120 000 000 006 255 255 254 255 255 255 255 
000 000 000 000 000 000 000 000 000 000 000 000 000 000 000 168 255 255 255 255 255 255 255 255 255 255 255 255 255 255 255 255 255 255 255 255 255 255 255 255 255 255 255 255 255 255 255 255 255 255 255 255 255 255 255 251 093 000 092 255 255 120 000 000 006 255 255 255 255 255 255 255 
000 000 000 000 000 000 000 000 000 000 000 000 000 000 000 160 255 255 255 255 255 255 255 255 255 255 255 255 255 255 255 255 255 255 255 255 255 255 255 255 255 255 255 255 255 255 255 255 255 255 255 255 255 255 255 255 250 101 243 255 255 120 000 000 006 255 255 255 255 255 255 255 
000 013 219 219 218 218 217 216 216 209 200 191 182 173 159 205 255 255 255 255 255 255 255 255 255 255 255 255 255 255 255 255 255 255 255 255 255 255 255 255 255 255 255 255 255 255 255 255 255 255 255 255 255 255 255 255 255 255 255 255 255 120 000 000 006 255 255 255 255 255 255 255 
000 015 255 255 255 255 255 255 255 255 255 255 255 255 255 255 255 255 255 255 255 255 255 255 255 255 255 255 255 255 255 255 255 255 255 255 255 255 255 255 255 255 255 255 255 255 255 255 255 255 255 255 255 255 255 255 255 255 255 255 255 120 000 000 006 255 255 255 255 255 255 255 
000 015 255 255 255 255 255 255 255 255 255 255 255 255 255 255 255 255 255 255 255 255 255 255 255 255 255 255 255 255 255 255 255 255 255 255 255 255 255 255 255 255 255 255 255 255 255 255 255 255 255 255 255 255 255 255 255 255 255 255 255 120 000 000 006 255 255 255 255 255 255 255 
000 015 255 255 255 255 255 255 255 255 255 255 255 255 255 255 255 255 255 255 255 255 255 255 255 255 255 255 255 255 255 255 255 255 255 255 255 255 255 255 255 255 255 255 255 255 255 255 255 255 255 255 255 255 255 255 255 255 255 255 255 120 000 000 006 255 255 255 255 135 099 121 
000 010 162 158 154 150 146 142 138 134 126 108 090 072 054 081 255 255 255 255 255 255 255 255 255 255 255 255 255 255 255 255 255 255 255 255 255 255 255 255 255 255 255 255 255 255 255 255 255 255 255 255 255 255 255 255 255 255 255 255 255 120 000 000 006 255 255 255 255 077 000 000 
000 000 000 000 000 000 000 000 000 000 000 000 000 000 000 049 255 255 255 255 255 255 255 255 255 255 255 255 255 255 255 255 255 255 255 255 255 255 255 255 255 255 255 255 255 255 255 255 255 255 255 255 255 255 255 255 255 255 255 255 255 120 000 000 006 255 255 255 255 077 000 000 
000 000 000 000 000 000 000 000 000 000 000 000 000 000 000 049 255 255 255 255 255 255 255 255 255 255 255 255 255 255 255 255 255 255 255 255 255 255 255 255 255 255 255 255 255 255 255 255 255 255 255 255 255 255 255 255 255 255 255 255 255 120 000 000 006 255 255 255 255 078 012 033 
000 007 116 111 107 102 097 092 087 082 073 057 040 023 006 049 255 255 255 255 255 255 255 255 255 255 255 255 255 255 255 255 255 255 255 255 255 255 255 255 255 255 255 255 255 255 255 255 255 255 255 255 255 255 255 255 255 255 255 255 255 120 000 000 006 255 255 255 255 251 255 255 
000 015 255 255 255 255 255 255 255 255 255 255 255 255 255 248 255 255 255 255 255 255 255 255 255 255 255 255 255 255 238 213 189 243 255 255 255 255 255 255 255 255 255 255 255 255 255 255 255 255 255 255 255 255 255 255 255 255 255 255 255 120 000 000 006 255 255 255 255 255 255 255 
000 015 255 255 255 255 255 255 255 255 255 255 255 255 255 255 255 255 255 255 255 255 255 255 255 255 255 095 031 007 000 000 019 251 255 255 255 255 255 255 255 255 255 255 255 255 255 255 255 255 255 255 255 255 255 255 255 255 255 255 255 120 000 000 006 255 255 255 255 255 255 255 
000 015 255 255 255 255 255 255 255 255 255 255 255 255 255 255 255 255 255 255 255 255 255 255 255 255 255 017 000 000 000 000 100 255 255 255 255 255 255 255 255 255 255 255 255 255 255 255 255 255 255 255 255 255 255 255 255 255 255 255 255 120 000 000 006 255 255 255 255 255 255 255 
000 015 255 255 255 255 255 255 255 255 255 255 255 255 255 255 255 255 255 255 255 255 255 255 255 255 232 000 000 000 000 000 188 255 255 255 255 255 255 255 255 255 255 255 255 255 255 255 255 255 255 255 255 255 255 255 255 255 255 255 255 120 000 000 006 255 255 255 255 255 255 255 
000 015 243 241 238 235 233 230 227 225 222 219 216 205 193 182 170 159 147 168 255 255 255 255 255 255 179 000 000 000 000 038 254 255 255 255 255 255 255 255 255 255 255 255 255 255 255 255 255 255 255 255 255 255 255 255 255 255 255 255 255 117 000 000 006 255 255 214 197 215 233 251 
000 000 000 000 000 000 000 000 000 000 000 000 000 000 000 000 000 000 000 065 255 255 255 255 255 255 121 000 000 000 000 144 255 255 255 255 255 255 255 255 255 255 255 255 255 255 255 255 255 255 255 255 255 255 255 255 255 255 255 255 255 112 000 000 006 255 255 107 000 000 000 000 
000 000 000 000 000 000 000 000 000 000 000 000 000 000 000 000 000 000 000 065 255 255 255 255 255 255 064 000 000 000 012 240 255 255 255 255 255 255 255 255 255 255 255 255 255 255 255 255 255 255 255 255 255 255 255 255 255 255 255 255 255 107 000 000 006 255 255 107 000 000 000 000 
000 000 000 000 000 000 000 000 000 000 000 000 000 000 000 000 000 000 000 065 255 255 255 255 255 251 011 000 000 000 104 255 255 255 255 255 255 255 255 255 255 255 255 255 255 255 255 255 255 255 255 255 255 255 255 255 255 255 255 255 255 085 000 000 006 255 255 107 000 000 000 000 
248 247 246 245 243 242 240 239 238 236 235 233 225 211 197 184 170 156 143 163 255 255 255 255 255 205 000 000 000 000 212 255 255 255 255 255 255 255 255 255 255 255 255 255 255 255 255 255 255 255 255 255 255 255 255 255 255 255 255 255 255 050 000 000 006 255 255 158 100 119 137 156 
255 255 255 255 255 255 255 255 255 255 255 255 255 255 255 255 255 255 255 255 255 255 255 255 255 142 000 000 000 079 255 255 255 255 255 255 255 255 255 255 255 255 255 255 255 255 255 255 255 255 255 255 255 255 255 255 255 255 255 255 255 016 000 000 006 255 255 255 255 255 255 255 
255 255 255 255 255 255 255 255 255 255 255 255 255 255 255 255 255 255 255 255 255 255 255 255 255 064 000 000 006 219 255 255 255 255 255 255 255 255 255 255 255 255 255 255 255 255 255 255 255 255 255 255 255 255 255 255 255 255 255 255 247 077 077 077 082 255 255 255 255 255 255 255 
255 255 255 255 255 255 255 255 255 255 255 255 255 255 255 255 255 255 255 255 255 255 255 255 254 140 162 189 221 255 255 255 255 255 255 255 255 255 255 255 255 255 255 255 255 255 255 255 255 255 255 255 255 255 255 255 255 255 255 255 255 255 255 255 255 255 255 255 255 255 255 255 
255 255 255 255 255 255 255 255 255 255 255 255 255 255 255 255 255 255 255 255 255 255 255 255 255 255 255 255 255 255 255 255 255 255 255 255 255 255 255 255 255 255 255 255 255 255 255 255 255 255 255 255 255 255 255 255 255 255 255 255 255 255 255 255 255 255 255 255 255 255 255 255 
255 255 255 255 255 255 255 255 255 255 255 255 255 255 255 255 255 255 255 255 255 255 255 255 255 255 255 255 255 255 255 255 255 255 255 255 255 255 255 255 255 255 255 255 255 255 255 255 255 255 255 255 255 255 255 255 255 255 255 255 255 255 255 255 255 255 255 255 255 255 255 255 
255 255 255 255 255 255 255 255 255 255 255 255 255 255 255 255 255 255 255 255 255 255 255 255 255 255 255 255 255 255 255 255 255 255 255 255 255 255 255 255 255 255 255 255 255 255 255 255 255 255 255 255 255 255 255 255 255 255 255 255 255 255 255 255 255 255 255 255 255 255 255 255 
255 255 255 255 255 255 255 255 255 255 255 255 255 255 255 255 255 255 255 255 255 255 255 255 255 255 255 255 255 255 255 255 255 255 255 255 255 255 255 255 255 255 255 255 255 255 255 255 255 255 255 255 255 255 255 255 255 255 255 255 255 255 255 255 255 255 255 255 255 255 255 255 
255 255 255 255 255 255 255 255 255 255 255 255 255 255 255 255 255 255 255 255 255 255 255 255 255 255 255 255 255 255 255 255 255 255 255 255 255 255 255 255 255 255 255 255 255 255 255 255 255 255 255 255 255 255 255 255 255 255 255 255 255 255 255 255 255 255 255 255 255 255 255 255 
255 255 255 255 255 255 255 255 255 255 255 255 255 255 255 255 255 255 255 255 255 255 255 255 255 255 255 255 255 255 255 255 255 255 255 255 255 255 255 255 255 255 255 255 255 255 255 255 255 255 255 255 255 255 255 255 255 255 255 255 255 255 255 255 255 255 255 255 255 255 255 255 
255 255 255 255 255 255 255 255 255 255 255 255 255 255 255 255 255 255 255 255 255 255 255 255 255 255 255 255 255 255 255 255 255 255 255 255 255 255 255 255 255 255 255 255 255 255 255 255 255 255 255 255 255 255 255 255 255 255 255 255 255 255 255 255 255 255 255 255 255 255 255 255 
255 255 255 255 255 255 255 255 255 255 255 255 255 255 255 255 255 255 255 255 255 255 255 255 255 255 255 255 255 255 255 255 255 255 255 255 255 255 255 255 255 255 255 255 255 255 255 255 255 255 255 255 255 255 255 255 255 255 255 255 255 255 255 255 255 255 255 255 255 255 255 255 
