255 255 255 255 255 255 255 255 255 255 255 255 255 255 255 255 255 255 255 255 255 255 255 255 255 255 255 255 255 255 255 255 221 084 134 178 184 184 241 255 255 255 255 255 255 255 255 255 255 255 255 255 255 255 255 255 255 255 255 255 255 255 255 255 255 255 255 162 091 119 129 138 
255 255 255 255 255 255 255 255 255 255 255 255 255 255 255 255 255 255 255 255 255 255 255 255 255 255 255 255 255 255 255 255 233 000 000 000 000 018 228 255 255 255 255 255 255 255 255 255 255 255 255 255 255 255 255 255 255 255 255 255 255 255 255 255 255 255 255 164 000 000 000 106 
255 255 255 255 255 255 255 255 255 255 255 255 255 255 255 255 255 255 255 255 255 255 255 255 255 255 255 255 255 255 255 255 223 000 000 000 000 169 255 255 255 255 255 255 255 255 255 255 255 255 255 255 255 255 255 255 255 255 255 255 255 255 255 255 255 255 255 189 000 000 010 243 
255 255 251 233 231 255 255 255 255 255 255 255 255 255 255 255 255 255 255 255 255 255 255 255 255 255 255 255 255 255 255 255 201 000 000 000 038 254 255 255 255 255 255 255 255 255 255 255 255 255 255 255 255 255 255 255 255 255 255 255 255 255 255 255 255 255 255 192 000 000 027 255 
023 015 000 000 108 255 255 255 255 255 255 255 255 255 255 255 255 255 180 045 060 075 089 104 117 121 124 127 131 134 137 141 104 000 000 000 067 142 140 137 135 132 129 127 124 118 103 088 073 058 044 211 255 255 255 255 255 255 255 255 255 255 255 255 255 255 255 196 000 000 027 255 
000 000 000 000 138 255 255 255 255 255 255 255 255 255 255 255 255 255 167 000 000 000 000 000 000 000 000 000 000 000 000 000 000 000 000 000 000 000 000 000 000 000 000 000 000 000 000 000 000 000 000 203 255 255 255 255 255 255 255 255 255 240 074 102 126 132 139 113 000 000 014 131 
000 000 000 000 160 255 255 255 255 255 255 255 255 255 255 255 255 255 167 000 000 000 000 000 000 000 000 000 000 000 000 003 001 000 000 001 004 002 001 000 000 000 000 000 000 000 000 000 000 000 000 203 255 255 255 255 255 255 255 255 255 235 000 000 000 000 000 000 000 000 000 000 
027 000 000 000 166 255 255 255 255 255 255 255 255 255 255 255 255 255 220 163 178 193 208 223 234 238 242 245 249 252 255 255 050 000 000 081 255 255 255 255 253 251 249 247 245 237 222 206 191 176 161 234 255 255 255 255 255 255 255 255 255 235 000 000 000 000 000 000 000 000 000 000 
060 000 000 000 170 255 255 255 255 255 255 255 255 255 255 255 255 255 255 255 255 255 255 255 255 255 255 255 255 255 255 249 006 000 000 142 255 255 255 255 255 255 255 255 255 255 255 255 255 255 255 255 255 255 255 255 255 255 255 255 255 239 065 096 120 126 131 105 000 000 013 121 
060 000 000 000 175 255 255 255 255 255 255 255 255 255 255 255 255 255 255 255 252 255 255 255 255 255 255 255 255 255 255 192 000 000 000 215 255 255 255 255 255 255 255 255 255 255 255 255 255 252 255 255 255 255 255 255 255 255 255 255 255 255 255 255 255 255 255 199 000 000 027 255 
060 000 000 000 176 255 255 255 255 255 255 255 255 255 255 255 255 255 255 255 015 015 035 054 074 089 090 092 093 095 097 056 000 000 005 099 099 099 099 096 094 093 091 089 084 065 045 026 007 128 255 255 255 255 255 255 255 255 255 255 255 255 255 255 255 255 255 199 000 000 027 255 
060 000 000 000 176 255 255 255 255 255 255 255 255 255 255 255 255 255 255 255 013 000 000 000 000 000 000 000 000 000 000 000 000 000 000 000 000 000 000 000 000 000 000 000 000 000 000 000 000 128 255 255 255 255 255 255 255 255 255 255 255 255 255 255 255 255 255 199 000 000 027 255 
060 000 000 000 176 255 255 255 255 255 255 255 255 255 255 255 255 255 255 255 013 000 000 000 005 014 017 020 023 026 017 000 000 000 028 028 028 028 028 025 022 020 017 014 008 000 000 000 000 128 255 255 255 255 255 255 255 255 255 255 255 255 255 255 255 255 255 199 000 000 027 255 
060 000 000 000 176 255 255 255 255 255 255 255 255 255 255 255 255 255 255 255 186 201 221 241 255 255 255 255 255 255 091 000 000 066 255 255 255 255 255 255 255 255 255 255 255 246 228 209 191 217 255 255 255 255 255 255 255 255 255 225 201 221 240 255 255 255 255 199 000 000 027 252 
060 000 000 000 176 255 255 255 255 255 255 255 255 255 255 255 255 255 255 255 255 255 255 255 255 255 255 255 255 224 004 000 000 181 255 255 255 255 255 255 255 255 255 255 255 255 255 255 255 255 255 255 255 255 255 255 255 255 255 142 000 000 000 004 010 015 020 019 000 000 003 022 
060 000 000 000 176 255 255 255 255 255 255 255 255 255 255 255 255 255 255 255 255 255 255 255 255 255 255 255 255 077 000 000 057 255 255 255 255 255 255 255 255 255 255 255 255 255 255 255 255 255 255 255 255 255 255 255 255 255 255 142 000 000 000 000 000 000 000 000 000 000 000 000 
060 000 000 000 176 255 255 255 255 255 255 255 255 255 255 255 183 032 048 064 080 095 109 111 112 114 116 118 099 000 000 000 074 120 120 120 120 120 120 120 120 118 117 115 113 111 110 103 087 072 056 040 068 255 255 255 255 255 255 142 000 000 012 032 041 044 047 050 054 008 000 000 
042 000 000 000 176 255 255 255 255 255 255 255 255 255 255 255 175 000 000 000 000 000 000 000 000 000 000 000 000 000 000 000 000 000 000 000 000 000 000 000 000 000 000 000 000 000 000 000 000 000 000 000 045 255 255 255 255 255 255 238 229 249 255 255 255 255 255 255 131 000 000 000 
000 000 000 000 176 255 255 255 255 255 255 255 255 255 255 255 175 000 000 000 000 000 000 000 000 001 004 000 000 000 002 007 007 007 007 007 007 007 007 003 000 000 000 005 000 000 000 000 000 000 000 000 045 255 255 255 255 255 255 255 255 255 255 255 255 255 255 121 000 000 000 139 
000 000 000 000 176 255 255 255 255 255 255 255 255 255 255 255 224 166 183 201 218 234 241 246 252 246 062 000 000 003 191 255 255 255 255 255 255 255 255 192 000 000 000 150 255 250 244 239 228 210 193 175 176 255 255 255 255 255 255 255 255 255 255 255 255 248 091 000 000 001 146 255 
000 000 000 000 176 255 255 255 255 255 255 255 255 255 255 255 255 255 255 255 255 255 255 255 240 066 000 000 000 130 255 255 255 255 255 255 255 255 255 255 094 000 000 003 134 254 255 255 255 255 255 255 255 255 255 255 255 255 255 255 255 255 255 255 128 056 000 000 000 071 161 161 
054 000 000 000 176 255 255 255 255 255 255 255 255 255 255 255 255 255 255 255 255 255 255 225 043 000 000 000 088 253 255 255 255 255 255 255 255 255 255 255 244 041 000 000 000 075 235 255 255 255 255 255 255 255 255 255 255 255 255 255 255 255 255 199 019 000 000 000 000 000 000 000 
060 000 000 000 176 255 255 255 255 255 255 255 255 255 255 255 255 255 255 255 255 255 192 024 000 000 000 075 250 255 255 255 255 255 255 255 255 255 255 255 255 220 030 000 000 000 011 110 223 255 255 255 255 255 255 255 255 255 255 255 255 251 135 005 000 000 000 000 000 000 000 000 
060 000 000 000 176 255 255 255 255 255 255 255 255 255 255 255 255 255 255 255 245 109 001 000 000 000 000 027 040 046 052 053 053 053 053 053 051 050 049 047 042 037 018 000 000 000 000 000 003 074 137 198 250 255 255 255 255 255 255 255 205 049 000 000 000 000 000 044 145 145 145 145 
060 000 000 000 176 255 255 255 255 255 255 255 255 255 255 255 255 255 255 193 035 000 000 000 000 000 000 000 000 000 000 000 000 000 000 000 000 000 000 000 000 000 000 000 000 000 000 000 000 000 000 000 009 039 137 255 255 255 229 109 003 000 000 000 010 000 000 077 255 255 255 255 
060 000 000 000 176 255 255 255 255 255 255 255 255 255 255 255 255 236 109 001 000 000 000 000 006 000 000 012 063 063 063 063 063 063 063 063 063 063 063 063 063 063 034 000 000 000 026 000 000 000 000 000 000 004 218 255 255 255 198 027 000 000 002 135 105 000 000 077 255 255 255 255 
060 000 000 000 176 255 255 255 255 255 255 255 255 255 255 236 121 012 000 000 000 000 007 155 065 000 000 050 255 255 255 255 255 255 255 255 255 255 255 255 255 255 138 000 000 000 218 149 022 000 000 000 000 099 255 255 255 255 255 216 022 024 188 255 105 000 000 077 255 255 255 255 
060 000 000 000 176 255 255 255 255 255 255 255 255 255 234 031 000 000 000 000 000 028 201 255 065 000 000 050 255 255 255 255 255 255 255 255 255 255 255 255 255 255 138 000 000 000 222 255 242 141 038 000 000 198 255 255 255 255 255 255 192 233 255 255 105 000 000 001 004 004 004 004 
060 000 000 000 176 255 255 255 255 255 255 255 255 255 255 216 022 000 000 000 085 234 255 255 065 000 000 050 255 255 255 255 255 255 255 255 255 255 255 255 255 255 138 000 000 000 222 255 255 255 255 190 108 255 255 255 255 255 255 255 255 255 255 255 105 000 000 000 000 000 000 000 
060 000 000 000 176 255 255 255 255 255 255 255 255 255 255 255 208 013 024 173 255 255 255 255 065 000 000 008 041 041 041 041 041 041 041 041 041 041 041 041 041 041 022 000 000 000 222 255 255 255 255 255 255 255 255 255 255 255 255 255 255 255 255 255 105 000 000 034 112 112 112 112 
060 000 000 000 176 255 255 255 255 255 255 255 255 255 255 255 255 187 238 255 255 255 255 255 065 000 000 000 000 000 000 000 000 000 000 000 000 000 000 000 000 000 000 000 000 000 222 255 255 255 255 255 255 255 255 255 255 255 255 255 255 255 255 255 105 000 000 077 255 255 255 255 
056 000 000 000 175 255 255 255 255 255 255 255 255 255 255 255 255 255 255 255 255 255 255 255 065 000 000 015 075 075 075 075 075 075 075 075 075 075 075 075 075 075 041 000 000 000 222 255 255 255 255 255 255 255 255 255 255 255 255 255 255 255 255 255 105 000 000 077 255 255 255 255 
000 000 000 000 170 255 255 255 255 255 255 255 255 255 255 255 255 255 255 255 255 255 255 255 065 000 000 050 255 255 255 255 255 255 255 255 255 255 255 255 255 255 138 000 000 000 222 255 255 255 255 255 255 255 255 255 255 255 255 255 255 255 255 255 105 000 000 077 255 255 255 255 
000 000 000 000 165 255 255 255 255 255 255 255 255 255 255 255 255 255 255 255 255 255 255 255 065 000 000 050 255 255 255 255 255 255 255 255 255 255 255 255 255 255 138 000 000 000 222 255 255 255 255 255 255 255 255 255 255 255 255 255 255 255 255 255 104 000 000 014 048 048 048 048 
000 000 000 000 159 255 255 255 255 255 255 255 255 255 255 255 255 255 255 255 255 255 255 255 065 000 000 050 255 255 255 255 255 255 255 255 255 255 255 255 255 255 138 000 000 000 220 255 255 255 255 255 255 255 255 255 255 255 255 255 255 255 255 255 099 000 000 000 000 000 000 000 
040 000 000 000 142 255 255 255 255 255 255 255 255 255 255 255 255 255 255 255 255 255 255 255 065 000 000 017 085 085 085 085 085 085 085 085 085 085 085 085 085 085 046 000 000 000 215 255 255 255 255 255 255 255 255 255 255 255 255 255 255 255 255 255 096 000 000 010 035 035 035 035 
060 000 000 000 122 255 255 255 255 255 255 255 255 255 255 255 255 255 255 255 255 255 255 255 060 000 000 000 000 000 000 000 000 000 000 000 000 000 000 000 000 000 000 000 000 000 209 255 255 255 255 255 255 255 255 255 255 255 255 255 255 255 255 255 077 000 000 077 255 255 255 255 
060 000 000 000 102 255 255 255 255 255 255 255 255 255 255 255 255 255 255 255 255 255 255 255 055 000 000 000 000 000 000 000 000 000 000 000 000 000 000 000 000 000 000 000 000 000 192 255 255 255 255 255 255 255 255 255 255 255 255 255 255 255 255 255 050 000 000 077 255 255 255 255 
212 198 198 198 219 255 255 255 255 255 255 255 255 255 255 255 255 255 255 255 255 255 255 255 040 000 000 050 254 254 254 254 254 254 254 254 254 254 254 254 254 254 138 000 000 000 162 255 255 255 255 255 255 255 255 255 255 255 255 255 255 255 255 255 085 064 064 123 255 255 255 255 
255 255 255 255 255 255 255 255 255 255 255 255 255 255 255 255 255 255 255 255 255 255 255 254 008 000 000 050 255 255 255 255 255 255 255 255 255 255 255 255 255 255 162 051 051 051 159 255 255 255 255 255 255 255 255 255 255 255 255 255 255 255 255 255 255 255 255 255 255 255 255 255 
255 255 255 255 255 255 255 255 255 255 255 255 255 255 255 255 255 255 255 255 255 255 255 247 128 128 128 154 255 255 255 255 255 255 255 255 255 255 255 255 255 255 255 255 255 255 255 255 255 255 255 255 255 255 255 255 255 255 255 255 255 255 255 255 255 255 255 255 255 255 255 255 
255 255 255 255 255 255 255 255 255 255 255 255 255 255 255 255 255 255 255 255 255 255 255 255 255 255 255 255 255 255 255 255 255 255 255 255 255 255 255 255 255 255 255 255 255 255 255 255 255 255 255 255 255 255 255 255 255 255 255 255 255 255 255 255 255 255 255 255 255 255 255 255 
255 255 255 255 255 255 255 255 255 255 255 255 255 255 255 255 255 255 255 255 255 255 255 255 255 255 255 255 255 255 255 255 255 255 255 255 255 255 255 255 255 255 255 255 255 255 255 255 255 255 255 255 255 255 255 255 255 255 255 255 255 255 255 255 255 255 255 255 255 255 255 255 
255 255 255 255 255 255 255 255 255 255 255 255 255 255 255 255 255 255 255 255 255 255 255 255 255 255 255 255 255 255 255 255 255 255 255 255 255 255 255 255 255 255 255 255 255 255 255 255 255 255 255 255 255 255 255 255 255 255 255 255 255 255 255 255 255 255 255 255 255 255 255 255 
255 255 255 255 255 255 255 255 255 255 255 255 255 255 255 255 255 255 255 255 255 255 255 255 255 255 255 255 255 255 255 255 255 255 255 255 255 255 255 255 255 255 255 255 255 255 255 255 255 255 255 255 255 255 255 255 255 255 255 255 255 255 255 255 255 255 255 255 255 255 255 255 
255 255 255 255 255 255 255 255 255 255 255 255 255 255 255 255 255 255 255 255 255 255 255 255 255 255 255 255 255 255 255 255 255 255 255 255 255 255 255 255 255 255 255 255 255 255 255 255 255 255 255 255 255 255 255 255 255 255 255 255 255 255 255 255 255 255 255 255 255 255 255 255 
255 255 255 255 255 255 255 255 255 255 255 255 255 255 255 255 255 255 255 255 255 255 255 255 255 255 255 255 255 255 255 255 255 255 255 255 255 255 255 255 255 255 255 255 255 255 255 255 255 255 255 255 255 255 255 255 255 255 255 255 255 255 255 255 255 255 255 255 255 255 255 255 
255 255 255 255 255 255 255 255 255 255 255 255 255 255 255 255 255 255 255 255 255 255 255 255 255 255 255 255 255 255 255 255 255 255 255 255 255 255 255 255 255 255 255 255 255 255 255 255 255 255 255 255 255 255 255 255 255 255 255 255 255 255 255 255 255 255 255 255 255 255 255 255 
255 255 255 255 255 255 255 255 255 255 255 255 255 255 255 255 255 255 255 255 255 255 255 255 255 255 255 255 255 255 255 255 255 255 255 255 255 255 255 255 255 255 255 255 255 255 255 255 255 255 255 255 255 255 255 255 255 255 255 255 255 255 255 255 255 255 255 255 255 255 255 255 
255 255 255 255 255 255 255 255 255 255 255 255 255 255 255 255 255 255 255 255 255 255 255 255 255 255 255 255 255 255 255 255 255 255 255 255 255 255 255 255 255 255 255 255 255 255 255 255 255 255 255 255 255 255 255 255 255 255 255 255 255 255 255 255 255 255 255 255 255 255 255 255 
255 255 255 255 255 255 255 255 255 255 255 255 255 255 255 255 255 255 255 255 255 255 255 255 255 255 255 255 255 255 255 255 255 255 255 255 255 255 255 255 255 255 255 255 255 255 255 255 255 255 255 255 255 255 255 255 255 255 255 255 255 255 255 255 255 255 255 255 255 255 255 255 
255 255 255 255 255 255 255 255 255 255 255 255 255 255 255 255 255 255 255 255 255 255 255 255 255 255 255 255 255 255 255 255 255 255 255 255 255 255 255 255 255 255 255 255 255 255 255 255 255 255 255 255 255 255 255 255 255 255 255 255 255 255 255 255 255 255 255 255 255 255 255 255 
255 255 255 255 255 255 255 255 255 255 255 255 255 255 255 255 255 255 255 255 255 255 255 255 255 255 255 255 255 255 255 255 255 255 255 255 255 255 255 255 255 255 255 255 255 255 255 255 255 255 255 255 255 255 255 255 255 255 255 255 255 255 255 255 255 255 255 255 255 255 255 255 
255 255 255 255 255 255 255 255 255 255 255 255 255 255 255 255 255 255 255 255 255 255 255 255 255 255 255 255 255 255 255 255 255 255 255 255 255 255 255 255 255 255 255 255 255 255 255 255 255 255 255 255 255 255 255 255 255 255 255 255 255 255 255 255 255 255 255 255 255 255 255 255 
255 255 255 255 255 255 255 255 255 255 255 255 255 255 255 255 255 255 255 255 255 255 255 255 255 255 255 255 255 255 255 255 255 255 255 255 255 255 255 255 255 255 255 255 255 255 255 255 255 255 255 255 255 255 255 255 255 255 255 255 255 255 255 255 255 255 255 255 255 255 255 255 
255 255 255 255 255 255 255 255 255 255 255 255 255 255 255 255 255 255 255 255 255 255 255 255 255 255 255 255 255 255 255 255 255 255 255 255 255 255 255 255 255 255 255 255 255 255 255 255 255 255 255 255 255 255 255 255 255 255 255 255 255 255 255 255 255 255 255 255 255 255 255 255 
255 255 255 255 255 255 255 255 255 255 255 255 255 255 255 255 255 255 255 255 255 255 255 255 255 255 255 255 255 255 255 255 255 255 255 255 255 255 255 255 255 255 255 255 255 255 255 255 255 255 255 255 255 255 255 255 255 255 255 255 255 255 255 255 255 255 255 255 255 255 255 255 
255 255 255 255 255 255 255 255 255 255 255 255 255 255 255 255 255 255 255 255 255 255 255 255 255 255 255 255 255 255 255 255 255 255 255 255 255 255 255 255 255 255 255 255 255 255 255 255 255 255 255 255 255 255 255 255 255 255 255 255 255 255 255 255 255 255 255 255 255 255 255 255 
255 255 255 255 255 255 255 255 255 255 255 255 255 255 255 255 255 255 255 255 255 255 255 255 255 255 255 255 255 255 255 255 255 255 255 255 255 255 255 255 255 255 255 255 255 255 255 255 255 255 255 255 255 255 255 255 255 255 255 255 255 255 255 255 255 255 255 255 255 255 255 255 
255 255 255 255 255 255 255 255 255 255 255 255 255 255 255 255 255 255 255 255 255 255 255 255 255 255 255 255 255 255 255 255 255 255 255 255 255 255 255 255 255 255 255 255 255 255 255 255 255 255 255 255 255 255 255 255 255 255 255 255 255 255 255 255 255 255 255 255 255 255 255 255 
255 255 255 255 255 255 255 255 255 255 255 255 255 255 255 255 255 255 255 255 255 255 255 255 255 255 255 255 255 255 255 255 255 255 255 255 255 255 255 255 255 255 255 255 255 255 255 255 255 255 255 255 255 255 255 255 255 255 255 255 255 255 255 255 255 255 255 255 255 255 255 255 
255 255 255 255 255 255 255 255 255 255 255 255 255 255 255 255 255 255 255 255 255 255 255 255 255 255 255 255 255 255 255 255 255 255 255 255 255 255 255 255 255 255 255 255 255 255 255 255 255 255 255 255 255 255 255 255 255 255 255 255 255 255 255 255 255 255 255 255 255 255 255 255 
255 255 255 255 255 255 255 255 255 255 255 255 255 255 255 255 255 255 255 255 255 255 255 255 255 255 255 255 255 255 255 255 255 255 255 255 255 255 255 255 255 255 255 255 255 255 255 255 255 255 255 255 255 255 255 255 255 255 255 255 255 255 255 255 255 255 255 255 255 255 255 255 
255 255 255 255 255 255 255 255 255 255 255 255 255 255 255 255 255 255 255 255 255 255 255 255 255 255 255 255 255 255 255 255 255 255 255 255 255 255 255 255 255 255 255 255 255 255 255 255 255 255 255 255 255 255 255 255 255 255 255 255 255 255 255 255 255 255 255 255 255 255 255 255 
255 255 255 255 255 255 255 255 255 255 255 255 255 255 255 255 255 255 255 255 255 255 255 255 255 255 255 255 255 255 255 255 255 255 255 255 255 255 255 255 255 255 255 255 255 255 255 255 255 255 255 255 255 255 255 255 255 255 255 255 255 255 255 255 255 255 255 255 255 255 255 255 
255 255 255 255 255 255 255 255 255 255 255 255 255 255 255 255 255 255 255 255 255 255 255 255 255 255 255 255 255 255 255 255 255 255 255 255 255 255 255 255 255 255 255 255 255 255 255 255 255 255 255 255 255 255 255 255 255 255 255 255 255 255 255 255 255 255 255 255 255 255 255 255 
255 255 255 255 255 255 255 255 255 255 255 255 255 255 255 255 255 255 255 255 255 255 255 255 255 255 255 255 255 255 255 255 255 255 255 255 255 255 255 255 255 255 255 255 255 255 255 255 255 255 255 255 255 255 255 255 255 255 255 255 255 255 255 255 255 255 255 255 255 255 255 255 
255 255 255 255 255 255 255 255 255 255 255 255 255 255 255 255 255 255 255 255 255 255 255 255 255 255 255 255 255 255 255 255 255 255 255 255 255 255 255 255 255 255 255 255 255 255 255 255 255 255 255 255 255 255 255 255 255 255 255 255 255 255 255 255 255 255 255 255 255 255 255 255 
255 255 255 255 255 255 255 255 255 255 255 255 255 188 165 228 255 255 255 255 255 255 255 255 255 255 255 255 255 255 255 255 255 255 255 255 255 255 255 255 255 255 255 255 255 255 255 255 255 255 255 255 255 255 255 255 255 255 255 255 255 255 255 255 255 255 255 255 255 255 255 255 
255 255 255 255 255 255 255 255 255 255 255 255 255 128 000 000 026 056 085 181 255 255 255 255 255 255 255 255 255 255 255 255 255 255 255 255 255 255 255 255 255 255 255 255 255 255 255 255 255 255 255 255 255 255 255 255 255 255 255 255 255 255 255 255 255 255 255 255 255 255 255 255 
255 255 255 255 255 255 255 255 255 255 255 255 255 114 000 000 000 000 092 242 255 255 255 255 255 255 255 255 255 255 255 255 255 255 255 255 255 255 255 255 255 255 255 255 255 255 255 255 209 216 230 244 255 255 255 255 255 255 255 255 255 255 255 255 255 255 255 255 255 255 255 255 
255 255 255 255 255 255 255 255 255 255 255 255 255 076 000 000 000 026 246 255 255 255 255 255 255 255 255 255 255 255 255 255 255 255 255 255 255 255 255 255 255 255 255 255 255 255 255 255 026 000 000 000 003 016 026 027 029 031 033 035 036 038 040 042 039 037 036 034 032 030 028 026 
255 255 255 255 255 255 255 255 255 255 255 255 255 037 000 000 000 149 255 255 255 255 255 255 255 255 255 255 255 255 255 255 255 255 255 255 255 255 255 255 255 255 255 255 255 255 255 255 026 000 000 000 000 000 000 000 000 000 000 000 000 000 000 000 000 000 000 000 000 000 000 000 
255 255 255 255 255 255 255 255 255 255 255 255 251 004 000 000 020 249 255 255 255 255 255 255 255 255 255 255 255 255 255 255 255 255 255 255 255 255 255 255 255 255 255 255 255 255 255 255 026 000 000 000 000 000 000 000 000 000 000 000 000 000 000 000 000 000 000 000 000 000 000 000 
255 255 255 255 255 255 255 255 255 255 255 255 198 000 000 000 106 255 255 255 255 255 255 255 255 255 255 255 255 255 255 255 255 255 255 255 255 255 255 255 255 255 255 255 255 255 255 255 169 170 182 195 207 218 223 225 228 231 234 236 239 118 000 000 012 240 238 236 234 232 230 228 
255 255 255 255 143 155 174 193 210 215 219 223 119 000 000 000 172 227 227 227 227 227 227 227 227 227 223 218 213 208 200 184 168 153 137 240 255 255 255 255 255 255 255 255 255 255 255 255 255 255 255 255 255 255 255 255 255 255 255 255 255 125 000 000 012 255 255 255 255 255 255 255 
255 255 255 255 040 000 000 000 000 000 000 000 000 000 000 000 000 000 000 000 000 000 000 000 000 000 000 000 000 000 000 000 000 000 003 250 255 255 255 255 255 255 255 255 255 132 144 162 181 200 209 211 214 217 220 223 226 229 231 234 237 118 000 000 012 239 237 235 233 231 229 227 
255 255 255 255 079 000 000 000 000 000 000 000 000 000 000 000 000 000 000 000 000 000 000 000 000 000 000 000 000 000 000 000 000 000 034 255 255 255 255 255 255 255 255 255 255 010 000 000 000 000 000 000 000 000 000 000 000 000 000 000 000 000 000 000 000 000 000 000 000 000 000 000 
255 255 255 255 108 000 000 000 000 000 000 000 000 000 000 000 000 000 000 000 000 000 000 000 000 000 000 000 000 000 000 000 000 000 064 255 255 255 255 255 255 255 255 255 255 010 000 000 000 000 000 000 000 000 000 000 000 000 000 000 000 000 000 000 000 000 000 000 000 000 000 000 
255 255 255 255 114 000 000 000 132 199 199 199 199 199 199 199 199 199 199 199 199 199 199 199 199 199 199 199 199 199 139 000 000 000 072 255 255 255 255 255 255 255 255 255 255 010 000 000 053 098 098 098 098 098 098 098 098 098 098 098 098 048 000 000 005 098 098 098 098 098 098 098 
255 255 255 255 119 000 000 000 168 255 255 255 255 255 255 255 255 255 255 255 255 255 255 255 255 255 255 255 255 255 177 000 000 000 077 255 255 255 255 255 255 255 255 255 255 010 000 000 138 255 255 255 255 255 255 255 255 255 255 255 255 125 000 000 012 255 255 255 255 255 255 255 
255 255 255 255 124 000 000 000 168 255 255 255 255 255 255 255 255 255 255 255 255 255 255 255 255 255 255 255 255 255 177 000 000 000 082 255 255 255 255 255 255 255 255 255 255 010 000 000 138 255 255 199 099 107 115 123 117 108 100 192 255 125 000 000 012 255 255 113 056 064 072 078 
255 255 255 255 129 000 000 000 168 255 255 255 255 255 255 255 255 255 255 255 255 255 255 255 255 255 255 255 255 255 177 000 000 000 087 255 255 255 255 255 255 255 255 255 255 010 000 000 138 255 255 165 000 000 000 000 000 000 000 155 255 125 000 000 012 255 255 078 000 000 000 000 
255 255 255 255 134 000 000 000 168 255 255 255 255 255 255 255 255 255 255 255 255 255 255 255 255 255 255 255 255 255 177 000 000 000 092 255 255 255 255 255 255 255 255 255 255 010 000 000 138 255 255 179 044 052 060 067 062 054 045 171 255 125 000 000 012 255 255 129 079 087 096 102 
255 255 255 255 136 000 000 000 168 255 255 255 255 255 255 255 255 255 255 255 255 255 255 255 255 255 255 255 255 255 177 000 000 000 093 255 255 255 255 255 255 255 255 255 255 010 000 000 138 255 255 255 255 255 255 255 255 255 255 255 255 123 000 000 011 255 255 255 255 255 255 255 
255 255 255 255 136 000 000 000 168 255 255 255 255 255 255 255 255 255 255 255 255 255 255 255 255 255 255 255 255 255 177 000 000 000 093 255 255 255 255 255 255 255 255 255 255 150 145 145 205 255 255 255 255 255 255 255 255 255 255 255 255 121 000 000 010 255 255 255 255 255 255 255 
255 255 255 255 136 000 000 000 168 255 255 255 255 255 255 255 255 255 255 255 255 255 255 255 255 255 255 255 255 255 177 000 000 000 093 255 255 255 255 255 255 255 255 255 255 255 255 255 255 220 105 112 119 127 132 127 120 113 106 195 255 118 000 000 008 255 255 102 065 073 081 090 
255 255 255 255 136 000 000 000 168 255 255 255 255 255 255 255 255 255 255 255 255 255 255 255 255 255 255 255 255 255 177 000 000 000 093 255 255 255 255 255 255 255 255 255 255 255 255 255 255 196 000 000 000 000 000 000 000 000 000 155 255 106 000 000 001 254 255 056 000 000 000 000 
255 255 255 255 136 000 000 000 017 025 025 025 025 025 025 025 025 025 025 025 025 025 025 025 025 025 025 025 025 025 018 000 000 000 093 255 255 255 255 255 255 255 255 255 255 255 255 255 255 206 045 052 058 065 071 067 060 053 046 172 255 093 000 000 000 245 255 082 039 047 055 064 
255 255 255 255 136 000 000 000 000 000 000 000 000 000 000 000 000 000 000 000 000 000 000 000 000 000 000 000 000 000 000 000 000 000 093 255 255 255 255 255 255 255 255 255 255 255 255 255 255 255 255 255 255 255 255 255 255 255 255 255 255 169 127 127 127 247 255 255 255 255 255 255 
255 255 255 255 136 000 000 000 000 000 000 000 000 000 000 000 000 000 000 000 000 000 000 000 000 000 000 000 000 000 000 000 000 000 093 255 255 255 255 255 255 255 255 255 255 255 255 255 255 255 255 255 255 255 255 255 255 255 255 255 255 255 255 255 255 255 255 255 255 255 255 255 
255 255 255 255 136 000 000 000 097 146 146 146 146 146 146 146 146 146 146 146 146 146 146 146 146 146 146 146 146 146 102 000 000 000 093 255 255 255 255 255 255 255 255 255 255 255 255 255 255 255 255 255 255 255 255 255 255 255 255 255 255 255 255 255 255 255 255 255 255 255 255 255 
255 255 255 255 136 000 000 000 168 255 255 255 255 255 255 255 255 255 255 255 255 255 255 255 255 255 255 255 255 255 177 000 000 000 093 255 255 255 255 255 255 255 255 255 255 255 255 255 210 031 046 062 078 094 100 101 102 103 104 105 107 108 109 110 108 106 104 102 100 099 097 095 
255 255 255 255 136 000 000 000 168 255 255 255 255 255 255 255 255 255 255 255 255 255 255 255 255 255 255 255 255 255 177 000 000 000 093 255 255 255 255 255 255 255 255 255 255 255 255 255 205 000 000 000 000 000 000 000 000 000 000 000 000 000 000 000 000 000 000 000 000 000 000 000 
255 255 255 255 136 000 000 000 168 255 255 255 255 255 255 255 255 255 255 255 255 255 255 255 255 255 255 255 255 255 177 000 000 000 093 255 255 255 255 255 255 255 255 255 255 255 255 255 205 000 000 000 000 000 000 000 000 000 000 000 000 000 000 000 000 000 000 000 000 000 000 000 
255 255 255 255 136 000 000 000 168 255 255 255 255 255 255 255 255 255 255 255 255 255 255 255 255 255 255 255 255 255 177 000 000 000 093 255 255 255 255 255 255 255 255 255 255 255 255 255 227 117 131 146 160 174 180 180 181 182 183 184 185 186 186 187 188 189 190 191 192 192 193 194 
255 255 255 255 136 000 000 000 168 255 255 255 255 255 255 255 255 255 255 255 255 255 255 255 255 255 255 255 255 255 177 000 000 000 093 255 255 255 255 255 255 255 255 255 255 255 255 255 255 255 255 255 255 255 255 255 255 255 255 255 255 255 255 255 255 255 255 255 255 255 255 255 
255 255 255 255 136 000 000 000 168 255 255 255 255 255 255 255 255 255 255 255 255 255 255 255 255 255 255 255 255 255 177 000 000 000 093 255 255 255 255 255 255 255 255 255 255 255 255 255 255 228 218 227 237 246 254 255 255 255 255 255 255 255 255 255 255 255 255 255 255 255 255 255 
255 255 255 255 136 000 000 000 168 255 255 255 255 255 255 255 255 255 255 255 255 255 255 255 255 255 255 255 255 255 177 000 000 000 093 255 255 255 255 255 255 255 255 255 255 255 255 255 255 095 000 000 000 000 000 008 017 025 025 025 026 026 026 027 027 027 027 028 028 028 029 029 
255 255 255 255 133 000 000 000 168 255 255 255 255 255 255 255 255 255 255 255 255 255 255 255 255 255 255 255 255 255 177 000 000 000 089 255 255 255 255 255 255 255 255 255 255 255 255 255 255 095 000 000 000 000 000 000 000 000 000 000 000 000 000 000 000 000 000 000 000 000 000 000 
255 255 255 255 129 000 000 000 052 078 078 078 078 078 078 078 078 078 078 078 078 078 078 078 078 078 078 078 078 078 054 000 000 000 083 255 255 255 255 255 255 255 255 255 255 255 255 255 255 095 000 000 000 000 000 005 013 020 021 021 022 023 023 024 025 025 026 027 027 028 029 029 
255 255 255 255 124 000 000 000 000 000 000 000 000 000 000 000 000 000 000 000 000 000 000 000 000 000 000 000 000 000 000 000 000 000 078 255 255 255 255 255 255 255 255 255 255 255 255 255 255 228 218 227 235 244 252 255 255 255 255 255 255 255 255 255 255 255 255 255 255 255 255 255 
255 255 255 255 120 000 000 000 000 000 000 000 000 000 000 000 000 000 000 000 000 000 000 000 000 000 000 000 000 000 000 000 000 000 072 255 255 255 255 255 255 255 255 255 255 255 255 255 255 255 255 255 255 255 255 255 255 255 255 255 255 255 255 255 255 255 255 255 255 255 255 255 
255 255 255 255 116 000 000 000 069 104 104 104 104 104 104 104 104 104 104 104 104 104 104 104 104 104 104 104 104 104 073 000 000 000 066 255 255 255 255 255 255 255 255 255 255 255 255 255 220 209 222 234 246 250 254 255 255 255 255 255 255 255 255 255 255 255 255 255 255 255 255 255 
255 255 255 255 106 000 000 000 168 255 255 255 255 255 255 255 255 255 255 255 255 255 255 255 255 255 255 255 255 255 177 000 000 000 045 255 255 255 255 255 255 255 255 255 255 255 255 255 093 000 000 000 000 000 000 001 004 008 011 015 018 021 025 028 028 027 026 025 024 022 021 020 
255 255 255 255 079 000 000 000 168 255 255 255 255 255 255 255 255 255 255 255 255 255 255 255 255 255 255 255 255 255 177 000 000 000 020 255 255 255 255 255 255 255 255 255 255 255 255 255 093 000 000 000 000 000 000 000 000 000 000 000 000 000 000 000 000 000 000 000 000 000 000 000 
255 255 255 255 053 000 000 000 168 255 255 255 255 255 255 255 255 255 255 255 255 255 255 255 255 255 255 255 255 255 177 000 000 000 001 250 255 255 255 255 255 255 255 255 255 255 255 255 093 000 000 003 011 020 028 037 044 045 045 046 046 047 048 048 049 050 050 051 052 052 053 054 
255 255 255 255 026 000 000 000 168 255 255 255 255 255 255 255 255 255 255 255 255 255 255 255 255 255 255 255 255 255 221 142 142 142 142 245 255 255 255 255 255 255 255 255 255 255 255 255 242 241 250 255 255 255 255 255 255 255 255 255 255 255 255 255 255 255 255 255 255 255 255 255 
255 255 255 255 253 252 252 252 254 255 255 255 255 255 255 255 255 255 255 255 255 255 255 255 255 255 255 255 255 255 255 255 255 255 255 255 255 255 255 255 255 255 255 255 255 255 255 255 255 255 255 255 255 255 255 255 255 255 255 255 255 255 255 255 255 255 255 255 255 255 255 255 
255 255 255 255 255 255 255 255 255 255 255 255 255 255 255 255 255 255 255 255 255 255 255 255 255 255 255 255 255 255 255 255 255 255 255 255 255 255 255 255 255 255 255 255 255 255 255 255 255 255 255 255 255 255 255 255 255 255 255 255 255 255 255 255 255 255 255 255 255 255 255 255 
255 255 255 255 255 255 255 255 255 255 255 255 255 255 255 255 255 255 255 255 255 255 255 255 255 255 255 255 255 255 255 255 255 255 255 255 255 255 255 255 255 255 255 255 255 255 255 255 255 255 255 255 255 255 255 255 255 255 255 255 255 255 255 255 255 255 255 255 255 255 255 255 
255 255 255 255 255 255 255 255 255 255 255 255 255 255 255 255 255 255 255 255 255 255 255 255 255 255 255 255 255 255 255 255 255 255 255 255 255 255 255 255 255 255 255 255 255 255 255 255 255 255 255 255 255 255 255 255 255 255 255 255 255 255 255 255 255 255 255 255 255 255 255 255 
255 255 255 255 255 255 255 255 255 255 255 255 255 255 255 255 255 255 255 255 255 255 255 255 255 255 255 255 255 255 255 255 255 255 255 255 255 255 255 255 255 255 255 255 255 255 255 255 255 255 255 255 255 255 255 255 255 255 255 255 255 255 255 255 255 255 255 255 255 255 255 255 
255 255 255 255 255 255 255 255 255 255 255 255 255 255 255 255 255 255 255 255 255 255 255 255 255 255 255 255 255 255 255 255 255 255 255 255 255 255 255 255 255 255 255 255 255 255 255 255 255 255 255 255 255 255 255 255 255 255 255 255 255 255 255 255 255 255 255 255 255 255 255 255 
255 255 255 255 255 255 255 255 255 255 255 255 255 255 255 255 255 255 255 255 255 255 255 255 255 255 255 255 255 255 255 255 255 255 255 255 255 255 255 255 255 255 255 255 255 255 255 255 255 255 255 255 255 255 255 255 255 255 255 255 255 255 255 255 255 255 255 255 255 255 255 255 
255 255 255 255 255 255 255 255 255 255 255 255 255 255 255 255 255 255 255 255 255 255 255 255 255 255 255 255 255 255 255 255 255 255 255 255 255 255 255 255 255 255 255 255 255 255 255 255 255 255 255 255 255 255 255 255 255 255 255 255 255 255 255 255 255 255 255 255 255 255 255 255 
255 255 255 255 255 255 255 255 255 255 255 255 255 255 255 255 255 255 255 255 255 255 255 255 255 255 255 255 255 255 255 255 255 255 255 255 255 255 255 255 255 255 255 255 255 255 255 255 255 255 255 255 255 255 255 255 255 255 255 255 255 255 255 255 255 255 255 255 255 255 255 255 
255 255 255 255 255 255 255 255 255 255 255 255 255 255 255 255 255 255 255 255 255 255 255 255 255 255 255 255 255 255 255 255 255 255 255 255 255 255 255 255 255 255 255 255 255 255 255 255 255 255 255 255 255 255 255 255 255 255 255 255 255 255 255 255 255 255 255 255 255 255 255 255 
255 255 255 255 255 255 255 255 255 255 255 255 255 255 255 255 255 255 255 255 255 255 255 255 255 255 255 255 255 255 255 255 255 255 255 255 255 255 255 255 255 255 255 255 255 255 255 255 255 255 255 255 255 255 255 255 255 255 255 255 255 255 255 255 255 255 255 255 255 255 255 255 
255 255 255 255 255 255 255 255 255 255 255 255 255 255 255 255 255 255 255 255 255 255 255 255 255 255 255 255 255 255 255 255 255 255 255 255 255 255 255 255 255 255 255 255 255 255 255 255 255 255 255 255 255 255 255 255 255 255 255 255 255 255 255 255 255 255 255 255 255 255 255 255 
255 255 255 255 255 255 255 255 255 255 255 255 255 255 255 255 255 255 255 255 255 255 255 255 255 255 255 255 255 255 255 255 255 255 255 255 255 255 255 255 255 255 255 255 255 255 255 255 255 255 255 255 255 255 255 255 255 255 255 255 255 255 255 255 255 255 255 255 255 255 255 255 
255 255 255 255 255 255 255 255 255 255 255 255 255 255 255 255 255 255 255 255 255 255 255 255 255 255 255 255 255 255 255 255 255 255 255 255 255 255 255 255 255 255 255 255 255 255 255 255 255 255 255 255 255 255 255 255 255 255 255 255 255 255 255 255 255 255 255 255 255 255 255 255 
255 255 255 255 255 255 255 255 255 255 255 255 255 255 255 255 255 255 255 255 255 255 255 255 255 255 255 255 255 255 255 255 255 255 255 255 255 255 255 255 255 255 255 255 255 255 255 255 255 255 255 255 255 255 255 255 255 255 255 255 255 255 255 255 255 255 255 255 255 255 255 255 
255 255 255 255 255 255 255 255 255 255 255 255 255 255 255 255 255 255 255 255 255 255 255 255 255 255 255 255 255 255 255 255 255 255 255 255 255 255 255 255 255 255 255 255 255 255 255 255 255 255 255 255 255 255 255 255 255 255 255 255 255 255 255 255 255 255 255 255 255 255 255 255 
255 255 255 255 255 255 255 255 255 255 255 255 255 255 255 255 255 255 255 255 255 255 255 255 255 255 255 255 255 255 255 255 255 255 255 255 255 255 255 255 255 255 255 255 255 255 255 255 255 255 255 255 255 255 255 255 255 255 255 255 255 255 255 255 255 255 255 255 255 255 255 255 
255 255 255 255 255 255 255 255 255 255 255 255 255 255 255 255 255 255 255 255 255 255 255 255 255 255 255 255 255 255 255 255 255 255 255 255 255 255 255 255 255 255 255 255 255 255 255 255 255 255 255 255 255 255 255 255 255 255 255 255 255 255 255 255 255 255 255 255 255 255 255 255 
255 255 255 255 255 255 255 255 255 255 255 255 255 255 255 255 255 255 255 255 255 255 255 255 255 255 255 255 255 255 255 255 255 255 255 255 255 255 255 255 255 255 255 255 255 255 255 255 255 255 255 255 255 255 255 255 255 255 255 255 255 255 255 255 255 255 255 255 255 255 255 255 
255 255 255 255 255 255 255 255 255 255 255 255 255 255 255 255 255 255 255 255 255 255 255 255 255 255 255 255 255 255 255 255 255 255 255 255 255 255 255 255 255 255 255 255 255 255 255 255 255 255 255 255 255 255 255 255 255 255 255 255 255 255 255 255 255 255 255 255 255 255 255 255 
255 255 255 255 255 255 255 255 255 255 255 255 255 255 255 255 255 255 255 255 255 255 255 255 255 255 255 255 255 255 255 255 255 255 255 255 255 255 255 255 255 255 255 255 255 255 255 255 255 255 255 255 255 255 255 255 255 255 255 255 255 255 255 255 255 255 255 255 255 255 255 255 
255 255 255 255 255 255 255 255 255 255 255 255 255 255 255 255 255 255 255 255 255 255 255 255 255 255 255 255 255 255 255 255 255 255 255 255 255 255 255 255 255 255 255 255 255 255 255 255 255 255 255 255 255 255 255 255 255 255 255 255 255 255 255 255 255 255 255 255 255 255 255 255 
255 255 255 255 255 255 255 255 255 255 255 255 255 255 255 255 255 255 255 255 255 255 255 255 255 255 255 255 255 255 255 255 255 255 255 255 255 255 255 255 255 255 255 255 255 255 255 255 255 255 255 255 255 255 255 255 255 255 255 255 255 255 255 255 255 255 255 255 255 255 255 255 
255 255 255 255 255 255 255 255 255 255 255 255 255 255 255 255 255 255 255 255 255 255 255 255 255 255 255 255 255 255 255 255 255 255 255 255 255 255 255 255 255 255 255 255 255 255 255 255 255 255 255 255 255 255 255 255 255 255 255 255 255 255 255 255 255 255 255 255 255 255 255 255 
255 255 255 255 255 255 255 255 255 255 255 255 255 255 255 255 255 255 255 255 255 255 255 255 255 255 255 255 255 255 255 255 255 255 255 255 255 255 255 255 255 255 255 255 255 255 255 255 255 255 255 255 255 255 255 255 255 255 255 255 255 255 255 255 255 255 255 255 255 255 255 255 
255 255 255 255 255 255 255 255 255 255 255 255 255 255 255 255 255 255 255 255 255 255 255 255 255 255 255 255 255 255 255 255 255 255 255 255 255 255 255 255 255 255 255 255 255 255 255 255 255 255 255 255 255 255 255 255 255 255 255 255 255 255 255 255 255 255 255 255 255 255 255 255 
255 255 255 255 255 255 255 255 255 255 255 255 255 255 255 255 255 255 255 255 255 255 255 255 255 255 255 255 255 255 255 255 255 255 255 255 255 255 255 255 255 255 255 255 255 255 255 255 255 255 255 255 255 255 255 255 255 255 255 255 255 255 255 255 255 255 255 255 255 255 255 255 
255 255 255 255 255 255 255 255 255 255 255 255 255 255 255 255 255 255 255 255 255 255 255 255 255 255 255 255 255 255 255 255 255 255 255 255 255 255 255 255 255 255 255 255 255 255 255 255 255 255 255 255 255 255 255 255 255 255 255 255 255 255 255 255 255 255 255 255 255 255 255 255 
255 255 255 255 255 255 255 255 255 255 255 255 255 255 255 255 255 255 255 255 255 255 255 255 255 255 255 255 255 255 255 255 255 255 255 255 255 255 255 255 255 255 255 255 255 255 255 255 255 255 255 255 255 255 255 255 255 255 255 255 255 255 255 255 255 255 255 255 255 255 255 255 
255 255 255 255 255 255 255 255 255 255 255 249 204 153 102 219 255 255 255 255 255 255 255 255 255 255 255 255 255 255 255 255 255 255 255 255 255 255 255 255 255 255 255 255 255 255 255 255 255 255 255 255 255 255 255 175 181 255 255 255 255 255 255 255 255 255 255 255 255 255 255 255 
255 255 255 255 255 255 255 255 255 255 255 092 000 000 000 154 255 255 255 255 255 255 255 255 255 255 255 255 255 255 255 255 255 255 255 255 201 108 185 255 255 255 255 255 255 255 255 255 255 255 255 255 255 255 255 067 000 091 212 255 255 255 255 255 255 255 255 255 255 255 255 255 
255 255 255 255 255 255 255 255 255 255 255 186 000 000 000 095 255 255 255 255 255 255 255 255 255 255 255 255 255 255 255 254 215 159 104 038 000 000 048 254 255 255 255 255 255 255 255 255 255 255 255 255 255 255 232 003 000 000 000 081 255 255 255 255 255 255 255 255 255 255 255 255 
255 255 255 255 255 255 255 255 255 255 255 252 020 000 000 032 255 255 255 255 255 255 255 255 255 187 182 162 137 112 069 016 000 000 000 000 000 000 000 144 255 255 255 255 255 255 255 255 255 255 255 255 255 255 142 000 000 000 033 230 255 255 255 255 255 255 255 255 255 255 255 255 
255 255 255 255 140 144 168 191 199 205 210 216 079 000 000 000 195 208 198 188 168 141 168 255 255 038 000 000 000 000 000 000 000 000 000 000 000 000 000 004 188 255 255 255 255 255 255 255 255 255 255 255 255 254 036 000 000 001 191 255 255 255 255 255 255 255 255 255 255 255 255 246 
255 255 255 255 035 000 000 000 000 000 000 000 000 000 000 000 000 000 000 000 000 000 090 255 255 056 000 000 000 000 000 000 000 007 036 068 100 131 158 142 148 255 255 255 255 255 255 255 255 255 255 255 255 180 000 000 000 109 255 255 255 255 255 255 255 255 255 255 255 255 255 159 
255 255 255 255 035 000 000 000 000 000 000 000 000 000 000 000 000 000 000 000 000 000 090 255 255 074 000 000 035 163 176 200 231 254 255 255 255 255 255 255 255 255 255 255 255 255 255 255 255 255 255 255 255 071 000 000 037 245 255 255 255 255 255 255 255 255 255 255 255 255 255 055 
255 255 255 255 035 002 024 050 063 067 071 075 079 083 080 076 071 067 063 049 021 001 090 255 255 093 000 000 058 255 255 255 255 255 255 255 255 255 255 255 255 255 255 255 255 255 255 255 255 255 255 255 217 001 000 002 196 255 255 255 255 255 255 255 255 255 255 255 255 255 208 000 
255 255 255 255 232 251 255 255 255 217 255 255 255 255 255 255 246 245 255 255 255 248 236 255 255 106 000 000 058 255 255 255 255 255 255 255 255 255 255 255 255 255 255 255 255 255 255 255 255 255 255 255 105 000 000 110 255 255 255 255 255 255 255 255 255 255 255 255 255 255 104 000 
255 255 255 255 255 255 231 135 037 009 239 255 255 255 255 255 155 029 167 251 255 255 255 255 255 106 000 000 058 255 255 255 255 255 255 255 255 255 255 255 255 255 255 255 255 255 255 255 255 255 255 218 005 000 021 240 255 255 255 255 242 223 255 255 255 255 255 255 255 243 013 000 
255 255 255 255 255 255 199 002 000 000 144 255 255 255 255 255 055 000 000 016 147 255 255 255 255 105 000 000 058 255 255 255 255 255 255 255 255 255 255 255 255 255 255 255 255 255 255 255 255 255 255 083 000 000 156 255 255 255 255 255 151 014 163 255 255 255 255 255 255 137 000 000 
255 255 255 255 255 255 255 076 000 000 026 246 255 255 255 212 000 000 000 093 247 255 255 255 255 105 000 000 058 255 255 255 255 255 255 255 255 255 255 255 255 255 255 255 255 255 255 255 255 255 197 000 000 053 254 255 255 255 255 255 050 000 000 056 163 255 255 255 241 018 000 011 
255 255 255 255 255 255 255 183 000 000 000 138 255 255 255 095 000 000 073 253 255 255 255 255 255 104 000 000 058 255 255 255 255 255 255 255 255 255 255 255 255 255 255 255 255 255 255 255 255 251 053 000 001 200 255 255 255 255 255 183 000 000 000 000 081 249 255 255 126 000 000 132 
255 255 255 255 255 255 255 252 014 034 126 219 255 255 219 003 000 040 240 255 255 255 255 255 255 103 000 000 058 255 255 255 255 255 255 255 255 255 255 255 255 255 255 255 255 255 255 255 255 116 000 000 095 255 255 255 255 255 255 052 000 000 000 115 255 255 255 230 013 000 034 248 
255 255 208 133 154 175 197 211 173 212 213 214 215 215 089 000 004 162 191 183 173 150 128 255 255 103 000 000 039 171 171 171 171 171 171 170 168 151 131 109 076 255 255 255 255 255 255 255 179 001 000 010 206 216 203 190 177 164 122 000 000 000 065 252 255 255 248 055 000 000 175 255 
255 255 166 000 000 000 000 000 000 000 000 000 000 000 000 000 000 000 000 000 000 000 000 255 255 102 000 000 000 000 000 000 000 000 000 000 000 000 000 000 017 255 255 255 255 255 255 209 009 000 000 000 000 000 000 000 000 000 000 000 000 028 234 255 255 248 090 000 000 008 082 063 
255 255 166 000 000 000 000 000 000 000 000 000 000 000 000 000 000 000 000 000 000 000 000 255 255 095 000 000 000 000 000 000 000 000 000 000 000 000 000 000 017 255 255 255 255 255 255 246 019 000 000 000 000 000 000 000 000 000 000 000 007 201 255 255 255 176 000 000 000 000 000 000 
255 255 172 030 053 076 095 101 106 111 116 101 000 000 000 111 114 108 102 096 076 050 025 255 255 085 000 000 018 078 078 078 059 000 000 000 052 060 045 010 017 255 255 255 255 255 255 255 093 000 000 000 001 030 071 112 090 000 000 000 153 255 255 255 255 255 075 000 000 000 000 000 
255 255 255 255 255 255 255 255 255 255 255 214 000 000 000 235 255 255 255 255 255 255 255 255 255 076 000 000 065 255 255 255 191 000 000 000 180 255 255 252 216 255 255 255 255 255 255 255 156 068 144 199 243 255 255 238 028 000 000 093 255 255 255 255 255 255 173 000 035 088 136 176 
255 255 255 255 255 255 255 255 255 255 255 214 000 000 000 235 255 255 255 255 255 255 255 255 255 067 000 000 072 255 255 255 191 000 000 000 180 255 255 255 255 255 255 255 255 255 255 255 255 255 255 255 255 255 255 086 000 000 036 242 255 255 255 255 255 255 248 218 255 255 255 255 
255 255 255 255 255 255 255 255 255 255 255 214 000 000 000 235 255 255 255 255 255 255 255 255 255 055 000 000 079 255 255 255 191 000 000 000 180 255 255 255 255 255 255 255 255 255 255 255 255 255 255 255 255 255 163 000 000 005 203 255 255 255 255 255 255 255 255 255 255 255 255 199 
255 255 255 188 153 178 203 213 216 220 223 191 000 000 000 208 219 212 206 196 173 149 203 255 255 029 000 000 088 255 255 255 191 000 000 000 180 255 255 255 255 255 255 255 255 255 255 255 255 255 255 255 255 222 015 000 000 138 255 255 255 255 255 255 255 255 255 255 255 255 229 029 
255 255 255 112 000 000 000 000 000 000 000 000 000 000 000 000 000 000 000 000 000 000 146 255 253 004 000 000 111 255 255 255 191 000 000 000 180 255 255 255 255 255 255 255 255 255 255 255 255 255 255 255 234 038 000 000 069 254 255 255 255 255 255 255 255 255 255 255 255 237 043 000 
255 255 255 112 000 000 000 000 000 000 000 000 000 000 000 000 000 000 000 000 000 000 146 255 231 000 000 000 137 255 255 255 191 000 000 000 180 255 255 255 255 255 255 255 255 255 255 255 255 255 255 243 052 000 000 021 231 255 255 255 255 255 255 255 255 255 255 255 244 055 000 000 
255 255 255 112 000 017 041 053 059 065 070 063 000 000 000 060 063 061 058 051 023 001 146 255 204 000 000 000 163 255 255 255 191 000 000 000 180 255 255 255 255 255 255 255 255 255 255 255 255 255 242 069 000 000 001 182 255 255 255 255 255 255 255 255 255 255 255 230 061 000 000 004 
255 255 255 240 247 255 255 255 255 255 255 214 000 000 000 235 255 255 255 255 255 248 244 255 178 000 000 000 189 255 255 255 191 000 000 000 180 255 255 255 255 255 255 255 255 255 255 255 255 178 029 000 000 000 050 154 141 129 117 100 077 055 032 031 255 255 195 020 000 000 000 066 
255 255 255 255 255 255 177 086 201 255 255 214 000 000 000 235 255 247 187 255 255 255 255 255 151 000 000 000 215 255 255 255 191 000 000 000 180 255 255 255 255 255 255 255 255 255 255 255 193 000 000 000 000 000 000 000 000 000 000 000 000 000 000 051 255 255 230 003 000 000 000 000 
255 255 255 255 255 255 075 000 000 041 190 214 000 000 000 235 202 040 003 184 255 255 255 255 118 000 000 000 241 255 255 255 191 000 000 000 180 255 255 255 255 255 255 255 255 255 255 255 255 036 000 000 000 000 000 000 000 000 000 000 000 000 000 055 255 255 255 058 000 000 000 000 
255 255 255 255 255 219 003 000 000 113 253 214 000 000 000 231 047 000 000 016 218 255 255 255 053 000 000 031 255 255 255 255 191 000 000 000 180 255 255 255 255 255 255 255 255 255 255 255 255 106 000 001 019 042 066 085 096 106 117 127 137 148 158 185 255 255 255 105 047 098 118 127 
255 255 255 255 253 060 000 000 069 254 255 214 000 000 000 235 227 018 000 000 044 246 255 237 002 000 000 093 255 255 255 255 191 000 000 000 180 255 255 255 255 255 255 255 255 255 255 255 255 192 176 237 255 255 255 255 255 255 255 255 255 255 255 255 255 255 255 255 255 255 255 255 
255 255 255 255 142 000 000 014 228 255 255 214 000 000 000 235 255 161 000 000 000 098 255 171 000 000 000 154 255 255 255 255 191 000 000 000 180 255 255 255 255 255 255 255 255 255 255 255 255 255 255 255 255 255 255 255 255 255 255 255 255 255 255 255 255 255 255 255 255 255 255 255 
255 255 255 217 009 000 000 152 255 255 255 214 000 000 000 235 255 255 071 000 000 000 186 102 000 000 000 216 255 255 255 255 191 000 000 000 180 255 255 255 255 255 255 255 255 255 255 255 255 255 255 255 255 255 255 255 255 255 255 255 255 255 255 255 255 255 255 255 255 255 255 255 
255 255 246 055 000 000 062 254 255 255 255 212 000 000 000 235 255 255 216 002 007 146 250 029 000 000 022 255 255 255 255 255 191 000 000 000 180 255 255 255 255 255 255 255 255 255 255 255 255 255 255 255 255 255 255 255 255 255 255 255 255 255 255 255 255 255 255 255 255 255 255 255 
255 247 068 000 000 003 211 255 255 255 255 191 000 000 000 235 255 255 255 119 209 255 145 000 000 000 102 255 255 255 255 255 190 000 000 000 180 255 255 255 255 255 255 255 255 255 255 214 230 249 255 255 255 255 255 255 255 255 255 255 255 255 255 255 255 255 255 255 255 255 255 255 
255 199 095 012 000 099 255 255 255 255 255 135 000 000 000 236 255 255 255 255 255 237 018 000 000 000 213 255 255 255 255 255 187 000 000 000 176 255 255 255 255 255 255 255 255 255 255 013 000 000 011 020 027 034 041 048 055 062 069 076 077 078 079 079 080 081 080 080 079 078 078 077 
255 255 255 242 124 230 255 191 086 105 097 003 000 000 000 241 255 255 255 255 255 109 000 000 000 069 255 255 255 255 255 255 184 000 000 000 173 255 255 255 255 255 255 255 255 255 255 013 000 000 000 000 000 000 000 000 000 000 000 000 000 000 000 000 000 000 000 000 000 000 000 000 
255 255 255 255 255 255 255 255 051 000 000 000 000 000 034 255 255 255 255 255 193 004 000 000 000 181 255 255 255 255 255 255 180 000 000 000 169 255 255 255 255 255 255 255 255 255 255 013 000 000 000 000 000 000 000 000 000 000 000 000 000 000 000 000 000 000 000 000 000 000 000 000 
255 255 255 255 255 255 255 255 139 000 000 000 000 005 160 255 255 255 255 218 015 000 000 000 042 254 255 255 255 255 255 255 162 000 000 000 152 255 255 255 255 255 255 255 255 255 255 031 031 044 057 070 083 096 106 108 110 111 113 114 116 117 119 120 122 123 123 121 120 118 117 115 
255 255 255 255 255 255 255 255 213 000 001 050 120 208 255 255 255 255 255 255 220 125 019 001 192 255 255 255 255 255 255 255 139 000 000 000 128 255 255 255 255 255 255 255 255 255 255 255 255 255 255 255 255 255 255 255 255 255 255 255 255 255 255 255 255 255 255 255 255 255 255 255 
255 255 255 255 255 255 255 255 248 202 244 255 255 255 255 255 255 255 255 255 255 255 243 160 255 255 255 255 255 255 255 255 116 000 000 000 105 255 255 255 255 255 255 255 255 255 255 255 255 255 255 255 255 255 255 255 255 255 255 255 255 255 255 255 255 255 255 255 255 255 255 255 
255 255 255 255 255 255 255 255 255 255 255 255 255 255 255 255 255 255 255 255 255 255 255 255 255 255 255 255 255 255 255 255 241 230 230 230 240 255 255 255 255 255 255 255 255 255 255 255 255 255 255 255 255 255 255 255 255 255 255 255 255 255 255 255 255 255 255 255 255 255 255 255 
255 255 255 255 255 255 255 255 255 255 255 255 255 255 255 255 255 255 255 255 255 255 255 255 255 255 255 255 255 255 255 255 255 255 255 255 255 255 255 255 255 255 255 255 255 255 255 255 255 255 255 255 255 255 255 255 255 255 255 255 255 255 255 255 255 255 255 255 255 255 255 255 
255 255 255 255 255 255 255 255 255 255 255 255 255 255 255 255 255 255 255 255 255 255 255 255 255 255 255 255 255 255 255 255 255 255 255 255 255 255 255 255 255 255 255 255 255 255 255 255 255 255 255 255 255 255 255 255 255 255 255 255 255 255 255 255 255 255 255 255 255 255 255 255 
