255 252 211 232 255 255 255 255 255 255 255 255 255 255 255 255 255 255 255 255 255 255 255 255 255 255 255 255 255 255 255 255 255 255 255 255 255 255 245 078 128 175 184 184 232 255 255 255 255 255 255 255 255 255 255 255 255 255 255 255 255 255 255 255 255 255 255 255 255 255 255 255 
059 011 000 129 255 255 255 255 255 255 255 255 255 255 255 255 255 255 255 255 255 255 255 255 255 255 255 255 255 255 255 255 255 255 255 255 255 255 255 008 000 000 000 007 208 255 255 255 255 255 255 255 255 255 255 255 255 255 255 255 255 255 255 255 255 255 255 255 255 255 255 255 
000 000 000 055 255 255 255 255 255 255 255 255 255 255 255 255 255 255 255 255 255 255 255 255 255 255 255 255 255 255 255 255 255 255 255 255 255 255 252 002 000 000 000 137 255 255 255 255 255 255 255 255 255 255 255 255 255 255 255 255 255 255 255 255 255 255 255 255 255 255 255 255 
043 000 000 002 234 255 255 255 255 255 255 255 255 255 255 255 255 255 255 255 255 255 255 255 255 255 255 255 255 255 255 255 255 255 255 255 255 255 232 000 000 000 016 245 255 255 255 255 255 255 255 255 255 255 255 255 255 255 255 255 255 255 255 255 255 255 255 255 255 255 255 255 
118 000 000 000 135 255 255 255 255 255 255 255 255 255 255 255 255 255 255 255 255 255 255 255 206 043 058 073 087 102 116 120 124 127 130 134 137 140 121 000 000 000 050 142 140 137 135 132 130 127 125 120 105 090 075 060 045 184 255 255 255 255 255 255 255 255 255 255 255 255 255 255 
216 001 000 000 025 249 255 255 255 255 255 255 255 255 255 255 255 255 255 255 255 255 255 255 198 000 000 000 000 000 000 000 000 000 000 000 000 000 000 000 000 000 000 000 000 000 000 000 000 000 000 000 000 000 000 000 000 172 255 255 255 255 255 255 255 255 255 255 255 255 255 255 
255 072 000 000 000 158 255 255 255 255 255 255 255 255 255 255 255 255 255 255 255 255 255 255 198 000 000 000 000 000 000 000 000 000 000 000 000 003 002 000 000 000 005 003 001 000 000 000 000 000 000 000 000 000 000 000 000 172 255 255 255 255 255 255 255 255 255 255 255 255 255 255 
255 182 000 000 000 043 255 255 255 255 255 255 255 255 255 255 255 255 255 255 255 255 255 255 232 161 176 191 206 221 234 238 241 245 248 252 255 255 082 000 000 050 255 255 255 255 253 251 249 248 246 239 224 208 193 178 162 222 255 255 255 255 255 255 255 255 255 255 255 255 255 255 
255 254 038 000 000 000 181 255 255 255 255 255 255 255 255 255 255 255 255 255 255 255 255 255 255 255 255 255 255 255 255 255 255 255 255 255 255 255 031 000 000 111 255 255 255 255 255 255 255 255 255 255 255 255 255 255 255 255 255 255 255 255 255 255 255 255 255 255 255 255 255 214 
255 255 146 000 000 000 031 237 255 255 255 255 255 255 255 255 255 255 255 255 255 255 255 255 255 255 252 255 255 255 255 255 255 255 255 255 255 223 000 000 000 184 255 255 255 255 255 255 255 255 255 255 255 255 255 252 255 255 255 255 255 255 255 255 255 255 255 255 255 248 126 006 
255 255 243 018 000 000 000 073 251 255 255 255 255 255 255 255 255 255 255 255 255 255 255 255 255 255 046 013 032 052 072 088 090 091 093 095 097 068 000 000 000 093 099 099 099 096 095 093 091 089 086 067 048 028 009 096 255 255 255 255 255 255 255 255 255 255 255 255 192 040 000 000 
255 255 255 165 000 000 000 000 086 252 255 255 255 255 255 255 255 255 255 255 255 255 255 255 255 255 045 000 000 000 000 000 000 000 000 000 000 000 000 000 000 000 000 000 000 000 000 000 000 000 000 000 000 000 000 096 255 255 255 255 255 255 255 255 255 255 195 066 000 000 000 000 
255 255 255 255 083 000 000 000 000 089 252 255 255 255 255 255 255 255 255 255 255 255 255 255 255 255 045 000 000 000 004 014 016 019 022 025 020 000 000 000 025 028 028 028 028 025 023 020 017 014 009 000 000 000 000 096 255 255 255 255 255 255 255 255 255 255 224 043 000 000 000 007 
255 255 255 255 240 039 000 000 000 000 055 217 255 255 255 255 255 255 255 255 255 255 255 255 255 255 194 199 219 239 254 255 255 255 255 255 123 000 000 037 254 255 255 255 255 255 255 255 255 255 255 248 230 212 193 208 255 255 255 255 255 255 255 255 255 255 255 221 018 000 010 119 
255 255 255 255 255 216 015 000 000 000 000 009 145 254 255 255 255 255 255 255 255 255 255 255 255 255 255 255 255 255 255 255 255 255 255 242 018 000 000 150 255 255 255 255 255 255 255 255 255 255 255 255 255 255 255 255 255 255 255 255 255 255 255 255 255 255 255 255 149 107 178 000 
255 255 255 255 255 255 196 016 000 000 000 000 000 066 225 255 255 255 255 255 255 255 255 255 255 255 255 255 255 255 255 255 255 255 255 108 000 000 032 249 255 255 255 255 255 255 255 255 255 255 255 255 255 255 255 255 255 255 255 255 255 255 255 255 255 255 255 255 254 255 216 000 
255 255 255 255 255 255 255 209 024 000 000 000 000 000 009 100 212 255 255 255 255 255 212 030 046 062 078 094 108 110 112 114 116 117 111 002 000 000 059 120 120 120 120 120 120 120 120 118 117 115 113 112 110 105 089 074 058 042 040 255 255 255 255 255 255 255 255 255 255 255 229 000 
255 255 255 255 255 255 249 243 202 033 000 000 000 000 000 000 094 254 255 255 255 255 207 000 000 000 000 000 000 000 000 000 000 000 000 000 000 000 000 000 000 000 000 000 000 000 000 000 000 000 000 000 000 000 000 000 000 000 013 255 255 255 255 255 255 255 255 255 255 255 233 000 
016 014 013 012 006 001 000 000 006 230 045 000 000 000 000 061 252 255 255 255 255 255 207 000 000 000 000 000 000 000 000 001 004 000 000 000 001 007 007 007 007 007 007 007 007 004 000 000 000 005 001 000 000 000 000 000 000 000 013 255 255 255 255 255 255 255 255 255 255 255 237 000 
000 000 000 000 000 000 000 000 027 255 239 073 000 000 020 228 255 255 255 255 255 255 236 164 181 198 216 232 240 246 251 253 086 000 000 000 162 255 255 255 255 255 255 255 255 219 004 000 000 119 255 251 245 239 230 212 195 177 165 255 255 255 255 255 255 255 255 255 255 255 237 000 
000 000 000 000 000 000 000 000 049 255 255 254 142 006 163 255 255 255 255 255 255 255 255 255 255 255 255 255 255 255 248 089 000 000 000 099 255 255 255 255 255 255 255 255 255 255 125 000 000 000 110 250 255 255 255 255 255 255 255 255 255 255 255 255 255 255 255 255 255 255 237 000 
125 125 125 125 107 000 000 000 072 255 255 255 255 213 254 255 255 255 255 255 255 255 255 255 255 255 255 255 255 237 062 000 000 000 064 247 255 255 255 255 255 255 255 255 255 255 252 064 000 000 000 056 223 255 255 255 255 255 255 255 255 255 255 255 255 255 255 255 255 255 237 000 
255 255 255 255 201 000 000 000 094 255 255 255 255 255 255 255 255 255 255 255 255 255 255 255 255 255 255 255 209 039 000 000 000 052 242 255 255 255 255 255 255 255 255 255 255 255 255 235 047 000 000 000 006 095 211 255 255 255 255 255 255 255 255 255 255 255 255 255 255 255 237 000 
255 255 255 255 179 000 000 000 117 255 255 255 255 255 255 255 255 255 255 255 255 255 255 255 255 255 251 130 005 000 000 000 000 023 039 045 052 053 053 053 053 053 051 050 049 048 043 037 022 000 000 000 000 000 000 064 130 191 246 255 255 255 255 255 255 255 255 255 255 255 237 000 
255 255 255 255 157 000 000 000 139 255 255 255 255 255 255 255 255 255 255 255 255 255 255 255 255 210 050 000 000 000 000 000 000 000 000 000 000 000 000 000 000 000 000 000 000 000 000 000 000 000 000 000 000 000 000 000 000 000 006 036 111 255 255 255 255 255 255 255 255 255 237 000 
255 255 255 255 134 000 000 000 161 255 255 255 255 255 255 255 255 255 255 255 255 255 255 244 128 006 000 000 000 000 006 000 000 004 063 063 063 063 063 063 063 063 063 063 063 063 063 063 042 000 000 000 026 000 000 000 000 000 000 000 191 255 255 255 255 255 255 255 255 255 237 000 
255 255 255 255 112 000 000 000 184 255 255 255 255 255 255 255 255 255 255 255 255 244 136 020 000 000 000 000 002 131 095 000 000 019 255 255 255 255 255 255 255 255 255 255 255 255 255 255 169 000 000 000 190 166 033 000 000 000 000 067 255 255 255 255 255 255 255 255 255 255 237 000 
255 255 255 255 090 000 000 000 206 255 255 255 255 255 255 255 255 255 255 255 246 050 000 000 000 000 000 016 182 255 096 000 000 019 255 255 255 255 255 255 255 255 255 255 255 255 255 255 169 000 000 000 191 255 249 154 050 000 000 166 255 255 255 255 255 255 255 255 255 255 237 000 
255 255 255 255 068 000 000 000 229 255 255 255 255 255 255 255 255 255 255 255 255 232 037 000 000 000 065 222 255 255 096 000 000 019 255 255 255 255 255 255 255 255 255 255 255 255 255 255 169 000 000 000 191 255 255 255 255 203 104 245 255 255 255 255 255 255 255 255 255 255 237 000 
255 255 255 255 046 000 000 001 250 255 255 255 255 255 255 255 255 255 255 255 255 255 226 027 014 152 254 255 255 255 096 000 000 003 041 041 041 041 041 041 041 041 041 041 041 041 041 041 027 000 000 000 191 255 255 255 255 255 255 255 255 255 255 255 255 255 255 255 255 255 237 000 
255 255 255 255 024 000 000 017 255 255 255 255 255 255 255 255 255 255 255 255 255 255 255 198 227 255 255 255 255 255 096 000 000 000 000 000 000 000 000 000 000 000 000 000 000 000 000 000 000 000 000 000 191 255 255 255 255 255 255 255 255 255 255 255 255 255 255 255 255 255 237 000 
255 255 255 254 004 000 000 040 255 255 255 255 255 255 255 255 255 255 255 255 255 255 255 255 255 255 255 255 255 255 096 000 000 005 075 075 075 075 075 075 075 075 075 075 075 075 075 075 050 000 000 000 191 255 255 255 255 255 255 255 255 255 255 255 255 255 255 255 255 255 237 000 
255 255 255 229 000 000 000 062 255 255 255 255 255 255 255 255 255 255 255 255 255 255 255 255 255 255 255 255 255 255 096 000 000 019 255 255 255 255 255 255 255 255 255 255 255 255 255 255 169 000 000 000 191 255 255 255 255 255 255 255 255 255 255 255 255 255 255 255 255 255 238 000 
255 255 255 163 000 000 000 084 255 255 255 255 255 255 255 255 255 255 255 255 255 255 255 255 255 255 255 255 255 255 096 000 000 019 255 255 255 255 255 255 255 255 255 255 255 255 255 255 169 000 000 000 191 255 255 255 255 255 255 255 255 255 255 255 255 255 255 255 255 255 241 000 
255 255 251 056 000 000 000 107 255 255 255 255 255 255 255 255 255 255 255 255 255 255 255 255 255 255 255 255 255 255 096 000 000 019 255 255 255 255 255 255 255 255 255 255 255 255 255 255 169 000 000 000 189 255 255 255 255 255 255 255 255 255 255 255 255 255 255 255 255 255 254 013 
182 160 043 000 000 000 000 134 255 255 255 255 255 255 255 255 255 255 255 255 255 255 255 255 255 255 255 255 255 255 096 000 000 006 085 085 085 085 085 085 085 085 085 085 085 085 085 085 057 000 000 000 184 255 255 255 255 255 255 255 255 255 255 255 255 255 255 255 255 255 255 060 
000 000 000 000 000 000 000 193 255 255 255 255 255 255 255 255 255 255 255 255 255 255 255 255 255 255 255 255 255 255 091 000 000 000 000 000 000 000 000 000 000 000 000 000 000 000 000 000 000 000 000 000 178 255 255 255 255 255 255 255 255 255 255 255 255 255 255 255 255 255 255 120 
000 000 000 000 000 000 056 255 255 255 255 255 255 255 255 255 255 255 255 255 255 255 255 255 255 255 255 255 255 255 087 000 000 000 000 000 000 000 000 000 000 000 000 000 000 000 000 000 000 000 000 000 161 255 255 255 255 255 255 255 255 255 255 255 255 255 255 255 255 255 255 250 
000 000 000 000 000 076 229 255 255 255 255 255 255 255 255 255 255 255 255 255 255 255 255 255 255 255 255 255 255 255 071 000 000 019 254 254 254 254 254 254 254 254 254 254 254 254 254 254 169 000 000 000 131 255 255 255 255 255 255 255 255 255 255 255 255 255 255 255 255 255 255 255 
000 003 055 122 192 255 255 255 255 255 255 255 255 255 255 255 255 255 255 255 255 255 255 255 255 255 255 255 255 255 038 000 000 019 255 255 255 255 255 255 255 255 255 255 255 255 255 255 187 051 051 051 134 255 255 255 255 255 255 255 255 255 255 255 255 255 255 255 255 255 255 255 
211 247 255 255 255 255 255 255 255 255 255 255 255 255 255 255 255 255 255 255 255 255 255 255 255 255 255 255 255 255 136 128 128 138 255 255 255 255 255 255 255 255 255 255 255 255 255 255 255 255 255 255 255 255 255 255 255 255 255 255 255 255 255 255 255 255 255 255 255 255 255 255 
255 255 255 255 255 255 255 255 255 255 255 255 255 255 255 255 255 255 255 255 255 255 255 255 255 255 255 255 255 255 255 255 255 255 255 255 255 255 255 255 255 255 255 255 255 255 255 255 255 255 255 255 255 255 255 255 255 255 255 255 255 255 255 255 255 255 255 255 255 255 255 255 
255 255 255 255 255 255 255 255 255 255 255 255 255 255 255 255 255 255 255 255 255 255 255 255 255 255 255 255 255 255 255 255 255 255 255 255 255 255 255 255 255 255 255 255 255 255 255 255 255 255 255 255 255 255 255 255 255 255 255 255 255 255 255 255 255 255 255 255 255 255 255 255 
255 255 255 255 255 255 255 255 255 255 255 255 255 255 255 255 255 255 255 255 255 255 255 255 255 255 255 255 255 255 255 255 255 255 255 255 255 255 255 255 255 255 255 255 255 255 255 255 255 255 255 255 255 255 255 255 255 255 255 255 255 255 255 255 255 255 255 255 255 255 255 255 
255 255 255 255 255 255 255 255 255 255 255 255 255 255 255 255 255 255 255 255 255 255 255 255 255 255 255 255 255 255 255 255 255 255 255 255 255 255 255 255 255 255 255 255 255 255 255 255 255 255 255 255 255 255 255 255 255 255 255 255 255 255 255 255 255 255 255 255 255 255 255 255 
255 255 255 255 255 255 255 255 255 255 255 255 255 255 255 255 255 255 255 255 255 255 255 255 255 255 255 255 255 255 255 255 255 255 255 255 255 255 255 255 255 255 255 255 255 255 255 255 255 255 255 255 255 255 255 255 255 255 255 255 255 255 255 255 255 255 255 255 255 255 255 255 
255 255 255 255 255 255 255 255 255 255 255 255 255 255 255 255 255 255 255 255 255 255 255 255 255 255 255 255 255 255 255 255 255 255 255 255 255 255 255 255 255 255 255 255 255 255 255 255 255 255 255 255 255 255 255 255 255 255 255 255 255 255 255 255 255 255 255 255 255 255 255 255 
255 255 255 255 255 255 255 255 255 255 255 255 255 255 255 255 255 255 255 255 255 255 255 255 255 255 255 255 255 255 255 255 255 255 255 255 255 255 255 255 255 255 255 255 255 255 255 255 255 255 255 255 255 255 255 255 255 255 255 255 255 255 255 255 255 255 255 255 255 255 255 255 
255 255 255 255 255 255 255 255 255 255 255 255 255 255 255 255 255 255 255 255 255 255 255 255 255 255 255 255 255 255 255 255 255 255 255 255 255 255 255 255 255 255 255 255 255 255 255 255 255 255 255 255 255 255 255 255 255 255 255 255 255 255 255 255 255 255 255 255 255 255 255 255 
255 255 255 255 255 255 255 255 255 255 255 255 255 255 255 255 255 255 255 255 255 255 255 255 255 255 255 255 255 255 255 255 255 255 255 255 255 255 255 255 255 255 255 255 255 255 255 255 255 255 255 255 255 255 255 255 255 255 255 255 255 255 255 255 255 255 255 255 255 255 255 255 
255 255 255 255 255 255 255 255 255 255 255 255 255 255 255 255 255 255 255 255 255 255 255 255 255 255 255 255 255 255 255 255 255 255 255 255 255 255 255 255 255 255 255 255 255 255 255 255 255 255 255 255 255 255 255 255 255 255 255 255 255 255 255 255 255 255 255 255 255 255 255 255 
255 255 255 255 255 255 255 255 255 255 255 255 255 255 255 255 255 255 255 255 255 255 255 255 255 255 255 255 255 255 255 255 255 255 255 255 255 255 255 255 255 255 255 255 255 255 255 255 255 255 255 255 255 255 255 255 255 255 255 255 255 255 255 255 255 255 255 255 255 255 255 255 
255 255 255 255 255 255 255 255 255 255 255 255 255 255 255 255 255 255 255 255 255 255 255 255 255 255 255 255 255 255 255 255 255 255 255 255 255 255 255 255 255 255 255 255 255 255 255 255 255 255 255 255 255 255 255 255 255 255 255 255 255 255 255 255 255 255 255 255 255 255 255 255 
255 255 255 255 255 255 255 255 255 255 255 255 255 255 255 255 255 255 255 255 255 255 255 255 255 255 255 255 255 255 255 255 255 255 255 255 255 255 255 255 255 255 255 255 255 255 255 255 255 255 255 255 255 255 255 255 255 255 255 255 255 255 255 255 255 255 255 255 255 255 255 255 
255 255 255 255 255 255 255 255 255 255 255 255 255 255 255 255 255 255 255 255 255 255 255 255 255 255 255 255 255 255 255 255 255 255 255 255 255 255 255 255 255 255 255 255 255 255 255 255 255 255 255 255 255 255 255 255 255 255 255 255 255 255 255 255 255 255 255 255 255 255 255 255 
255 255 255 255 255 255 255 255 255 255 255 255 255 255 255 255 255 255 255 255 255 255 255 255 255 255 255 255 255 255 255 255 255 255 255 255 255 255 255 255 255 255 255 255 255 255 255 255 255 255 255 255 255 255 255 255 255 255 255 255 255 255 255 255 255 255 255 255 255 255 255 255 
255 255 255 255 255 255 255 255 255 255 255 255 255 255 255 255 255 255 255 255 255 255 255 255 255 255 255 255 255 255 255 255 255 255 255 255 255 255 255 255 255 255 255 255 255 255 255 255 255 255 255 255 255 255 255 255 255 255 255 255 255 255 255 255 255 255 255 255 255 255 255 255 
255 255 255 255 255 255 255 255 255 255 255 255 255 255 255 255 255 255 255 255 255 255 255 255 255 255 255 255 255 255 255 255 255 255 255 255 255 255 255 255 255 255 255 255 255 255 255 255 255 255 255 255 255 255 255 255 255 255 255 255 255 255 255 255 255 255 255 255 255 255 255 255 
255 255 255 255 255 255 255 255 255 255 255 255 255 255 255 255 255 255 255 255 255 255 255 255 255 255 255 255 255 255 255 255 255 255 255 255 255 255 255 255 255 255 255 255 255 255 255 255 255 255 255 255 255 255 255 255 255 255 255 255 255 255 255 255 255 255 255 255 255 255 255 255 
255 255 255 255 255 255 255 255 255 255 255 255 255 255 255 255 255 255 255 255 255 255 255 255 255 255 255 255 255 255 255 255 255 255 255 255 255 255 255 255 255 255 255 255 255 255 255 255 255 255 255 255 255 255 255 255 255 255 255 255 255 255 255 255 255 255 255 255 255 255 255 255 
255 255 255 255 255 255 255 255 255 255 255 255 255 255 255 255 255 255 255 255 255 255 255 255 255 255 255 255 255 255 255 255 255 255 255 255 255 255 255 255 255 255 255 255 255 255 255 255 255 255 255 255 255 255 255 255 255 255 255 255 255 255 255 255 255 255 255 255 255 255 255 255 
255 255 255 255 255 255 255 255 255 255 255 255 255 255 255 255 255 255 255 255 255 255 255 255 255 255 255 255 255 255 255 255 255 255 255 255 255 255 255 255 255 255 255 255 255 255 255 255 255 255 255 255 255 255 255 255 255 255 255 255 255 255 255 255 255 255 255 255 255 255 255 255 
255 255 255 255 255 255 255 255 255 255 255 255 255 255 255 255 255 255 255 255 255 255 255 255 255 255 255 255 255 255 255 255 255 255 255 255 255 255 255 255 255 255 255 255 255 255 255 255 255 255 255 255 255 255 255 255 255 255 255 255 255 255 255 255 255 255 255 255 255 255 255 255 
255 255 255 255 255 255 255 255 255 255 255 255 255 255 255 255 255 255 255 255 255 255 255 255 255 255 255 255 255 255 255 255 255 255 255 255 255 255 255 255 255 255 255 255 255 255 255 255 255 255 255 255 255 255 255 255 255 255 255 255 255 255 255 255 255 255 255 255 255 255 255 255 
255 255 255 255 255 255 255 255 255 255 255 255 255 255 255 255 255 255 255 255 255 255 255 255 255 255 255 255 255 255 255 255 255 255 255 255 255 255 255 255 255 255 255 255 255 255 255 255 255 255 255 255 255 255 255 255 255 255 255 255 255 255 255 255 255 255 255 255 255 255 255 255 
255 255 255 255 255 255 255 255 255 255 255 255 255 255 255 255 255 255 255 255 255 255 255 255 255 255 255 255 255 255 255 255 255 255 255 255 255 255 255 255 255 255 255 255 255 255 255 255 255 255 255 255 255 255 255 255 255 255 255 255 255 255 255 255 255 255 255 255 255 255 255 255 
255 255 255 255 255 255 255 255 255 255 255 255 255 255 255 255 255 255 255 255 255 255 255 255 255 255 255 255 255 255 255 255 255 255 255 255 255 255 255 255 255 255 255 255 255 255 255 255 255 255 255 255 255 255 255 255 255 255 255 255 255 255 255 255 255 255 255 255 255 255 255 255 
255 255 255 255 255 255 255 255 255 255 255 255 255 255 255 255 255 255 255 255 255 255 255 255 255 255 255 255 255 255 255 255 255 255 255 255 255 255 245 255 255 255 255 255 255 255 255 255 255 255 255 255 255 255 255 255 255 255 255 255 255 255 255 255 255 255 255 255 255 255 255 255 
255 255 255 255 255 255 255 255 255 255 255 255 255 255 255 255 255 255 255 255 255 255 255 255 255 255 255 255 255 255 255 255 255 255 255 255 255 255 070 041 132 209 251 255 255 255 255 255 255 255 255 255 255 255 255 255 255 255 255 255 255 255 255 255 255 255 255 255 255 255 255 255 
255 255 255 255 255 255 255 255 255 255 255 255 255 255 255 255 255 255 255 255 255 255 255 255 255 255 255 255 255 255 255 255 255 255 255 255 255 197 000 000 000 000 008 058 240 255 255 255 255 255 255 255 255 255 255 255 255 255 255 255 255 255 255 255 255 255 255 255 255 255 255 255 
255 255 255 255 255 255 255 255 255 255 255 255 255 255 255 255 255 255 255 255 255 255 255 255 255 255 255 255 255 255 255 255 255 255 255 255 254 064 000 000 000 000 002 195 255 255 255 255 255 255 255 255 255 255 255 255 255 255 255 255 255 255 255 255 255 255 255 255 255 255 255 255 
130 130 131 130 129 128 128 127 126 122 114 106 168 255 255 255 255 255 255 255 255 255 255 255 255 255 255 255 255 255 255 255 255 255 255 255 137 000 000 000 000 000 000 120 255 255 255 255 255 255 255 255 255 255 255 255 255 255 255 255 255 255 255 255 255 255 255 255 255 255 255 255 
000 000 000 000 000 000 000 000 000 000 000 000 121 255 255 255 255 255 255 255 255 255 255 255 255 255 255 255 255 255 255 255 255 255 255 197 004 000 000 000 111 008 000 004 207 255 255 255 255 255 255 255 255 255 255 255 255 255 255 255 255 255 255 255 255 255 255 255 255 255 255 255 
000 000 000 000 000 000 000 000 000 000 000 000 128 255 255 255 255 255 255 255 255 255 255 255 255 255 255 255 255 255 255 255 255 255 236 029 000 000 000 095 255 115 000 000 028 221 255 255 255 255 255 255 255 255 255 255 255 255 255 255 255 255 255 255 255 255 255 255 255 255 255 255 
129 129 129 129 129 129 129 129 129 000 000 000 128 255 255 255 255 255 255 255 255 255 255 255 255 255 255 255 255 255 255 255 255 254 075 000 000 000 064 249 255 244 039 000 000 031 224 255 255 255 255 255 255 255 255 255 255 255 255 255 255 255 255 255 255 255 255 255 255 255 255 255 
255 255 255 255 255 255 255 255 254 000 000 000 128 255 255 255 255 255 255 255 255 255 255 255 255 255 255 255 255 255 255 255 255 131 000 000 000 058 243 255 255 255 205 006 000 000 034 227 255 255 255 255 255 255 255 255 255 255 255 255 255 255 255 255 255 255 255 255 255 255 255 255 
255 255 255 255 255 255 255 255 254 000 000 000 128 255 255 255 255 255 255 255 255 255 255 255 255 255 255 255 255 255 255 255 123 000 000 000 054 241 255 255 255 255 255 142 000 000 000 037 224 255 255 255 255 255 255 255 255 255 255 255 255 255 255 255 255 255 255 255 255 255 255 255 
219 219 219 219 219 219 219 219 219 000 000 000 128 255 255 255 255 255 255 255 255 255 255 255 255 255 255 255 255 255 253 102 000 000 000 051 239 255 255 255 255 255 255 255 122 000 000 000 012 141 252 255 255 255 255 255 255 255 255 255 255 255 255 255 255 255 255 255 255 255 255 255 
000 000 000 000 000 000 000 000 000 000 000 000 128 255 255 255 255 255 255 255 255 255 255 255 255 255 255 255 255 248 083 000 000 000 047 237 255 255 255 255 255 255 255 255 255 117 000 000 000 000 048 200 255 255 255 255 255 255 255 255 255 255 255 255 255 255 255 255 255 255 255 255 
000 000 000 000 000 000 000 000 000 000 000 000 128 255 255 255 255 255 255 255 255 255 255 255 255 255 255 255 242 065 000 000 000 044 235 255 255 255 255 255 255 255 255 255 255 255 128 001 000 000 000 002 103 209 255 255 255 255 255 255 255 255 255 255 255 255 255 255 255 255 255 255 
175 175 175 175 175 175 175 175 175 000 000 000 128 255 255 255 255 255 255 255 255 255 255 255 255 255 255 182 032 000 000 000 056 235 255 255 255 255 255 255 255 255 255 255 255 255 255 180 016 000 000 000 000 000 040 125 212 255 255 255 255 255 255 255 255 255 255 255 255 255 255 255 
255 255 255 255 255 255 255 255 254 000 000 000 128 255 255 255 255 255 255 255 255 255 255 255 255 232 087 000 000 000 000 080 246 255 255 255 255 255 255 255 255 255 255 255 255 255 255 255 220 050 000 000 000 000 000 000 000 042 096 131 213 255 255 255 255 255 255 255 255 255 255 255 
255 255 255 255 255 255 255 255 254 000 000 000 128 255 255 255 255 255 255 255 255 255 255 254 153 016 000 000 000 000 051 195 211 225 237 240 242 244 246 248 250 248 246 244 243 241 239 228 215 197 071 000 000 000 000 000 000 000 000 045 244 255 255 255 255 255 255 255 255 255 255 255 
252 252 252 252 252 252 252 252 252 000 000 000 128 255 255 255 255 255 255 255 255 253 177 058 000 000 000 000 006 033 000 000 000 000 000 000 000 000 000 000 000 000 000 000 000 000 000 000 000 000 000 024 107 005 000 000 000 000 000 195 255 255 255 255 255 255 255 255 255 255 255 255 
000 000 000 000 000 000 000 000 000 000 000 000 128 255 255 255 255 255 255 255 222 038 000 000 000 000 000 029 200 097 000 000 000 000 000 000 000 000 000 000 000 000 000 000 000 000 000 000 000 000 000 033 255 221 090 003 000 000 085 255 255 255 255 255 255 255 255 255 255 255 255 255 
000 000 000 000 000 000 000 000 000 000 000 000 128 255 255 255 255 255 255 255 255 196 020 000 000 000 072 235 255 097 000 000 000 000 000 000 000 000 000 000 000 000 000 000 000 000 000 000 000 000 000 033 255 255 255 226 123 023 198 255 255 255 255 255 255 255 255 255 255 255 255 255 
132 132 132 132 132 132 132 132 132 000 000 000 128 255 255 255 255 255 255 255 255 255 220 029 016 157 255 255 255 197 176 195 213 228 234 239 244 249 244 000 000 000 115 251 246 241 236 231 219 200 181 175 255 255 255 255 255 250 255 255 255 255 255 255 255 255 255 255 255 255 255 255 
255 255 255 255 255 255 255 255 254 000 000 000 128 255 255 255 255 255 255 255 255 255 255 212 229 255 255 255 255 255 255 255 255 255 255 255 255 255 245 000 000 000 115 255 255 255 255 255 255 255 255 255 255 255 255 255 255 255 255 255 255 255 255 255 255 255 255 255 255 255 255 255 
255 255 255 255 255 255 255 255 254 000 000 000 128 255 255 255 255 255 255 255 255 255 255 255 255 255 255 255 255 255 255 255 255 255 255 255 255 255 245 000 000 000 115 255 255 255 255 255 255 255 255 255 255 255 255 255 255 255 255 255 255 255 255 255 255 255 255 255 255 255 255 255 
255 255 255 255 255 255 255 255 254 000 000 000 128 255 255 255 255 255 255 255 255 255 255 255 255 255 255 255 255 255 255 255 255 255 255 255 255 255 245 000 000 000 115 255 255 255 255 255 255 255 255 255 255 255 255 255 255 255 255 255 255 255 255 255 255 255 255 255 255 255 255 255 
050 050 050 050 050 050 050 050 050 000 000 000 128 255 255 255 255 255 255 255 255 255 255 255 255 255 255 255 255 255 255 255 255 255 255 255 255 255 245 000 000 000 115 255 255 255 255 255 255 255 255 255 255 255 255 255 255 255 255 255 255 255 255 255 255 255 255 255 255 255 255 255 
000 000 000 000 000 000 000 000 000 000 000 000 128 255 255 255 255 255 255 255 255 255 255 255 255 255 255 224 225 238 251 255 255 255 255 255 255 255 245 000 000 000 115 255 255 255 255 255 255 255 254 243 230 217 251 255 255 255 255 255 255 255 255 255 255 255 255 255 255 255 255 255 
077 077 077 077 077 077 077 077 077 000 000 000 128 255 255 255 255 255 255 255 255 255 255 255 255 255 255 060 000 000 000 008 017 020 024 029 033 037 040 000 000 000 019 039 035 030 026 022 018 013 002 000 000 000 230 255 255 255 255 255 255 255 255 255 255 255 255 255 255 255 255 255 
255 255 255 255 255 255 255 255 254 000 000 000 128 255 255 255 255 255 255 255 255 255 255 255 255 255 255 060 000 000 000 000 000 000 000 000 000 000 000 000 000 000 000 000 000 000 000 000 000 000 000 000 000 000 230 255 255 255 255 255 255 255 255 255 255 255 255 255 255 255 255 255 
255 255 255 255 255 255 255 255 254 000 000 000 128 255 255 255 255 255 255 255 255 255 255 255 255 255 255 060 000 000 000 000 000 000 000 000 000 000 000 000 000 000 000 000 000 000 000 000 000 000 000 000 000 000 230 255 255 255 255 255 255 255 255 255 255 255 255 255 255 255 255 255 
255 255 255 255 255 255 255 255 254 000 000 000 128 255 255 255 255 255 255 255 255 255 255 255 255 255 255 129 103 118 134 149 159 163 167 171 175 179 176 000 000 000 083 181 177 172 168 164 160 154 140 124 109 093 239 255 255 255 255 255 255 255 255 255 255 255 255 255 255 255 255 255 
172 172 172 172 172 172 172 172 172 000 000 000 085 161 151 125 117 255 255 255 255 255 255 255 255 255 255 255 255 255 255 255 255 255 255 255 255 255 245 000 000 000 115 255 255 255 255 255 255 255 255 255 255 255 255 255 255 255 255 255 255 255 255 255 255 255 255 255 255 255 254 255 
000 000 000 000 000 000 000 000 000 000 000 000 000 000 000 000 032 255 255 255 255 255 255 255 255 255 255 255 255 255 255 255 255 255 255 255 255 255 245 000 000 000 115 255 255 255 255 255 255 255 255 255 255 255 255 255 255 255 255 255 255 255 255 255 255 255 255 183 077 008 002 034 
000 000 000 000 000 000 000 000 000 000 000 000 000 000 000 000 032 255 255 255 255 255 255 255 255 255 255 255 255 255 255 255 255 255 255 255 255 255 245 000 000 000 115 255 255 255 255 255 255 255 255 255 255 255 255 255 255 255 255 255 255 255 255 255 255 255 126 000 000 035 051 009 
143 144 144 144 144 144 144 144 144 144 144 144 144 142 130 118 125 255 255 255 255 255 255 255 255 255 255 255 255 255 255 255 255 255 255 255 255 255 245 000 000 000 115 255 255 255 255 255 255 255 255 255 255 255 255 255 255 255 255 255 255 255 255 255 255 159 000 034 199 255 255 237 
255 255 255 255 255 254 123 171 255 255 255 255 255 255 255 255 255 255 255 255 255 255 255 255 255 255 255 255 255 255 255 255 255 255 255 255 255 255 245 000 000 000 115 255 255 255 255 255 255 255 255 255 255 255 255 255 255 255 255 255 255 255 255 255 255 045 006 224 255 255 255 255 
255 255 255 255 250 089 000 000 062 206 255 255 255 255 255 255 255 255 255 255 255 255 255 255 255 255 255 255 255 255 255 255 255 255 255 255 255 255 245 000 000 000 115 255 255 255 255 255 255 255 255 255 255 255 255 255 255 255 255 255 255 255 255 255 216 000 086 255 255 255 255 255 
255 255 255 255 092 000 000 000 000 002 098 232 255 255 255 255 255 255 255 255 255 255 255 193 166 181 196 211 226 241 245 247 249 251 252 255 255 255 245 000 000 000 115 255 255 252 248 245 242 239 236 230 216 202 189 175 161 216 255 255 255 255 255 255 201 000 118 255 255 255 255 255 
255 255 255 255 241 123 010 000 000 000 000 015 143 251 255 255 255 255 255 255 255 255 255 098 000 000 000 000 000 000 000 000 000 000 000 000 000 002 004 000 000 000 002 002 000 000 000 000 000 000 000 000 000 000 000 000 000 158 255 255 255 255 255 255 223 000 074 255 255 255 255 255 
255 255 255 255 255 255 225 066 000 000 000 000 000 044 191 255 255 255 255 255 255 255 255 098 000 000 000 000 000 000 000 000 000 000 000 000 000 000 000 000 000 000 000 000 000 000 000 000 000 000 000 000 000 000 000 000 000 158 255 255 255 255 255 255 255 061 002 203 255 255 255 255 
255 255 255 255 255 255 255 254 147 010 000 000 000 000 000 123 255 255 255 255 255 255 255 098 000 000 000 000 000 000 000 000 000 000 000 000 000 000 000 000 000 000 000 000 000 000 000 000 000 000 000 000 000 000 000 000 000 158 255 255 255 255 255 255 255 183 002 017 168 251 255 226 
255 255 255 255 255 255 255 255 255 219 058 000 000 000 018 219 255 255 255 255 255 255 255 155 104 118 132 146 161 175 184 186 187 189 191 192 194 195 197 198 199 198 196 195 193 192 190 189 187 185 183 171 157 143 129 114 100 193 255 255 255 255 255 255 255 255 163 002 000 014 027 002 
255 255 255 255 255 255 255 255 255 255 253 120 000 005 192 255 255 255 255 255 255 255 255 255 255 255 255 255 255 255 255 255 255 255 255 255 255 255 255 255 255 255 255 255 255 255 255 255 255 255 255 255 255 255 255 255 255 255 255 255 255 255 255 255 255 255 255 215 107 033 024 058 
255 255 255 255 255 255 255 255 255 255 255 255 153 157 255 255 255 255 255 255 255 255 255 255 255 255 255 255 255 255 255 255 255 255 255 255 255 255 255 255 255 255 255 255 255 255 255 255 255 255 255 255 255 255 255 255 255 255 255 255 255 255 255 255 255 255 255 255 255 255 255 255 
255 255 255 255 255 255 255 255 255 255 255 255 255 255 255 255 255 255 255 255 255 255 255 255 255 255 255 255 255 255 255 255 255 255 255 255 255 255 255 255 255 255 255 255 255 255 255 255 255 255 255 255 255 255 255 255 255 255 255 255 255 255 255 255 255 255 255 255 255 255 255 255 
255 255 255 255 255 255 255 255 255 255 255 255 255 255 255 255 255 255 255 255 255 255 255 255 255 255 255 255 255 255 255 255 255 255 255 255 255 255 255 255 255 255 255 255 255 255 255 255 255 255 255 255 255 255 255 255 255 255 255 255 255 255 255 255 255 255 255 255 255 255 255 255 
255 255 255 255 255 255 255 255 255 255 255 255 255 255 255 255 255 255 255 255 255 255 255 255 255 255 255 255 255 255 255 255 255 255 255 255 255 255 255 255 255 255 255 255 255 255 255 255 255 255 255 255 255 255 255 255 255 255 255 255 255 255 255 255 255 255 255 255 255 255 255 255 
255 255 255 255 255 255 255 255 255 255 255 255 255 255 255 255 255 255 255 255 255 255 255 255 255 255 255 255 255 255 255 255 255 255 255 255 255 255 255 255 255 255 255 255 255 255 255 255 255 255 255 255 255 255 255 255 255 255 255 255 255 255 255 255 255 255 255 255 255 255 255 255 
255 255 255 255 255 255 255 255 255 255 255 255 255 255 255 255 255 255 255 255 255 255 255 255 255 255 255 255 255 255 255 255 255 255 255 255 255 255 255 255 255 255 255 255 255 255 255 255 255 255 255 255 255 255 255 255 255 255 255 255 255 255 255 255 255 255 255 255 255 255 255 255 
255 255 255 255 255 255 255 255 255 255 255 255 255 255 255 255 255 255 255 255 255 255 255 255 255 255 255 255 255 255 255 255 255 255 255 255 255 255 255 255 255 255 255 255 255 255 255 255 255 255 255 255 255 255 255 255 255 255 255 255 255 255 255 255 255 255 255 255 255 255 255 255 
255 255 255 255 255 255 255 255 255 255 255 255 255 255 255 255 255 255 255 255 255 255 255 255 255 255 255 255 255 255 255 255 255 255 255 255 255 255 255 255 255 255 255 255 255 255 255 255 255 255 255 255 255 255 255 255 255 255 255 255 255 255 255 255 255 255 255 255 255 255 255 255 
255 255 255 255 255 255 255 255 255 255 255 255 255 255 255 255 255 255 255 255 255 255 255 255 255 255 255 255 255 255 255 255 255 255 255 255 255 255 255 255 255 255 255 255 255 255 255 255 255 255 255 255 255 255 255 255 255 255 255 255 255 255 255 255 255 255 255 255 255 255 255 255 
255 255 255 255 255 255 255 255 255 255 255 255 255 255 255 255 255 255 255 255 255 255 255 255 255 255 255 255 255 255 255 255 255 255 255 255 255 255 255 255 255 255 255 255 255 255 255 255 255 255 255 255 255 255 255 255 255 255 255 255 255 255 255 255 255 255 255 255 255 255 255 255 
255 255 255 255 255 255 255 255 255 255 255 255 255 255 255 255 255 255 255 255 255 255 255 255 255 255 255 255 255 255 255 255 255 255 255 255 255 255 255 255 255 255 255 255 255 255 255 255 255 255 255 255 255 255 255 255 255 255 255 255 255 255 255 255 255 255 255 255 255 255 255 255 
255 255 255 255 255 255 255 255 255 255 255 255 255 255 255 255 255 255 255 255 255 255 255 255 255 255 255 255 255 255 255 255 255 255 255 255 255 255 255 255 255 255 255 255 255 255 255 255 255 255 255 255 255 255 255 255 255 255 255 255 255 255 255 255 255 255 255 255 255 255 255 255 
255 255 255 255 255 255 255 255 255 255 255 255 255 255 255 255 255 255 255 255 255 255 255 255 255 255 255 255 255 255 255 255 255 255 255 255 255 255 255 255 255 255 255 255 255 255 255 255 255 255 255 255 255 255 255 255 255 255 255 255 255 255 255 255 255 255 255 255 255 255 255 255 
255 255 255 255 255 255 255 255 255 255 255 255 255 255 255 255 255 255 255 255 255 255 255 255 255 255 255 255 255 255 255 255 255 255 255 255 255 255 255 255 255 255 255 255 255 255 255 255 255 255 255 255 255 255 255 255 255 255 255 255 255 255 255 255 255 255 255 255 255 255 255 255 
255 255 255 255 255 255 255 255 255 255 255 255 255 255 255 255 255 255 255 255 255 255 255 255 255 255 255 255 255 255 255 255 255 255 255 255 255 255 255 255 255 255 255 255 255 255 255 255 255 255 255 255 255 255 255 255 255 255 255 255 255 255 255 255 255 255 255 255 255 255 255 255 
255 255 255 255 255 255 255 255 255 255 255 255 255 255 255 255 255 255 255 255 255 255 255 255 255 255 255 255 255 255 255 255 255 255 255 255 255 255 255 255 255 255 255 255 255 255 255 255 255 255 255 255 255 255 255 255 255 255 255 255 255 255 255 255 255 255 255 255 255 255 255 255 
255 255 255 255 255 255 255 255 255 255 255 255 255 255 255 255 255 255 255 255 255 255 255 255 255 255 255 255 255 255 255 255 255 255 255 255 255 255 255 255 255 255 255 255 255 255 255 255 255 255 255 255 255 255 255 255 255 255 255 255 255 255 255 255 255 255 255 255 255 255 255 255 
255 255 255 255 255 255 255 255 255 255 255 255 255 255 255 255 255 255 255 255 255 255 255 255 255 255 255 255 255 255 255 255 255 255 255 255 255 255 255 255 255 255 255 255 255 255 255 255 255 255 255 255 255 255 255 255 255 255 255 255 255 255 255 255 255 255 255 255 255 255 255 255 
255 255 255 255 255 255 255 255 255 255 255 255 255 255 255 255 255 255 255 255 255 255 255 255 255 255 255 255 255 255 255 255 255 255 255 255 255 255 255 255 255 255 255 255 255 255 255 255 255 255 255 255 255 255 255 255 255 255 255 255 255 255 255 255 255 255 255 255 255 255 255 255 
255 255 255 255 255 255 255 255 255 255 255 255 255 255 255 255 255 255 255 255 255 255 255 255 255 255 255 255 255 255 255 255 255 255 255 255 255 255 255 255 255 255 255 255 255 255 255 255 255 255 255 255 255 255 255 255 255 255 255 255 255 255 255 255 255 255 255 255 255 255 255 255 
255 255 255 255 255 255 255 255 255 255 255 255 255 255 255 255 255 255 255 255 255 255 255 255 255 255 255 255 255 255 255 255 255 255 255 255 255 255 255 255 255 255 255 255 255 255 255 255 255 255 255 255 255 255 255 255 255 255 255 255 255 255 255 255 255 255 255 255 255 255 255 255 
255 255 255 255 255 255 255 255 255 255 255 255 255 255 255 255 255 255 255 255 255 255 255 255 255 255 255 255 255 255 255 255 255 255 255 255 255 255 255 255 255 255 255 255 255 255 255 255 255 255 255 255 255 255 255 255 255 255 255 255 255 255 255 255 255 255 255 255 255 255 255 255 
255 255 255 255 255 255 255 255 255 255 255 255 255 255 255 255 255 255 255 255 255 255 255 255 255 255 255 255 255 255 255 255 255 255 255 255 255 255 255 255 255 255 255 255 255 255 255 255 255 255 255 255 255 255 255 255 255 255 255 255 255 255 255 255 255 255 255 255 255 255 255 255 
255 255 255 255 255 255 255 255 255 255 255 255 255 255 255 255 255 255 255 255 255 255 255 255 255 255 255 255 255 255 255 255 255 255 255 255 255 255 255 255 255 255 255 255 255 255 255 255 255 255 255 255 255 255 255 255 255 255 255 255 255 255 255 255 255 255 255 255 255 255 255 255 
255 255 255 255 255 255 255 255 255 255 255 255 255 255 255 255 255 255 255 255 255 255 255 255 255 255 255 255 255 255 255 255 255 255 255 255 255 255 255 255 255 255 255 255 255 255 255 255 255 255 255 255 255 255 255 255 255 255 255 255 255 255 255 255 255 255 255 255 255 255 255 255 
255 255 255 255 255 255 255 255 255 255 255 255 255 255 255 255 255 255 255 255 255 255 255 255 255 255 255 255 255 255 255 255 255 255 255 255 255 255 255 255 255 255 255 255 255 255 255 255 255 255 255 255 255 255 255 255 255 255 255 255 255 255 255 255 255 255 255 255 255 255 255 255 
255 255 255 255 255 255 255 255 255 255 255 255 255 255 255 255 255 255 255 255 255 255 255 255 255 255 255 255 255 255 255 255 255 255 255 255 255 255 255 255 255 255 255 255 255 255 255 255 255 255 255 255 255 255 255 255 255 255 255 255 255 255 255 255 255 255 255 255 255 255 255 255 
255 255 255 255 255 255 255 255 255 255 255 255 255 255 255 255 255 255 255 255 255 255 255 255 255 255 255 255 255 255 255 255 255 255 255 255 255 255 255 255 255 255 255 255 255 255 255 255 255 255 255 255 255 255 255 255 255 255 255 255 255 255 255 255 255 255 255 255 255 255 255 255 
255 255 251 255 255 255 255 255 255 255 255 255 255 255 255 255 255 255 255 255 255 255 255 255 255 255 255 255 255 255 255 255 255 255 255 255 255 255 255 255 255 255 255 218 253 255 255 255 255 255 255 255 255 255 255 255 255 255 255 255 255 255 255 255 255 255 255 255 255 255 255 255 
255 255 136 019 059 074 080 184 255 255 255 255 255 255 255 255 255 255 255 255 255 255 255 255 255 255 255 255 255 255 255 255 255 255 255 255 255 255 255 255 255 255 255 026 011 057 070 070 171 255 255 255 255 255 255 255 255 255 255 255 255 255 255 255 255 255 255 255 255 255 255 255 
255 255 144 000 000 000 021 240 255 255 255 225 123 255 255 255 255 255 255 255 255 255 255 255 255 255 255 255 255 255 255 255 255 255 255 255 255 255 255 255 255 255 255 040 000 000 000 029 235 255 255 255 255 255 255 255 255 255 255 255 255 255 255 255 255 255 255 255 255 255 255 255 
255 255 153 000 000 000 102 255 255 250 134 010 000 174 255 255 255 255 255 255 255 255 255 255 255 255 255 255 255 255 255 255 255 255 255 255 255 255 255 255 255 255 255 019 000 000 000 169 255 255 255 255 255 255 255 255 255 255 255 255 255 255 255 255 255 255 255 255 255 255 255 255 
255 255 161 000 000 000 135 255 255 112 000 000 000 037 245 255 255 255 255 255 255 255 255 255 255 255 255 255 248 185 199 214 229 243 255 255 255 255 255 255 255 255 252 001 000 000 026 251 255 255 255 255 255 255 255 255 249 234 219 205 190 222 255 255 255 255 255 255 255 255 255 255 
255 255 169 000 000 000 144 255 255 241 028 000 000 000 092 255 255 255 255 255 255 255 255 255 255 255 255 255 229 000 000 000 000 000 002 007 010 013 017 020 024 027 029 000 000 000 010 030 027 024 022 019 016 014 011 007 000 000 000 000 000 141 255 255 255 255 255 255 255 255 255 255 
255 255 178 000 000 000 149 255 255 255 171 000 000 000 000 172 255 255 255 255 255 255 255 255 255 255 255 255 229 000 000 000 000 000 000 000 000 000 000 000 000 000 000 000 000 000 000 000 000 000 000 000 000 000 000 000 000 000 000 000 000 141 255 255 255 255 255 255 255 255 255 255 
255 255 189 000 000 000 154 255 255 255 255 066 000 033 166 254 255 255 255 255 255 255 255 255 255 255 255 255 230 016 031 046 061 076 089 094 098 101 105 108 112 115 059 000 000 002 117 116 114 112 110 108 107 105 103 097 082 067 052 037 021 146 255 255 255 255 255 255 255 255 255 255 
255 255 201 000 000 000 150 255 255 255 255 189 142 249 255 255 255 255 255 255 255 255 255 255 255 255 255 255 255 255 255 255 255 255 255 255 255 255 255 255 255 255 090 000 000 046 255 255 255 255 255 255 255 255 255 255 255 255 255 255 255 255 255 255 255 255 255 255 255 255 255 255 
255 255 212 000 000 000 143 255 255 255 255 255 255 253 206 146 085 025 222 255 255 255 255 255 255 255 255 255 255 255 255 255 255 255 255 255 255 255 255 255 255 255 036 000 000 111 255 255 255 255 255 255 255 255 255 255 255 255 255 255 255 255 255 255 255 255 255 255 255 255 255 255 
255 255 224 000 000 000 135 255 255 226 173 119 066 014 000 000 000 000 161 255 255 255 255 255 255 255 255 255 255 255 173 153 173 192 211 229 232 233 235 237 239 214 000 000 000 177 242 242 242 239 237 235 234 232 229 212 193 173 154 168 255 255 255 255 255 255 255 255 255 255 255 255 
255 255 235 000 000 000 060 077 024 000 000 000 000 000 000 000 000 000 100 255 255 255 255 255 255 255 255 255 255 255 076 000 000 000 000 000 000 000 000 000 000 000 000 000 000 000 000 000 000 000 000 000 000 000 000 000 000 000 000 065 255 255 255 255 255 255 255 255 255 255 255 255 
170 123 074 000 000 000 000 000 000 000 000 000 000 000 010 050 092 134 192 255 255 255 255 255 255 255 255 255 255 255 076 000 000 000 000 000 000 000 000 000 000 000 000 000 000 000 000 000 000 000 000 000 000 000 000 000 000 000 000 065 255 255 255 255 255 255 255 255 255 255 255 255 
000 000 000 000 000 000 000 000 000 019 070 120 171 221 254 255 255 255 255 255 255 255 255 255 255 255 255 255 255 255 103 054 074 094 114 127 130 133 136 139 107 000 000 000 124 142 142 142 142 140 137 134 131 129 125 109 090 072 054 094 255 255 255 255 255 255 255 255 255 255 255 255 
000 000 000 000 000 000 049 174 224 255 255 255 255 255 255 255 255 255 255 255 255 255 255 255 255 255 255 255 255 255 255 255 255 255 255 255 255 255 255 255 101 000 000 056 255 255 255 255 255 255 255 255 255 255 255 255 255 255 255 255 255 255 255 255 255 255 255 255 255 255 255 255 
024 088 151 049 000 000 077 255 255 255 255 255 255 255 255 255 255 255 255 255 255 255 255 255 255 255 255 255 255 255 255 255 255 255 255 255 255 255 255 220 007 000 000 175 255 255 255 255 255 255 255 255 255 255 255 255 255 255 255 255 255 255 255 255 255 255 255 255 255 255 255 255 
254 255 255 090 000 000 061 255 255 255 255 255 255 255 255 255 255 233 163 251 255 255 255 255 255 255 249 171 187 203 218 234 250 253 255 255 255 255 255 066 000 000 055 255 255 255 255 255 255 255 255 255 255 255 255 255 253 249 234 218 202 186 171 249 255 255 255 255 255 255 255 255 
255 255 255 117 000 000 041 255 255 255 255 255 255 252 198 125 052 001 000 198 255 255 255 255 255 255 237 000 000 000 000 000 000 000 000 001 002 004 006 000 000 000 003 007 007 007 007 007 007 007 007 006 004 002 001 000 000 000 000 000 000 000 000 238 255 255 255 255 255 255 255 255 
255 255 255 146 000 000 010 255 255 255 215 147 079 015 000 000 000 000 000 131 255 255 255 255 255 255 237 000 000 000 000 000 000 000 000 000 000 000 000 000 000 000 000 000 000 000 000 000 000 000 000 000 000 000 000 000 000 000 000 000 000 000 000 238 255 255 255 255 255 255 255 255 
255 255 255 178 000 000 000 150 095 028 000 000 000 000 000 000 000 000 000 075 255 255 255 255 255 255 238 020 037 054 072 089 098 103 109 114 086 000 000 000 035 121 121 121 121 121 121 121 121 102 000 000 000 069 115 109 104 098 090 073 055 037 020 239 255 255 255 255 255 255 255 255 
255 252 207 127 000 000 000 000 000 000 000 000 000 000 010 059 112 165 217 254 255 255 255 255 255 255 255 255 255 255 255 255 255 255 255 228 034 000 000 008 208 255 255 255 255 255 255 255 255 255 061 000 000 023 216 255 255 255 255 255 255 255 255 255 255 255 255 255 255 255 255 255 
060 010 000 000 000 000 000 000 000 000 017 077 139 200 251 255 255 255 255 255 255 255 255 255 255 255 255 255 255 255 255 255 255 255 209 028 000 000 000 156 255 255 255 255 255 255 255 255 255 255 224 017 000 000 013 169 255 255 255 255 255 255 255 255 255 255 255 255 255 255 255 255 
000 000 000 000 000 000 000 039 149 211 254 255 255 255 179 201 255 255 255 255 255 255 255 255 255 255 255 255 255 255 255 255 255 184 013 000 000 000 130 255 255 255 255 255 255 255 255 255 255 255 255 178 003 000 000 000 098 221 255 255 255 255 255 255 255 255 255 255 255 255 255 255 
000 000 014 080 047 000 000 055 255 255 255 255 255 232 020 008 134 251 255 255 255 255 255 255 255 255 255 255 255 255 255 249 121 003 000 000 000 053 181 188 195 196 196 196 196 196 194 193 191 190 186 181 091 000 000 000 000 002 083 195 252 255 255 255 255 255 255 255 255 255 255 255 
124 195 251 255 137 000 000 006 248 255 255 255 248 059 000 000 000 023 180 255 255 255 255 255 255 255 255 255 255 255 203 043 000 000 000 000 000 000 000 000 000 000 000 000 000 000 000 000 000 000 000 000 000 000 000 000 000 000 000 000 013 070 131 177 199 255 255 255 255 255 255 255 
255 255 255 255 195 000 000 000 197 255 255 255 092 000 000 000 003 137 249 255 255 255 255 255 255 255 255 255 249 123 004 000 000 000 000 000 000 000 000 000 000 000 000 000 000 000 000 000 000 000 000 000 000 000 000 000 000 000 000 000 000 000 000 000 084 255 255 255 255 255 255 255 
255 255 255 255 253 025 000 000 122 255 255 131 000 000 000 015 184 255 255 255 255 255 255 255 255 255 253 166 039 000 000 000 000 010 057 000 000 000 169 176 176 176 176 176 176 176 176 176 176 176 176 176 138 000 000 000 098 044 000 000 000 000 000 004 217 255 255 255 255 255 255 255 
255 255 255 255 255 112 000 000 031 254 157 001 000 000 031 214 255 255 255 255 255 255 255 255 254 166 041 000 000 000 000 000 034 209 127 000 000 000 244 255 255 255 255 255 255 255 255 255 255 255 255 255 200 000 000 000 160 252 156 028 000 000 000 085 255 255 255 255 255 255 255 255 
255 255 255 255 255 201 000 000 000 100 001 000 000 024 220 255 255 255 255 255 255 255 255 255 255 145 001 000 000 000 000 075 238 255 127 000 000 000 244 255 255 255 255 255 255 255 255 255 255 255 255 255 200 000 000 000 160 255 255 252 175 072 002 176 255 255 255 255 255 255 255 255 
255 255 255 255 255 255 048 000 000 000 000 000 014 208 255 255 255 255 255 255 255 255 255 255 255 255 152 000 000 016 157 255 255 255 127 000 000 000 176 183 183 183 183 183 183 183 183 183 183 183 183 183 144 000 000 000 160 255 255 255 255 255 223 249 255 255 255 255 255 255 255 249 
255 255 255 255 255 255 166 000 000 000 000 010 191 255 255 255 255 255 255 255 255 255 255 255 255 255 255 116 078 230 255 255 255 255 127 000 000 000 000 000 000 000 000 000 000 000 000 000 000 000 000 000 000 000 000 000 160 255 255 255 255 255 255 255 255 255 255 255 255 255 210 025 
255 255 255 255 255 219 049 000 000 000 000 188 255 255 255 255 255 255 255 255 255 255 255 255 255 255 255 252 255 255 255 255 255 255 127 000 000 000 000 000 000 000 000 000 000 000 000 000 000 000 000 000 000 000 000 000 160 255 255 255 255 255 255 255 255 255 255 255 255 220 020 001 
255 255 255 255 167 013 000 000 000 000 000 123 255 255 255 255 255 158 224 255 255 255 255 255 255 255 255 255 255 255 255 255 255 255 127 000 000 000 181 189 189 189 189 189 189 189 189 189 189 189 189 189 149 000 000 000 160 255 255 255 255 255 255 255 255 255 255 255 255 104 000 146 
255 255 227 092 000 000 000 000 007 000 000 000 154 255 255 255 255 080 027 185 255 255 255 255 255 255 255 255 255 255 255 255 255 255 127 000 000 000 244 255 255 255 255 255 255 255 255 255 255 255 255 255 200 000 000 000 160 255 255 255 255 255 255 255 255 255 255 255 249 012 032 253 
241 121 009 000 000 000 000 102 222 019 000 000 002 160 255 255 251 015 000 001 094 255 255 255 255 255 255 255 255 255 255 255 255 255 127 000 000 000 244 255 255 255 255 255 255 255 255 255 255 255 255 255 200 000 000 000 160 255 255 255 255 255 255 255 255 255 255 255 231 000 088 255 
021 000 000 000 000 020 166 255 255 173 000 000 000 000 114 249 176 000 000 000 084 255 255 255 255 255 255 255 255 255 255 255 255 255 127 000 000 000 218 227 227 227 227 227 227 227 227 227 227 227 227 227 179 000 000 000 156 255 255 255 255 255 255 255 255 255 255 255 239 000 069 255 
000 000 000 000 094 236 255 255 255 255 153 002 000 000 000 017 012 000 000 000 149 255 255 255 255 255 255 255 255 255 255 255 255 255 124 000 000 000 000 000 000 000 000 000 000 000 000 000 000 000 000 000 000 000 000 000 150 255 255 255 255 255 255 255 255 255 255 255 255 057 003 220 
000 000 036 188 255 255 255 255 255 255 255 164 004 000 000 000 000 000 000 006 233 255 255 255 255 255 255 255 255 255 255 255 255 255 120 000 000 000 000 000 000 000 000 000 000 000 000 000 000 000 000 000 000 000 000 000 143 255 255 255 255 255 255 255 255 255 255 255 255 168 000 039 
008 122 247 255 255 255 255 255 255 255 255 255 176 009 000 000 000 000 000 087 255 255 255 255 255 255 255 255 255 255 255 255 255 255 115 000 000 000 108 112 112 112 112 112 112 112 112 112 112 112 112 112 088 000 000 000 117 255 255 255 255 255 255 255 255 255 255 255 255 255 117 000 
229 255 255 255 255 255 255 255 255 255 255 255 255 227 093 003 000 000 003 196 255 255 255 255 255 255 255 255 255 255 255 255 255 255 087 000 000 000 244 255 255 255 255 255 255 255 255 255 255 255 255 255 200 000 000 000 086 255 255 255 255 255 255 255 255 255 255 255 255 255 255 156 
255 255 255 255 255 255 255 255 255 255 255 255 255 255 255 219 138 087 196 255 255 255 255 255 255 255 255 255 255 255 255 255 255 255 055 000 000 000 244 255 255 255 255 255 255 255 255 255 255 255 255 255 236 164 164 164 188 255 255 255 255 255 255 255 255 255 255 255 255 255 255 255 
255 255 255 255 255 255 255 255 255 255 255 255 255 255 255 255 255 255 255 255 255 255 255 255 255 255 255 255 255 255 255 255 255 255 244 241 241 241 255 255 255 255 255 255 255 255 255 255 255 255 255 255 255 255 255 255 255 255 255 255 255 255 255 255 255 255 255 255 255 255 255 255 
255 255 255 255 255 255 255 255 255 255 255 255 255 255 255 255 255 255 255 255 255 255 255 255 255 255 255 255 255 255 255 255 255 255 255 255 255 255 255 255 255 255 255 255 255 255 255 255 255 255 255 255 255 255 255 255 255 255 255 255 255 255 255 255 255 255 255 255 255 255 255 255 
255 255 255 255 255 255 255 255 255 255 255 255 255 255 255 255 255 255 255 255 255 255 255 255 255 255 255 255 255 255 255 255 255 255 255 255 255 255 255 255 255 255 255 255 255 255 255 255 255 255 255 255 255 255 255 255 255 255 255 255 255 255 255 255 255 255 255 255 255 255 255 255 
