255 255 255 255 255 255 255 255 255 255 255 255 255 255 255 255 255 255 255 255 255 255 255 255 255 255 255 255 255 255 255 255 255 255 255 255 255 255 255 255 255 255 255 255 255 255 255 255 255 255 255 255 255 255 255 255 255 255 255 255 255 255 255 255 255 255 255 255 255 255 255 255 
255 255 255 255 255 255 255 255 255 255 255 255 255 255 255 255 255 255 255 255 255 255 255 255 255 255 255 255 255 255 255 255 255 255 255 255 255 255 255 255 255 255 255 255 255 255 255 255 255 255 255 255 255 255 255 255 255 255 255 255 255 255 255 255 255 255 255 255 255 255 255 255 
255 255 255 255 255 255 255 255 255 255 255 255 255 255 255 255 255 255 255 255 255 255 255 255 255 255 255 255 255 255 255 255 255 255 255 255 255 255 255 255 255 255 255 255 255 255 255 255 255 255 255 255 255 255 255 255 255 255 255 255 255 255 255 255 255 255 255 255 255 255 255 255 
255 255 255 255 255 255 255 255 255 255 255 255 255 255 255 255 255 255 255 255 255 255 255 255 255 255 255 255 255 255 255 255 255 255 255 255 255 255 255 255 255 255 255 255 255 255 255 255 255 255 255 255 255 255 255 255 255 255 255 255 255 255 255 255 255 255 255 255 255 255 255 255 
255 255 255 255 255 255 255 255 255 255 255 255 255 255 255 255 255 255 255 255 255 255 255 255 255 255 255 255 255 255 255 255 255 255 255 255 255 255 255 255 255 255 255 255 255 255 255 255 255 255 255 255 255 255 255 255 255 255 255 255 255 255 255 255 255 255 255 255 255 255 255 255 
255 255 255 255 255 255 255 255 255 255 255 255 255 255 255 255 255 255 255 255 255 255 255 255 255 255 255 255 255 255 255 255 255 255 255 255 255 255 255 255 255 255 255 255 255 255 255 255 255 255 255 255 255 255 255 255 255 255 255 255 255 255 255 255 255 255 255 255 255 255 255 255 
255 255 255 255 255 255 255 255 255 255 255 255 255 255 255 255 255 255 255 255 255 255 255 255 255 255 255 255 255 255 255 255 255 255 255 255 255 255 255 255 255 255 255 255 255 255 255 255 255 255 255 255 255 255 255 255 255 255 255 255 255 255 255 255 255 255 255 255 255 255 255 255 
255 255 255 255 255 255 255 255 255 255 255 255 255 255 255 255 255 255 255 255 255 255 255 255 255 255 255 255 255 255 255 255 255 255 255 255 255 255 255 255 255 255 255 255 255 255 255 255 255 255 255 255 255 255 255 255 255 255 255 255 255 255 255 255 255 255 255 255 255 255 255 255 
255 255 255 255 255 255 255 255 255 255 255 255 255 255 255 255 255 255 255 255 255 255 255 255 255 255 255 255 255 255 255 255 255 255 255 255 255 255 255 255 255 255 255 255 255 255 255 255 255 255 255 255 255 255 255 255 255 255 255 255 255 255 255 255 255 255 255 255 255 255 255 255 
255 255 255 255 255 255 255 255 255 255 255 255 255 255 255 255 255 255 255 255 255 255 255 255 255 255 255 255 255 255 255 255 255 255 255 255 255 255 255 255 255 255 255 255 255 255 255 255 255 255 255 255 255 255 255 255 255 255 255 255 255 255 255 255 255 255 255 255 255 255 255 255 
255 255 255 255 255 255 255 255 255 255 255 255 255 255 255 255 255 255 255 255 255 255 255 255 255 255 255 255 255 255 255 255 255 255 255 255 255 255 255 255 255 255 255 255 255 255 255 255 255 255 255 255 255 255 255 255 255 255 255 255 255 255 255 255 255 255 255 255 255 255 255 255 
255 255 255 255 255 255 255 255 255 255 255 255 255 255 255 255 255 255 255 255 255 255 255 255 255 255 255 255 255 255 255 255 255 255 255 255 255 255 255 255 255 255 255 255 255 255 255 255 255 255 255 255 255 255 255 255 255 255 255 255 255 255 255 255 255 255 255 255 255 255 255 255 
255 255 255 255 255 255 255 255 255 255 255 255 255 255 255 255 255 255 255 255 255 255 255 255 255 255 255 255 255 255 255 255 255 255 255 255 255 255 255 255 255 255 255 255 255 255 255 255 255 255 255 255 255 255 255 255 255 255 255 255 255 255 255 255 255 255 255 255 255 255 255 255 
255 255 255 255 255 255 255 255 255 255 255 255 255 255 255 255 255 255 255 255 255 255 255 255 255 255 255 255 255 255 255 255 255 255 255 255 255 255 255 255 255 255 255 255 255 255 255 255 255 255 255 255 255 255 255 255 255 255 255 255 255 255 255 255 255 255 255 255 255 255 255 255 
255 255 255 255 255 255 255 255 255 255 255 255 255 255 255 255 255 255 255 255 255 255 255 255 255 255 255 255 255 255 255 255 255 255 255 255 255 255 255 255 255 255 255 255 255 255 255 255 255 255 255 255 255 255 255 255 255 255 255 255 255 255 255 255 255 255 255 255 255 255 255 255 
255 255 255 255 255 255 255 255 255 255 255 255 255 255 255 255 255 255 255 255 255 255 255 255 255 255 255 255 255 255 255 255 255 255 255 255 255 255 255 255 255 255 255 255 255 255 255 255 255 255 255 255 255 255 255 255 255 255 255 255 255 255 255 255 255 255 255 255 255 255 255 255 
255 255 255 255 255 255 255 255 255 255 255 255 255 255 255 255 255 255 255 255 255 255 255 255 255 255 255 255 255 255 255 255 255 255 255 255 255 255 255 255 255 255 255 255 255 255 255 255 255 255 255 255 255 255 255 255 255 255 255 255 255 255 255 255 255 255 255 255 255 255 255 255 
255 255 255 255 255 255 255 255 255 255 255 255 255 255 255 255 255 255 255 255 255 255 255 255 255 255 255 255 255 255 255 255 255 255 255 255 255 255 255 255 255 255 255 255 255 255 255 255 255 255 255 255 255 255 255 255 255 255 255 255 255 255 255 255 255 255 255 255 255 255 255 255 
255 255 255 255 255 255 255 255 255 255 255 255 255 255 255 255 255 255 255 255 255 255 255 255 255 255 255 255 255 255 255 255 255 255 255 255 255 255 255 255 255 255 255 255 255 255 255 255 255 255 255 255 255 255 255 255 255 255 255 255 255 255 255 255 255 255 255 255 255 255 255 255 
255 255 255 255 255 255 255 255 255 255 255 255 255 255 255 255 255 255 255 255 255 255 255 255 255 255 255 255 255 255 255 255 255 255 255 255 255 255 255 255 255 255 255 255 255 255 255 255 255 255 255 255 255 255 255 255 255 255 255 255 255 255 255 255 255 255 255 255 255 255 255 255 
255 255 255 255 255 255 255 255 255 255 255 255 255 255 255 255 255 255 255 255 255 255 255 255 255 255 255 255 255 255 255 255 255 255 255 255 255 255 255 255 255 255 255 255 255 255 255 255 255 255 255 255 255 255 255 255 255 255 255 255 255 255 255 255 255 255 255 255 255 255 255 255 
255 255 255 255 255 255 255 255 255 255 255 255 255 255 255 255 255 255 255 255 255 255 255 255 255 255 255 255 255 255 255 255 255 255 255 255 255 255 255 255 255 255 255 255 255 255 255 255 255 255 255 255 255 255 255 255 255 255 255 255 255 255 255 255 255 255 255 255 255 255 255 255 
255 255 255 255 255 255 255 255 255 255 255 255 255 255 255 255 255 255 255 255 255 255 255 255 255 255 255 255 255 255 255 255 255 255 255 255 255 255 255 255 255 255 255 255 255 255 255 255 255 255 255 255 255 255 255 255 255 255 255 255 255 255 255 255 255 255 255 255 255 255 255 255 
255 255 255 255 255 255 255 255 255 255 255 255 255 255 255 255 255 255 255 255 255 255 255 255 255 255 255 255 255 255 255 255 255 255 255 255 255 255 255 255 255 255 255 255 255 255 255 255 255 255 255 255 255 255 255 255 255 255 255 255 255 255 255 255 255 255 255 255 255 255 255 255 
255 255 255 255 255 255 255 255 255 255 255 255 255 255 255 255 255 255 255 255 255 255 255 255 255 255 255 255 255 255 255 255 255 255 255 255 255 255 255 255 255 255 255 255 255 255 255 255 255 255 255 255 255 255 255 255 255 255 255 255 255 255 255 255 255 255 255 255 255 255 255 255 
255 255 255 255 255 255 255 255 255 255 255 255 255 255 255 255 255 255 255 255 255 255 255 255 255 255 255 255 255 255 255 255 255 255 255 255 255 255 255 255 255 255 255 255 255 255 255 255 255 255 255 255 255 255 255 255 255 255 255 255 255 255 255 255 255 255 255 255 255 255 255 255 
255 255 255 255 255 255 255 255 255 255 255 255 255 255 255 255 255 255 255 255 255 255 255 255 255 255 255 255 255 255 255 255 255 255 255 255 255 255 255 255 255 255 255 255 255 255 255 255 255 255 255 255 255 255 255 255 255 255 255 255 255 255 255 255 255 255 255 255 255 255 255 255 
255 255 255 255 255 255 255 255 255 255 255 255 255 255 255 255 255 255 255 255 255 255 255 255 255 255 255 255 255 255 255 255 255 255 255 255 255 255 255 255 255 255 255 255 255 255 255 255 255 255 255 255 255 255 255 255 255 114 073 083 093 103 111 112 112 113 114 114 115 116 116 117 
255 255 255 255 255 255 255 255 255 255 255 255 255 255 255 255 255 255 255 255 255 255 255 255 255 255 255 255 255 255 255 255 255 255 255 255 255 255 255 255 255 255 255 255 255 255 255 255 255 255 255 255 255 255 255 255 255 088 000 000 000 000 000 000 000 000 000 000 000 000 000 000 
255 255 255 255 255 255 255 255 255 255 255 238 176 192 207 223 239 254 255 255 255 255 255 255 255 255 255 255 255 255 255 255 255 255 255 255 253 238 222 206 190 174 249 255 255 255 255 255 255 255 255 255 255 255 255 255 255 095 000 000 000 000 000 000 000 000 000 000 000 000 000 000 
255 255 255 255 255 255 255 255 255 255 255 205 000 000 000 000 000 001 005 007 009 010 012 014 016 018 021 020 018 016 014 012 010 008 007 005 001 000 000 000 000 000 236 255 255 255 255 255 255 255 255 255 255 255 255 255 255 098 000 000 011 166 166 166 166 166 166 166 166 166 166 166 
255 255 255 255 255 255 255 255 255 255 255 205 000 000 000 000 000 000 000 000 000 000 000 000 000 000 000 000 000 000 000 000 000 000 000 000 000 000 000 000 000 000 236 255 255 255 255 255 255 255 255 255 255 255 255 255 255 098 000 000 017 255 255 255 255 255 255 255 255 255 255 255 
255 255 255 255 255 255 255 255 255 255 255 205 000 000 000 000 000 000 000 000 000 000 000 000 000 000 000 000 000 000 000 000 000 000 000 000 000 000 000 000 000 000 236 255 255 255 255 255 255 255 255 255 255 255 255 255 255 098 000 000 017 255 255 255 255 255 255 255 255 255 255 255 
255 255 255 255 255 255 255 255 255 255 255 205 005 021 037 053 068 084 090 092 094 096 097 099 101 103 105 105 103 101 099 097 095 093 092 090 083 067 051 035 019 004 236 255 255 255 255 255 255 255 255 255 255 255 255 255 255 098 000 000 004 059 059 059 059 059 059 059 059 059 059 059 
255 255 255 255 255 255 255 255 255 255 255 255 255 255 255 255 255 255 255 255 255 255 255 255 255 255 255 255 255 255 255 255 255 255 255 255 255 255 255 255 255 255 255 255 255 255 255 255 255 255 255 255 255 255 255 255 255 098 000 000 000 000 000 000 000 000 000 000 000 000 000 000 
255 255 255 255 255 255 255 255 255 255 255 255 255 255 255 255 255 255 255 255 255 255 255 255 255 255 255 255 255 255 255 255 255 255 255 255 255 255 255 255 255 255 255 255 255 255 255 255 255 255 255 255 255 255 255 255 255 098 000 000 000 000 000 000 000 000 000 000 000 000 000 000 
255 255 255 255 255 255 255 255 255 255 255 255 255 255 255 255 255 255 255 255 255 255 255 255 255 255 255 255 255 255 255 255 255 255 255 255 255 255 255 255 255 255 255 255 255 255 255 255 255 255 255 255 255 255 255 255 255 098 000 000 017 246 246 246 246 246 246 246 246 246 246 246 
255 255 255 255 255 255 255 255 255 255 255 255 255 255 255 255 255 255 255 255 255 255 255 255 255 255 255 255 255 255 255 255 255 255 255 255 255 255 255 255 255 255 255 255 255 255 255 255 255 255 255 255 255 255 255 255 255 098 000 000 017 255 255 255 255 255 255 255 255 255 255 255 
255 255 255 255 255 255 255 255 255 255 255 255 255 255 255 255 255 255 255 255 255 255 255 255 255 255 255 255 255 255 255 255 255 255 255 255 255 255 255 255 255 255 255 255 255 255 255 255 255 255 255 255 255 255 255 255 255 098 000 000 017 255 255 255 255 255 255 255 255 255 255 255 
255 255 255 255 255 255 255 255 255 255 255 255 255 255 255 255 255 255 255 255 255 255 255 255 255 255 255 255 255 255 255 255 255 255 255 255 255 255 255 255 255 255 255 255 255 255 255 255 255 255 255 255 255 255 255 255 255 097 000 000 004 058 058 058 058 058 058 058 058 058 058 058 
255 255 255 255 255 255 255 255 255 255 255 255 255 255 255 255 255 255 255 255 255 255 255 255 255 255 255 255 255 255 255 255 255 255 255 255 255 255 255 255 255 255 255 255 255 255 255 255 255 255 255 255 255 255 255 255 255 094 000 000 000 000 000 000 000 000 000 000 000 000 000 000 
255 255 255 255 255 255 255 255 255 255 255 255 255 255 255 255 255 255 255 255 255 255 255 255 255 255 255 255 255 255 255 255 255 255 255 255 255 255 255 255 255 255 255 255 255 255 255 255 255 255 255 255 255 255 255 255 255 079 000 000 000 000 000 000 000 000 000 000 000 000 000 000 
255 255 255 255 255 255 255 255 255 255 255 255 255 255 164 142 161 181 200 214 217 219 221 223 226 228 231 229 227 224 222 220 218 215 210 191 172 152 133 224 255 255 255 255 255 255 255 255 255 255 255 255 255 255 255 255 255 202 198 207 206 231 232 232 233 234 234 235 236 233 000 000 
255 255 255 255 255 255 255 255 255 255 255 255 255 255 075 000 000 000 000 000 000 000 000 000 000 000 000 000 000 000 000 000 000 000 000 000 000 000 000 195 255 255 255 255 255 255 255 255 255 255 255 255 255 255 255 255 255 255 255 156 018 145 247 255 255 255 255 255 255 251 000 000 
255 255 255 255 255 255 255 255 255 255 255 255 255 255 075 000 000 000 000 000 000 000 000 000 000 000 000 000 000 000 000 000 000 000 000 000 000 000 000 195 255 255 255 255 255 255 255 255 255 255 255 255 255 255 255 255 255 255 249 030 000 000 016 114 255 255 255 255 255 251 000 000 
255 255 255 255 255 255 255 255 255 255 255 255 255 255 075 000 000 000 000 000 000 000 000 000 000 000 000 000 000 000 000 000 000 000 000 000 000 000 000 195 255 255 255 255 255 255 255 255 255 255 255 255 255 255 255 255 255 255 145 000 000 000 047 217 255 255 255 255 255 251 000 000 
255 255 255 255 255 255 255 255 255 255 255 255 255 255 109 063 083 102 121 135 138 140 142 144 147 149 151 150 148 145 143 141 139 136 131 112 093 073 054 205 255 255 255 255 255 255 255 255 255 255 255 255 255 255 255 255 255 211 010 000 000 000 053 070 070 070 070 070 070 069 000 000 
255 255 255 255 255 255 255 255 255 255 255 255 255 255 255 255 255 255 255 255 255 255 255 255 255 255 255 255 255 255 255 255 255 255 255 255 255 255 255 255 255 255 255 255 255 255 255 255 255 255 255 255 255 255 255 255 242 038 000 000 000 000 000 000 000 000 000 000 000 000 000 000 
255 255 255 255 255 255 255 255 255 255 255 255 255 255 255 255 255 255 255 255 255 255 255 255 255 255 255 255 255 255 255 255 255 255 255 255 255 255 255 255 255 255 255 255 255 255 255 255 255 255 255 255 255 255 255 255 084 000 000 000 000 000 000 000 000 000 000 000 000 000 000 000 
255 255 255 255 255 255 255 255 255 255 255 255 255 255 255 255 255 255 255 255 255 255 255 255 255 255 255 255 255 255 255 255 255 255 255 255 255 255 255 255 255 255 255 255 255 255 255 255 255 255 255 255 255 255 255 142 000 000 000 069 179 179 179 179 179 179 179 179 179 177 000 000 
255 255 255 255 255 255 255 255 255 255 255 255 255 255 255 255 255 255 255 255 255 255 255 255 255 255 255 255 255 255 255 255 255 255 255 255 255 255 255 255 255 255 255 255 255 255 255 255 255 255 255 255 255 255 166 004 000 000 027 235 255 255 255 255 255 255 255 255 255 251 000 000 
255 255 255 255 255 255 255 255 255 255 255 255 255 255 255 255 255 255 255 255 255 255 255 255 255 255 255 255 255 255 255 255 255 255 255 255 255 255 255 255 255 255 255 255 255 255 255 255 255 255 255 255 255 128 000 000 000 004 195 255 255 255 255 255 255 255 255 255 255 251 000 000 
255 255 255 255 255 255 255 255 255 255 255 255 255 255 255 255 255 255 255 255 255 255 255 255 255 255 255 255 255 255 255 255 255 255 255 255 255 255 255 255 255 255 255 255 255 255 255 255 255 255 255 255 244 087 000 000 001 155 255 206 186 201 216 232 238 242 246 249 254 251 000 000 
255 255 255 255 255 255 255 255 255 255 255 255 255 255 255 255 255 255 255 255 255 255 255 255 255 255 255 255 255 255 255 255 255 255 255 255 255 255 255 255 255 255 255 255 255 255 255 255 255 255 255 255 255 255 136 000 146 255 255 101 000 000 000 000 000 000 000 000 000 001 000 000 
255 255 255 255 255 255 255 255 255 255 255 255 255 255 255 255 255 255 255 255 255 255 255 255 255 255 255 255 255 255 255 255 255 255 255 255 255 255 255 255 255 255 255 255 255 255 255 255 255 255 255 255 255 255 255 194 255 255 255 101 000 000 000 000 000 000 000 000 000 000 000 000 
255 255 255 255 255 255 255 255 255 255 255 255 255 255 255 255 255 255 255 255 255 255 255 255 255 255 255 255 255 255 255 255 255 255 255 255 255 255 255 255 255 255 255 255 255 255 255 255 255 255 255 255 255 255 255 255 255 255 255 101 000 000 000 003 010 013 015 018 021 023 000 000 
255 255 255 255 255 255 255 255 233 198 211 224 237 251 255 255 255 255 255 255 255 255 255 255 255 255 255 255 255 255 255 255 255 255 255 255 255 255 255 255 250 237 224 211 198 235 255 255 255 255 255 255 255 255 255 255 255 255 255 213 201 220 239 254 255 255 255 255 255 251 000 000 
255 255 255 255 255 255 255 255 167 000 000 000 000 000 008 021 027 028 030 031 033 034 036 037 039 040 043 042 040 039 037 036 034 033 031 030 028 027 021 007 000 000 000 000 000 175 255 255 255 255 255 255 255 255 255 255 255 255 255 255 255 255 255 255 255 255 255 255 255 251 000 000 
255 255 255 255 255 255 255 255 167 000 000 000 000 000 000 000 000 000 000 000 000 000 000 000 000 000 000 000 000 000 000 000 000 000 000 000 000 000 000 000 000 000 000 000 000 175 255 255 255 255 255 255 255 255 255 255 255 255 255 255 255 255 255 255 255 255 255 255 255 251 000 000 
255 255 255 255 255 255 255 255 167 000 000 000 000 000 000 000 000 000 000 000 000 000 000 000 000 000 000 000 000 000 000 000 000 000 000 000 000 000 000 000 000 000 000 000 000 175 255 255 255 255 255 255 255 141 117 130 142 154 167 179 187 188 190 192 193 195 197 198 200 199 000 000 
255 255 255 255 255 255 255 255 167 000 000 009 023 036 049 062 068 069 071 072 074 075 077 078 080 081 083 083 081 080 078 077 075 074 072 071 069 068 062 048 035 022 009 000 000 175 255 255 255 255 255 255 255 058 000 000 000 000 000 000 000 000 000 000 000 000 000 000 000 000 000 000 
255 255 255 255 255 255 255 255 247 239 252 255 255 255 255 255 255 255 255 255 255 255 255 255 255 255 255 255 255 255 255 255 255 255 255 255 255 255 255 255 255 255 255 251 239 248 255 255 255 255 255 255 255 058 000 000 000 000 000 000 000 000 000 000 000 000 000 000 000 000 000 000 
255 255 255 255 255 255 255 255 255 255 255 255 255 255 255 255 255 255 255 255 255 255 255 255 255 255 255 255 255 255 255 255 255 255 255 255 255 255 255 255 255 255 255 255 255 255 255 255 255 255 255 255 255 058 000 000 000 000 000 011 019 021 022 024 025 027 028 030 031 033 034 035 
255 255 255 255 255 255 255 255 255 255 255 255 255 255 255 255 255 255 255 255 255 255 255 255 255 255 255 255 255 255 255 255 255 255 255 255 255 255 255 255 255 255 255 255 255 255 255 255 255 255 255 255 255 201 197 211 225 239 252 255 255 255 255 255 255 255 255 255 255 255 255 255 
255 255 255 255 255 255 255 255 255 255 255 255 255 255 255 255 255 255 255 255 255 255 255 255 255 255 255 255 255 255 255 255 255 255 255 255 255 255 255 255 255 255 255 255 255 255 255 255 255 255 255 255 255 255 255 255 255 255 255 255 255 255 255 255 255 255 255 255 255 255 255 255 
255 255 255 255 255 255 255 255 255 255 255 255 255 255 255 255 255 255 255 255 255 255 255 255 255 255 255 255 255 255 255 255 255 255 255 255 255 255 255 255 255 255 255 255 255 255 255 255 255 255 255 255 255 255 255 255 255 255 255 255 255 255 255 255 255 255 255 255 255 255 255 255 
255 255 255 255 255 255 255 255 255 255 255 255 255 255 255 255 255 255 255 255 255 255 255 255 255 255 255 255 255 255 255 255 255 255 255 255 255 255 255 255 255 255 255 255 255 255 255 255 255 255 255 255 255 255 255 255 255 255 255 255 255 255 255 255 255 255 255 255 255 255 255 255 
255 255 255 255 255 255 255 255 255 255 255 255 255 255 255 255 255 255 255 255 255 255 255 255 255 255 255 255 255 255 255 255 255 255 255 255 255 255 255 255 255 255 255 255 255 255 255 255 255 255 255 255 255 255 255 255 255 255 255 255 255 255 255 255 255 255 255 255 255 255 255 255 
255 255 255 255 255 255 255 255 255 255 255 255 255 255 255 255 255 255 255 255 255 255 255 255 255 255 255 255 255 255 255 255 255 255 255 255 255 255 255 255 255 255 255 255 255 255 255 255 255 255 255 255 255 255 255 255 255 255 255 255 255 255 255 255 255 255 255 255 255 255 255 255 
255 255 255 255 255 255 255 255 255 255 255 255 255 255 255 255 255 255 255 255 255 255 255 255 255 255 255 255 255 255 255 255 255 255 255 255 255 255 255 255 255 255 255 255 255 255 255 255 255 255 255 255 255 255 255 255 255 255 255 255 255 255 255 255 255 255 255 255 255 255 255 255 
255 255 255 255 255 255 255 255 255 255 255 255 255 255 255 255 255 255 255 255 255 255 255 255 255 255 255 255 255 255 255 255 255 255 255 255 255 255 255 255 255 255 255 255 255 255 255 255 255 255 255 255 255 255 255 255 255 255 255 255 255 255 255 255 255 255 255 255 255 255 255 255 
255 255 255 255 255 255 255 255 255 255 255 255 255 255 255 255 255 255 255 255 255 255 255 255 255 255 255 255 255 255 255 255 255 255 255 255 255 255 255 255 255 255 255 255 255 255 255 255 255 255 255 255 255 255 255 255 255 255 255 255 255 255 255 255 255 255 255 255 255 255 255 255 
255 255 255 255 255 255 255 255 255 255 255 255 255 255 255 255 255 255 255 255 255 255 255 255 255 255 255 255 255 255 255 255 255 255 255 255 255 255 255 255 255 255 255 255 255 255 255 255 255 255 255 255 255 255 255 255 255 255 255 255 255 255 255 255 255 255 255 255 255 255 255 255 
255 255 255 255 255 255 255 255 255 255 255 255 255 255 255 255 255 255 255 255 255 255 255 255 255 255 255 255 255 255 255 255 255 255 255 255 255 255 255 255 255 255 255 255 255 255 255 255 255 255 255 255 255 255 255 255 255 255 255 255 255 255 255 255 255 255 255 255 255 255 255 255 
255 255 255 255 255 255 255 255 255 255 255 255 255 255 255 255 255 255 255 255 255 255 255 255 255 255 255 255 255 255 255 255 255 255 255 255 255 255 255 255 255 255 255 255 255 255 255 255 255 255 255 255 255 255 255 255 255 255 255 255 255 255 255 255 255 255 255 255 255 255 255 255 
255 255 255 255 255 255 255 255 255 255 255 255 255 255 255 255 255 255 255 255 255 255 255 255 255 255 255 255 255 255 255 255 255 255 255 255 255 255 255 255 255 255 255 255 255 255 255 255 255 255 255 255 255 255 255 255 255 255 255 255 255 255 255 255 255 255 255 255 255 255 255 255 
255 255 255 255 255 255 255 255 255 255 255 255 255 255 255 255 255 255 255 255 255 255 255 255 255 255 255 255 255 255 255 255 255 255 255 255 255 255 255 255 255 255 255 255 255 255 255 255 255 255 255 255 255 255 255 255 255 255 255 255 255 255 255 255 255 255 255 255 255 255 255 255 
255 255 255 255 255 255 255 255 255 255 255 255 255 255 255 255 255 255 255 255 255 255 255 255 255 255 255 255 255 255 255 255 255 255 255 255 255 255 255 255 255 255 255 255 255 255 255 255 255 255 255 255 255 255 255 255 255 255 255 255 255 255 255 255 255 255 255 255 255 255 255 255 
255 255 255 255 255 255 255 255 255 255 255 255 255 255 255 255 255 255 255 255 255 255 255 255 255 255 255 255 255 255 255 255 255 255 255 255 255 255 255 255 255 255 255 255 255 255 255 255 255 255 255 255 255 255 255 255 255 255 255 255 255 255 255 255 255 255 255 255 255 255 255 255 
255 255 255 255 255 255 255 255 255 255 255 255 255 255 255 255 255 255 255 255 255 255 255 255 255 255 255 255 255 255 255 255 255 255 255 255 255 255 255 255 255 255 255 255 255 255 255 255 255 255 255 255 255 255 255 255 255 255 255 255 255 255 255 255 255 255 255 255 255 255 255 255 
255 255 255 255 255 255 255 255 255 255 255 255 255 255 255 255 255 255 255 255 255 255 255 255 255 255 255 255 255 255 255 255 255 255 255 255 255 255 255 255 255 255 255 255 255 255 255 255 255 255 255 255 255 255 255 255 255 255 255 255 255 255 255 255 255 255 255 255 255 255 255 255 
255 255 255 255 255 255 255 255 255 255 255 255 255 255 255 255 255 255 255 255 255 255 255 255 255 255 255 255 255 255 255 255 255 255 255 255 255 255 255 255 255 255 255 255 255 255 255 255 255 255 255 255 255 255 255 255 255 255 255 255 255 255 255 255 255 255 255 255 255 255 255 255 
255 255 255 255 255 255 255 255 255 255 255 255 255 255 255 255 255 255 255 255 255 255 255 255 255 255 255 255 255 255 255 255 255 255 255 255 255 255 255 255 255 255 255 255 255 255 255 255 255 255 255 255 255 255 255 255 255 255 255 255 255 255 255 255 255 255 255 255 255 255 255 255 
255 255 255 255 255 255 255 255 255 255 255 255 255 255 255 255 255 255 255 255 255 255 255 255 255 255 255 255 255 255 255 255 255 255 255 255 255 255 255 255 255 255 255 255 255 255 255 255 255 255 255 255 255 255 255 255 255 255 255 255 255 255 255 255 255 255 255 255 255 255 255 255 
255 255 255 255 255 255 255 255 255 255 255 255 255 255 255 255 255 255 255 255 255 255 255 255 255 255 255 255 255 255 255 255 255 255 255 255 255 255 255 255 255 255 255 255 255 255 255 255 255 255 255 255 255 255 255 255 255 255 255 255 255 255 255 255 255 255 255 255 255 255 255 255 
255 255 255 255 255 255 255 255 255 255 255 255 255 255 255 255 255 255 255 255 255 255 255 255 255 255 255 255 255 255 255 255 255 255 255 255 255 255 255 255 255 255 255 255 255 255 255 255 255 255 255 255 255 255 255 255 255 255 255 255 255 255 255 255 255 255 255 255 255 255 255 255 
255 255 255 255 255 255 255 255 255 255 255 255 255 255 255 255 255 255 255 255 255 255 255 255 255 255 255 255 255 255 255 255 255 255 255 255 255 255 255 255 255 255 255 255 255 255 255 255 255 255 255 255 255 255 255 255 255 255 255 255 255 255 255 255 255 255 255 255 255 255 255 255 
255 255 255 255 255 255 255 255 255 255 255 255 255 255 255 255 255 255 255 255 255 255 255 255 255 255 255 255 255 255 255 255 255 255 255 255 255 255 255 255 255 255 255 255 255 255 255 255 255 255 255 255 255 255 255 255 255 255 255 255 255 255 255 255 255 255 255 255 255 255 255 255 
255 255 255 255 255 255 255 255 255 255 255 255 255 255 255 255 255 255 255 255 255 255 255 255 255 255 255 255 255 255 255 255 255 255 255 255 255 255 255 255 255 255 255 255 255 255 255 255 255 255 255 255 255 255 255 255 255 255 255 255 255 255 255 255 255 255 255 255 255 255 255 255 
255 255 255 255 255 255 255 255 255 255 255 255 255 255 255 255 255 255 255 255 255 255 255 255 255 255 255 255 255 255 255 255 255 255 255 255 255 255 255 255 255 255 255 255 255 255 255 255 255 255 255 255 255 255 255 255 255 255 255 255 255 255 255 255 255 255 255 255 255 255 255 255 
255 255 255 255 255 255 255 255 255 255 255 255 255 255 255 255 255 255 255 255 255 255 255 255 255 255 255 255 255 255 255 255 255 255 255 255 255 255 255 255 255 255 255 255 255 255 255 255 255 255 255 255 255 255 255 255 255 255 255 255 255 255 255 255 255 255 255 255 255 255 255 255 
255 255 255 255 255 255 255 255 255 255 255 255 255 255 255 255 255 255 255 255 255 255 255 255 255 255 255 255 255 255 255 255 255 255 255 255 255 255 255 255 255 255 255 255 255 255 255 255 255 255 255 255 255 255 255 255 255 255 255 255 255 255 255 255 255 255 255 255 255 255 255 255 
255 255 255 255 255 255 255 255 255 255 255 255 255 255 255 255 255 255 255 255 255 255 255 255 255 255 255 255 255 255 255 255 255 255 255 255 255 255 255 255 255 255 255 255 255 255 255 255 255 255 255 255 255 255 255 255 255 255 255 255 255 255 255 255 255 255 255 255 255 255 255 255 
255 255 255 255 255 255 255 255 255 255 255 255 255 255 255 255 255 255 255 255 255 255 255 255 255 255 255 255 249 110 145 157 157 162 251 255 255 255 255 255 255 255 255 255 255 255 255 255 255 255 255 255 255 255 255 255 255 255 255 255 255 255 255 255 255 255 255 255 255 255 255 255 
255 255 255 255 255 255 255 255 255 255 255 255 222 064 156 236 255 255 255 255 255 255 255 255 255 255 255 255 255 020 000 000 000 053 245 255 255 255 255 255 255 255 255 255 255 255 255 255 255 255 255 255 255 255 255 255 255 255 255 255 255 255 255 255 255 255 255 255 255 255 255 255 
255 255 255 255 255 255 255 255 255 255 255 255 174 000 000 001 042 120 255 255 255 255 255 255 255 255 255 255 255 053 000 000 000 163 255 255 255 255 255 255 255 255 255 255 255 255 255 255 255 255 255 255 255 255 255 255 255 255 255 255 255 255 255 255 255 255 255 255 255 255 255 255 
255 255 255 255 255 255 255 255 255 255 255 255 128 000 000 000 004 163 255 255 255 255 255 255 255 255 255 255 255 070 000 000 000 212 255 255 255 255 255 255 255 255 255 255 255 255 255 255 255 255 255 255 255 255 255 122 041 064 087 096 097 098 099 100 101 102 103 104 105 106 105 105 
255 255 255 255 255 255 255 255 255 255 255 255 081 000 000 000 097 255 251 255 255 255 255 255 255 255 255 255 255 086 000 000 000 245 255 255 255 255 255 255 255 255 255 255 251 255 255 255 255 255 255 255 255 255 255 108 000 000 000 000 000 000 000 000 000 000 000 000 000 000 000 000 
255 255 255 255 255 255 255 255 255 255 255 255 030 000 000 003 220 255 084 008 026 044 063 072 077 081 085 089 094 037 000 000 000 095 091 087 083 079 075 072 059 042 024 007 085 255 255 255 255 255 255 255 255 255 255 108 000 000 000 000 000 000 000 000 000 000 000 000 000 000 000 000 
255 255 255 255 255 255 255 255 255 255 255 213 000 000 000 082 255 255 084 000 000 000 000 000 000 000 000 000 000 000 000 000 000 000 000 000 000 000 000 000 000 000 000 000 085 255 255 255 255 255 255 255 255 255 255 144 082 108 131 138 143 148 152 002 000 000 021 154 154 154 154 154 
255 255 255 255 255 255 255 255 255 255 255 140 000 000 000 186 255 255 084 000 000 000 000 000 000 000 000 000 000 000 000 000 000 000 000 000 000 000 000 000 000 000 000 000 085 255 255 255 255 255 255 255 255 255 255 255 255 255 255 255 255 255 246 000 000 000 052 255 255 255 255 255 
255 255 255 255 255 255 255 255 255 255 255 066 000 000 026 254 255 255 130 083 101 119 137 148 152 156 161 165 169 092 000 000 001 171 167 163 159 155 151 147 135 118 100 082 131 255 255 255 255 255 255 255 255 255 255 255 255 255 255 255 255 255 229 000 000 000 073 255 255 255 255 255 
255 255 255 255 255 255 255 255 255 255 242 006 000 000 042 255 255 255 255 255 255 255 255 255 255 255 255 255 255 140 000 000 000 251 255 255 255 255 255 255 255 255 255 255 255 255 255 255 255 255 255 255 255 255 255 255 255 255 255 255 255 255 202 000 000 000 101 255 255 255 255 255 
255 255 255 255 255 255 255 255 255 255 161 000 000 000 042 255 255 255 255 255 255 255 255 255 255 255 255 255 255 145 000 000 000 244 255 255 255 255 255 255 255 255 255 255 255 255 255 255 255 255 249 098 126 153 179 187 190 193 195 198 201 204 142 000 000 000 104 207 207 207 207 207 
255 255 255 255 255 255 255 255 255 255 071 000 000 000 042 255 255 255 255 255 255 255 255 255 255 255 255 255 255 150 000 000 000 236 255 255 255 255 255 255 255 255 255 255 255 255 255 255 255 255 246 000 000 000 000 000 000 000 000 000 000 000 000 000 000 000 000 000 000 000 000 000 
255 255 255 255 255 255 255 255 255 228 004 000 000 000 042 255 255 255 255 197 127 145 163 180 186 191 195 200 205 127 000 000 000 186 203 199 194 190 185 177 160 142 124 216 255 255 255 255 255 255 246 000 000 000 000 000 000 000 000 000 000 000 000 000 000 000 000 000 000 000 000 000 
255 255 255 255 255 255 255 255 255 100 000 000 000 000 042 255 255 255 255 170 000 000 000 000 000 000 000 000 000 000 000 000 000 000 000 000 000 000 000 000 000 000 000 208 255 255 255 255 255 255 246 000 000 012 038 047 051 056 060 065 069 073 017 000 000 004 076 076 076 076 076 076 
255 255 255 255 255 255 255 255 215 003 000 000 000 000 042 255 255 255 255 198 000 000 000 000 000 000 000 000 000 000 000 000 000 000 000 000 000 000 000 000 000 000 000 238 255 255 255 255 255 255 253 212 240 255 255 255 255 255 255 255 255 255 029 000 000 044 255 255 255 255 255 255 
255 255 255 255 255 255 255 255 082 000 000 000 000 000 042 255 255 255 255 217 000 000 000 082 106 106 106 106 106 066 000 000 000 094 106 106 106 106 106 053 000 000 000 253 255 255 255 255 255 255 255 255 255 255 255 255 255 255 255 255 255 241 000 000 000 089 255 255 255 255 255 255 
255 255 255 255 255 255 255 200 000 000 000 001 000 000 042 255 255 255 255 222 000 000 000 196 255 255 255 255 255 157 000 000 000 225 255 255 255 255 255 128 000 000 002 255 255 255 255 255 255 255 255 255 255 255 255 255 255 255 255 255 255 194 000 000 000 144 255 255 255 255 255 255 
255 255 255 255 255 255 250 055 000 000 005 076 000 000 042 255 255 255 255 227 000 000 000 196 255 255 255 255 255 157 000 000 000 225 255 255 255 255 255 128 000 000 007 255 255 255 255 255 255 255 255 255 255 255 252 255 255 255 255 255 255 136 000 000 000 215 255 255 255 255 255 255 
255 255 255 255 255 255 108 000 000 000 099 106 000 000 042 255 255 255 255 230 000 000 000 196 255 255 255 255 255 157 000 000 000 226 255 255 255 255 255 128 000 000 008 255 255 255 255 255 255 255 255 255 255 255 019 021 041 043 045 048 050 020 000 000 000 052 052 052 052 052 052 052 
255 255 255 255 255 202 000 000 000 004 220 106 000 000 042 255 255 255 255 225 000 000 000 196 255 255 255 255 255 154 000 000 000 233 255 255 255 255 255 128 000 000 005 255 255 255 255 255 255 255 255 255 255 255 017 000 000 000 000 000 000 000 000 000 000 000 000 000 000 000 000 000 
255 255 255 255 255 255 149 003 000 115 255 106 000 000 042 255 255 255 255 219 000 000 000 196 255 255 255 255 255 149 000 000 000 241 255 255 255 255 255 128 000 000 002 255 255 255 255 255 255 255 255 255 255 255 017 000 000 000 000 000 000 000 000 000 000 000 000 000 000 000 000 000 
255 255 255 255 255 255 255 129 031 244 255 106 000 000 042 255 255 255 255 213 000 000 000 070 091 091 091 091 091 053 000 000 000 088 091 091 091 091 091 046 000 000 000 252 255 255 255 255 255 255 255 255 255 255 136 167 196 205 214 223 044 000 000 046 230 230 230 230 230 230 230 230 
255 255 255 255 255 255 255 253 208 255 255 106 000 000 042 255 255 255 255 192 000 000 000 000 000 000 000 000 000 000 000 000 000 000 000 000 000 000 000 000 000 000 000 230 255 255 255 255 255 255 255 255 255 255 255 255 255 255 255 184 000 000 000 160 255 255 255 255 255 255 255 255 
255 255 255 255 255 255 255 255 255 255 255 106 000 000 042 255 255 255 255 167 000 000 000 000 000 000 000 000 000 000 000 000 000 000 000 000 000 000 000 000 000 000 000 204 255 255 255 255 255 255 255 255 255 255 255 255 255 255 241 032 000 000 032 249 255 255 255 255 255 255 255 255 
255 255 255 255 255 255 255 255 255 255 255 106 000 000 042 255 255 255 255 198 129 144 160 175 181 185 190 195 199 082 000 000 037 202 198 195 191 188 184 177 161 144 127 217 255 255 255 255 255 255 255 255 255 255 255 255 255 255 091 000 000 000 173 255 255 255 255 255 255 255 255 255 
255 255 255 255 255 255 255 255 255 255 255 106 000 000 042 255 255 255 255 255 255 255 249 249 255 255 255 255 255 082 000 000 067 255 255 255 255 255 255 255 255 255 255 255 255 255 255 255 255 255 255 255 255 255 255 255 255 163 000 000 000 016 133 137 141 142 142 142 142 142 142 142 
255 255 255 255 255 255 255 255 255 255 255 106 000 000 042 255 255 255 255 255 255 205 044 128 255 255 255 255 255 057 000 000 091 255 255 255 255 255 255 255 255 255 255 255 255 255 255 255 255 255 255 255 255 255 255 255 195 011 000 000 005 019 000 000 000 000 000 000 000 000 000 000 
255 255 255 255 255 255 255 255 255 255 255 106 000 000 042 255 255 255 255 255 174 004 000 007 194 255 255 255 247 008 000 000 131 255 255 255 255 255 255 255 255 255 255 255 255 255 255 255 255 255 255 255 255 255 255 199 013 000 000 000 134 051 000 000 000 000 000 000 000 000 000 000 
255 255 255 255 255 255 255 255 255 255 255 106 000 000 042 255 255 255 255 255 241 036 000 000 014 204 255 255 189 000 000 000 198 255 255 255 255 255 255 255 255 255 255 255 255 255 255 255 255 255 255 255 255 255 204 015 000 000 000 062 253 051 000 000 025 152 152 152 152 152 152 152 
255 255 255 255 255 255 255 255 255 255 255 106 000 000 042 255 255 255 255 255 255 213 021 000 000 020 210 255 121 000 000 013 251 255 255 255 255 255 255 255 255 255 255 255 255 255 255 255 255 255 255 255 255 178 015 000 000 000 036 233 255 051 000 000 042 255 255 255 255 255 255 255 
255 255 255 255 255 255 255 255 255 255 255 106 000 000 042 255 255 255 255 255 255 255 208 017 000 000 010 140 015 000 000 076 255 255 255 255 255 255 255 255 255 255 255 255 255 255 255 255 255 255 255 253 125 001 000 000 000 022 221 255 255 051 000 000 042 255 255 255 255 255 255 255 
255 255 255 255 255 255 255 255 255 255 255 106 000 000 042 255 255 255 255 255 255 255 255 203 015 000 000 000 000 000 000 176 255 255 255 255 255 255 255 255 255 255 255 255 255 255 255 255 255 255 231 074 000 000 000 000 012 204 255 255 255 051 000 000 042 255 255 255 255 255 255 255 
255 255 255 255 255 255 255 255 255 255 255 101 000 000 042 255 255 255 255 255 255 255 255 255 214 038 000 000 000 000 016 198 255 255 255 255 255 255 255 255 255 255 255 255 255 255 255 255 255 223 026 000 000 000 000 005 184 255 255 255 255 051 000 000 042 255 255 255 255 255 255 255 
255 255 255 255 255 255 255 255 255 255 255 096 000 000 042 255 255 255 255 255 255 255 255 255 235 066 000 000 000 000 000 000 039 111 182 245 255 255 255 255 255 255 255 255 255 255 255 255 255 255 231 078 000 000 004 167 255 255 255 255 255 051 000 000 042 255 255 255 255 255 255 255 
255 255 255 255 255 255 255 255 255 255 255 091 000 000 042 255 255 255 255 255 255 255 255 186 030 000 000 000 000 000 000 000 000 000 000 006 043 079 116 150 161 168 174 180 169 179 255 255 255 255 255 255 160 015 177 255 255 255 255 255 255 051 000 000 024 146 146 146 146 146 146 146 
255 255 255 255 255 255 255 255 255 255 255 086 000 000 042 255 255 255 255 255 255 179 056 000 000 000 000 025 203 159 039 000 000 000 000 000 000 000 000 000 000 000 000 000 000 171 255 255 255 255 255 255 255 241 255 255 255 255 255 255 255 051 000 000 000 000 000 000 000 000 000 000 
255 255 255 255 255 255 255 255 255 255 255 066 000 000 042 255 255 255 251 172 049 000 000 000 000 000 050 225 255 255 255 194 094 010 000 000 000 000 000 000 000 000 000 000 032 254 255 255 255 255 255 255 255 255 255 255 255 255 255 255 255 051 000 000 000 000 000 000 000 000 000 000 
255 255 255 255 255 255 255 255 255 255 255 037 000 000 042 255 224 086 016 000 000 000 000 000 015 146 252 255 255 255 255 255 255 244 182 116 050 002 000 000 000 000 000 000 125 255 255 255 255 255 255 255 255 255 255 255 255 255 255 255 255 049 000 000 017 103 103 103 103 103 103 103 
255 255 255 255 255 255 255 255 255 255 255 009 000 000 042 255 255 163 003 000 000 000 000 093 232 255 255 255 255 255 255 255 255 255 255 255 255 238 175 114 075 039 006 000 200 255 255 255 255 255 255 255 255 255 255 255 255 255 255 255 255 039 000 000 042 255 255 255 255 255 255 255 
255 255 255 255 255 255 255 255 255 255 236 000 000 000 042 255 255 255 166 001 000 063 194 255 255 255 255 255 255 255 255 255 255 255 255 255 255 255 255 255 255 255 253 223 250 255 255 255 255 255 255 255 255 255 255 255 255 255 255 255 255 018 000 000 042 255 255 255 255 255 255 255 
255 255 255 255 255 255 255 255 255 255 249 210 210 210 218 255 255 255 255 157 210 255 255 255 255 255 255 255 255 255 255 255 255 255 255 255 255 255 255 255 255 255 255 255 255 255 255 255 255 255 255 255 255 255 255 255 255 255 255 255 255 134 132 132 153 255 255 255 255 255 255 255 
255 255 255 255 255 255 255 255 255 255 255 255 255 255 255 255 255 255 255 255 255 255 255 255 255 255 255 255 255 255 255 255 255 255 255 255 255 255 255 255 255 255 255 255 255 255 255 255 255 255 255 255 255 255 255 255 255 255 255 255 255 255 255 255 255 255 255 255 255 255 255 255 
255 255 255 255 255 255 255 255 255 255 255 255 255 255 255 255 255 255 255 255 255 255 255 255 255 255 255 255 255 255 255 255 255 255 255 255 255 255 255 255 255 255 255 255 255 255 255 255 255 255 255 255 255 255 255 255 255 255 255 255 255 255 255 255 255 255 255 255 255 255 255 255 
255 255 255 255 255 255 255 255 255 255 255 255 255 255 255 255 255 255 255 255 255 255 255 255 255 255 255 255 255 255 255 255 255 255 255 255 255 255 255 255 255 255 255 255 255 255 255 255 255 255 255 255 255 255 255 255 255 255 255 255 255 255 255 255 255 255 255 255 255 255 255 255 
255 255 255 255 255 255 255 255 255 255 255 255 255 255 255 255 255 255 255 255 255 255 255 255 255 255 255 255 255 255 255 255 255 255 255 255 255 255 255 255 255 255 255 255 255 255 255 255 255 255 255 255 255 255 255 255 255 255 255 255 255 255 255 255 255 255 255 255 255 255 255 255 
255 255 255 255 255 255 255 255 255 255 255 255 255 255 255 255 255 255 255 255 255 255 255 255 255 255 255 255 255 255 255 255 255 255 255 255 255 255 255 255 255 255 255 255 255 255 255 255 255 255 255 255 255 255 255 255 255 255 255 255 255 255 255 255 255 255 255 255 255 255 255 255 
255 255 255 255 255 255 255 255 255 255 255 255 255 255 255 255 255 255 255 255 255 255 255 255 255 255 255 255 255 255 255 255 255 255 255 255 255 255 255 255 255 255 255 255 255 255 255 255 255 255 255 255 255 255 255 255 255 255 255 255 255 255 255 255 255 255 255 255 255 255 255 255 
255 255 255 255 255 255 255 255 255 255 255 255 255 255 255 255 255 255 255 255 255 255 255 255 255 255 255 255 255 255 255 255 255 255 255 255 255 255 255 255 255 255 255 255 255 255 255 255 255 255 255 255 255 255 255 255 255 255 255 255 255 255 255 255 255 255 255 255 255 255 255 255 
255 255 255 255 255 255 255 255 255 255 255 255 255 255 255 255 255 255 255 255 255 255 255 255 255 255 255 255 255 255 255 255 255 255 255 255 255 255 255 255 255 255 255 255 255 255 255 255 255 255 255 255 255 255 255 255 255 255 255 255 255 255 255 255 255 255 255 255 255 255 255 255 
255 255 255 255 255 255 255 255 255 255 255 255 255 255 255 255 255 255 255 255 255 255 255 255 255 255 255 255 255 255 255 255 255 255 255 255 255 255 255 255 255 255 255 255 255 255 255 255 255 255 255 255 255 255 255 255 255 255 255 255 255 255 255 255 255 255 255 255 255 255 255 255 
255 255 255 255 255 255 255 255 255 255 255 255 255 255 255 255 255 255 255 255 255 255 255 255 255 255 255 255 255 255 255 255 255 255 255 255 255 255 255 255 255 255 255 255 255 255 255 255 255 255 255 255 255 255 255 255 255 255 255 255 255 255 255 255 255 255 255 255 255 255 255 255 
255 255 255 255 255 255 255 255 255 255 255 255 255 255 255 255 255 255 255 255 255 255 255 255 255 255 255 255 255 255 255 255 255 255 255 255 255 255 255 255 255 255 255 255 255 255 255 255 255 255 255 255 255 255 255 255 255 255 255 255 255 255 255 255 255 255 255 255 255 255 255 255 
255 255 255 255 255 255 255 255 255 255 255 255 255 255 255 255 255 255 255 255 255 255 255 255 255 255 255 255 255 255 255 255 255 255 255 255 255 255 255 255 255 255 255 255 255 255 255 255 255 255 255 255 255 255 255 255 255 255 255 255 255 255 255 255 255 255 255 255 255 255 255 255 
255 255 255 255 255 255 255 255 255 255 255 255 255 255 255 255 255 255 255 255 255 255 255 255 255 255 255 255 255 255 255 255 255 255 255 255 255 255 255 255 255 255 255 255 255 255 255 255 255 255 255 255 255 255 255 255 255 255 255 255 255 255 255 255 255 255 255 255 255 255 255 255 
255 255 255 255 255 255 255 255 255 255 255 255 255 255 255 255 255 255 255 255 255 255 255 255 255 255 255 255 255 255 255 255 255 255 255 255 255 255 255 255 255 255 255 255 255 255 255 255 255 255 255 255 255 255 255 255 255 255 255 255 255 255 255 255 255 255 255 255 255 255 255 255 
255 255 255 255 255 255 255 255 255 255 255 255 255 255 255 255 255 255 255 255 255 255 255 255 255 255 255 255 255 255 255 255 255 255 255 255 255 255 255 255 255 255 255 255 255 255 255 255 255 255 255 255 255 255 255 255 255 255 255 255 255 255 255 255 255 255 255 255 255 255 255 255 
255 255 255 255 255 255 255 255 255 255 255 255 255 255 255 255 255 255 255 255 255 255 255 255 255 255 255 255 255 255 255 255 255 255 255 255 255 255 255 255 255 255 255 255 255 255 255 255 255 255 255 255 255 255 255 255 255 255 255 255 255 255 255 255 255 255 255 255 255 255 255 255 
255 255 255 255 255 255 255 255 255 255 255 255 255 255 255 255 255 255 255 255 255 255 255 255 255 255 255 255 255 255 255 255 255 255 255 255 255 255 255 255 255 255 255 255 255 255 255 255 255 255 255 255 255 255 255 255 255 255 255 255 255 255 255 255 255 255 255 255 255 255 255 255 
255 255 255 255 255 255 255 255 255 255 255 255 255 255 255 255 255 255 255 255 255 255 255 255 255 255 255 255 255 255 255 255 255 255 255 255 255 255 255 255 255 255 255 255 255 255 255 255 255 255 255 255 255 255 255 255 255 255 255 255 255 255 255 255 255 255 255 255 255 255 255 255 
255 255 255 255 255 255 255 255 255 255 255 255 255 255 255 255 255 255 255 255 255 255 255 255 255 255 255 255 255 255 255 255 255 255 255 255 255 255 255 255 255 255 255 255 255 255 255 255 255 255 255 255 255 255 255 255 255 255 255 255 255 255 255 255 255 255 255 255 255 255 255 255 
255 255 255 255 255 255 255 255 255 255 255 255 255 255 255 255 255 255 255 255 255 255 255 255 255 255 255 255 255 255 255 255 255 255 255 255 255 255 255 255 255 255 255 255 255 255 255 255 255 255 255 255 255 255 255 255 255 255 255 255 255 255 255 255 255 255 255 255 255 255 255 255 
255 255 255 255 255 255 255 255 255 255 255 255 255 255 255 255 255 255 255 255 255 255 255 255 255 255 255 255 255 255 255 255 255 255 255 255 255 255 255 255 255 255 255 255 255 255 255 255 255 255 255 255 255 255 255 255 255 255 255 255 255 255 255 255 255 255 255 255 255 255 255 255 
255 255 255 255 255 255 255 255 255 255 255 255 255 255 255 255 255 255 255 255 255 255 255 255 255 255 255 255 255 255 255 255 255 255 255 255 255 255 255 255 255 255 255 255 255 255 255 255 255 255 255 255 255 255 255 255 255 255 255 255 255 255 255 255 255 255 255 255 255 255 255 255 
255 255 255 255 255 255 255 255 255 255 255 255 255 255 255 255 255 255 255 255 255 255 255 255 255 255 255 255 255 255 255 255 255 255 255 255 255 255 255 255 255 255 255 255 255 255 255 255 255 255 255 255 255 255 255 255 255 255 255 255 255 255 255 255 255 255 255 255 255 255 255 255 
255 255 255 255 255 255 255 255 255 255 255 255 255 255 255 255 255 255 255 255 255 255 255 255 255 255 255 255 255 255 255 255 255 255 255 255 255 255 255 255 255 255 255 255 255 255 255 255 255 255 255 255 255 255 255 255 255 255 255 255 255 255 255 255 255 255 255 255 255 255 255 255 
255 255 255 255 255 255 255 255 255 255 255 255 255 255 255 255 255 255 255 255 255 255 255 255 255 255 255 255 255 255 255 255 255 255 255 255 255 255 255 255 255 255 255 255 255 255 255 255 255 255 255 255 255 255 255 255 255 255 255 255 255 255 255 255 255 255 255 255 255 255 255 255 
255 255 255 255 255 255 255 255 255 255 255 255 255 255 255 255 255 255 255 255 255 255 255 255 255 255 255 255 255 255 255 255 255 255 255 255 255 255 255 255 255 255 255 255 255 255 255 255 255 255 255 255 255 255 255 255 255 255 255 255 255 255 255 255 255 255 255 255 255 255 255 255 
255 255 255 255 255 255 255 255 255 255 255 255 255 255 255 255 255 255 255 255 255 255 255 255 255 255 255 255 255 255 255 255 255 255 255 255 255 255 255 255 255 255 255 255 255 255 255 255 255 255 255 255 255 255 255 255 255 255 255 255 255 255 255 255 255 255 255 255 255 255 255 255 
255 255 255 255 255 255 255 255 255 255 255 255 255 255 255 255 255 255 255 255 255 255 255 255 255 255 255 255 255 255 255 255 255 255 255 255 255 255 255 255 255 255 255 255 255 255 255 255 255 255 255 255 255 255 255 255 255 255 255 255 255 255 255 255 157 143 223 255 255 255 255 255 
255 255 255 255 255 255 255 255 255 230 247 255 250 252 255 255 255 255 255 255 255 255 255 255 245 242 255 255 255 255 255 255 151 147 208 248 255 255 255 255 255 255 255 255 255 255 255 255 255 255 255 255 255 255 255 255 255 255 255 255 255 255 255 255 058 000 000 026 067 120 255 255 
255 255 255 255 255 255 255 255 255 065 000 004 000 159 255 255 255 255 255 255 255 255 223 115 017 111 255 255 255 255 255 255 045 000 000 010 175 255 255 255 255 255 255 255 255 255 255 255 255 255 255 255 255 255 255 255 255 255 255 255 255 255 255 246 006 000 000 000 018 178 255 255 
255 255 255 255 255 255 255 255 255 092 000 000 053 255 255 255 255 255 255 255 255 255 094 000 000 006 224 255 255 255 255 246 004 000 000 132 255 255 255 255 255 255 255 255 255 255 255 255 255 255 255 255 255 255 255 255 255 255 255 255 255 255 255 171 000 000 000 000 183 255 255 255 
255 255 255 255 255 255 255 255 255 119 000 000 079 255 255 255 255 255 255 255 255 255 233 016 000 000 108 255 255 255 255 177 000 000 038 249 255 255 255 255 255 255 255 255 255 255 255 255 255 255 255 255 255 255 255 255 255 255 255 255 255 255 255 080 000 000 000 098 255 255 255 255 
255 255 255 255 255 255 255 255 255 133 000 000 079 255 255 255 255 255 255 255 255 255 255 127 000 003 090 255 255 255 255 091 000 000 166 255 255 255 255 255 255 255 255 255 255 255 255 255 255 255 255 255 255 255 255 255 255 255 255 255 255 255 238 006 000 000 002 225 255 255 255 255 
255 255 255 255 255 255 255 255 255 135 000 000 079 255 255 255 255 255 203 185 204 222 240 236 126 227 255 255 255 255 247 013 000 038 253 255 251 246 233 207 182 241 255 255 255 255 255 255 255 167 008 022 035 049 062 072 075 079 082 086 090 093 069 000 000 000 016 098 098 098 098 098 
255 255 255 255 255 255 255 255 255 138 000 000 079 255 255 255 255 255 095 000 000 000 000 000 001 002 003 005 006 008 008 000 000 003 005 001 000 000 000 000 000 213 255 255 255 255 255 255 255 166 000 000 000 000 000 000 000 000 000 000 000 000 000 000 000 000 000 000 000 000 000 000 
255 255 255 255 255 255 255 255 255 141 000 000 079 255 255 255 255 255 095 000 000 000 000 000 000 000 000 000 000 000 000 000 000 000 000 000 000 000 000 000 000 213 255 255 255 255 255 255 255 166 000 000 000 000 000 000 000 000 000 000 000 000 000 000 000 000 000 000 000 000 000 000 
255 255 255 255 255 255 255 255 255 144 000 000 079 255 255 255 255 255 095 003 026 048 054 058 062 066 069 046 000 000 019 072 071 069 067 065 064 054 032 010 000 213 255 255 255 255 255 255 255 189 077 094 111 128 144 149 152 154 157 159 161 019 000 000 002 158 174 174 174 173 173 173 
255 255 255 229 165 202 218 221 224 131 000 000 067 209 200 186 157 255 244 253 255 255 255 255 255 255 255 142 000 000 083 255 255 255 255 255 255 255 255 255 243 251 255 255 255 255 255 255 255 255 255 255 255 255 255 255 255 255 255 255 173 000 000 000 098 255 255 255 255 255 255 255 
255 255 255 194 000 000 000 000 000 000 000 000 000 000 000 000 006 255 255 255 255 255 255 255 255 255 255 113 000 000 110 255 255 255 255 255 255 255 255 255 255 255 255 255 255 255 255 255 255 255 255 255 255 255 255 255 255 255 255 251 040 000 000 011 229 255 255 255 255 255 255 255 
255 255 255 194 000 000 000 000 000 000 000 000 000 000 000 000 006 255 255 254 253 255 255 255 255 255 255 080 000 000 146 255 255 255 255 255 255 255 255 252 255 255 255 255 255 255 255 255 255 255 255 255 255 255 255 255 255 255 255 132 000 000 000 140 255 255 255 255 255 255 255 255 
255 255 255 195 024 058 076 081 086 008 000 000 023 068 057 039 020 255 255 231 003 024 048 068 071 073 075 017 000 000 050 075 074 073 072 071 062 037 013 105 255 255 255 255 255 255 255 255 255 255 255 255 255 255 255 255 255 255 213 007 000 000 049 252 255 255 255 255 255 255 255 255 
255 255 255 255 255 255 255 255 230 000 000 000 079 255 255 255 255 255 255 231 000 000 000 000 000 000 000 000 000 000 000 000 000 000 000 000 000 000 000 104 255 255 255 255 255 255 255 255 255 255 255 255 255 255 255 255 255 253 055 000 000 000 018 033 033 033 033 033 033 033 032 029 
255 255 255 255 255 255 255 255 158 000 000 000 079 255 255 255 255 255 255 231 000 000 000 000 000 001 004 000 000 000 007 006 005 004 003 003 000 000 000 104 255 255 255 255 255 255 255 255 255 255 255 255 255 255 255 255 255 141 000 000 000 000 000 000 000 000 000 000 000 000 000 000 
255 255 255 255 255 255 255 255 077 000 000 000 079 255 255 255 255 255 255 248 188 212 235 246 251 255 182 000 000 055 255 255 255 255 255 255 247 223 199 211 255 255 255 255 255 255 255 255 255 255 255 255 255 255 255 255 202 008 000 000 000 001 005 005 005 005 005 005 005 005 005 005 
255 255 255 255 255 255 255 236 005 000 000 000 079 255 255 255 255 255 255 255 255 255 255 255 255 255 132 000 000 101 255 255 255 255 255 255 255 255 255 255 255 255 255 255 255 255 255 255 255 255 255 255 255 255 255 228 025 000 000 000 000 047 255 255 255 255 255 255 255 255 255 255 
255 255 255 255 255 255 255 151 000 000 000 000 079 255 253 255 255 255 255 255 255 255 255 255 255 255 075 000 000 151 255 255 255 255 255 255 255 255 255 255 255 255 255 255 255 255 255 255 255 255 255 255 255 255 246 051 000 000 000 000 000 047 255 255 255 255 255 255 255 255 255 255 
