255 255 255 255 255 255 255 255 255 255 255 255 255 255 255 255 255 255 255 255 255 255 255 255 255 255 255 255 255 255 255 255 255 255 255 255 255 255 255 255 255 255 255 255 255 255 255 255 255 255 255 255 255 255 255 255 255 255 255 255 255 255 255 255 255 255 255 255 255 255 255 255 
255 255 255 255 255 255 255 255 255 255 255 255 255 255 255 255 255 255 255 255 255 255 255 255 255 255 255 255 255 255 255 255 255 255 255 255 255 255 255 255 255 255 255 255 255 255 255 255 255 255 255 255 255 255 255 255 255 255 255 255 255 255 255 255 255 255 255 255 255 255 255 255 
255 255 255 255 255 255 255 255 255 255 255 255 255 255 255 255 255 255 255 255 255 255 255 255 255 255 255 255 255 255 255 255 255 255 255 255 255 255 255 255 255 255 255 255 255 255 255 255 255 255 255 255 255 255 255 255 255 255 255 255 255 255 255 255 255 255 255 255 255 255 255 255 
255 255 255 255 255 255 255 255 255 255 255 255 255 255 255 255 255 255 255 255 255 255 255 255 255 255 255 255 255 255 255 255 255 255 255 255 255 255 255 255 255 255 255 255 255 255 255 255 255 255 255 255 255 255 255 255 255 255 255 255 255 255 255 255 255 255 255 255 255 255 255 255 
255 255 255 255 255 255 255 255 255 255 255 255 255 255 255 255 255 255 255 255 255 255 255 255 255 255 255 255 255 255 255 255 255 255 255 255 255 255 255 255 255 255 255 255 255 255 255 255 255 255 255 255 255 255 255 255 255 255 255 255 255 255 255 255 255 255 255 255 255 255 255 255 
255 255 255 255 255 255 255 255 255 255 255 255 255 255 255 255 255 255 255 255 255 255 255 255 255 255 255 255 255 255 255 255 255 255 255 255 255 255 255 255 255 255 255 255 255 255 255 255 255 255 255 255 255 255 255 255 255 255 255 255 255 255 255 255 255 255 255 255 255 255 255 255 
255 255 255 255 255 255 255 255 255 255 255 255 255 255 255 255 255 255 255 255 255 255 255 255 255 255 255 255 255 255 255 255 255 255 255 255 255 255 255 255 255 255 255 255 255 255 255 255 255 255 255 255 255 255 255 255 255 255 255 255 255 255 255 255 255 255 255 255 255 255 255 255 
255 255 255 255 255 255 255 255 255 255 255 255 255 255 255 255 255 255 255 255 255 255 255 255 255 255 255 255 255 255 255 255 255 255 255 255 255 255 255 255 255 255 255 255 255 255 255 255 255 255 255 255 255 255 255 255 255 255 255 255 255 255 255 255 255 255 255 255 255 255 255 255 
255 255 255 255 255 255 255 255 255 255 255 255 255 255 255 255 255 255 255 255 255 255 255 255 255 255 255 255 255 255 255 255 255 255 255 255 255 255 255 255 255 255 255 255 255 255 255 255 255 255 255 255 255 255 255 255 255 255 255 255 255 255 255 255 255 255 255 255 255 255 255 255 
255 255 255 255 255 255 255 255 255 255 255 255 255 255 255 255 255 255 255 255 255 255 255 255 255 255 255 255 255 255 255 255 255 255 255 255 255 255 255 255 255 255 255 255 255 255 255 255 255 255 255 255 255 255 255 255 255 255 255 255 255 255 255 255 255 255 255 255 255 255 255 255 
255 255 255 255 255 255 255 255 255 255 255 255 255 255 255 255 255 255 255 255 255 255 255 255 255 255 255 255 255 255 255 255 255 255 255 255 255 255 255 255 255 255 255 255 255 255 255 255 255 255 255 255 255 255 255 255 255 255 255 255 255 255 255 255 255 255 255 255 255 255 255 255 
255 255 255 255 255 255 255 255 255 255 255 255 255 255 255 255 255 255 255 255 255 255 255 255 255 255 255 255 255 255 255 255 255 255 255 255 255 255 255 255 255 255 255 255 255 255 255 255 255 255 255 255 255 255 255 255 255 255 255 255 255 255 255 255 255 255 255 255 255 255 255 255 
255 255 255 255 255 255 255 255 255 255 255 255 255 255 255 255 255 255 255 255 255 255 255 255 255 255 255 255 255 255 255 255 255 255 255 255 255 255 255 255 255 255 255 255 255 255 255 255 255 255 255 255 255 255 255 255 255 255 255 255 255 255 255 255 255 255 255 255 255 255 255 255 
255 255 255 255 255 255 255 255 255 255 255 255 255 255 255 255 255 255 255 255 255 255 255 255 255 255 255 255 255 255 255 255 255 255 255 255 255 255 255 255 255 255 255 255 255 255 255 255 255 255 255 255 255 255 255 255 255 255 255 255 255 255 255 255 255 255 255 255 255 255 255 255 
255 255 255 255 255 255 255 255 255 255 255 255 255 255 255 255 255 255 255 255 255 255 255 255 255 255 255 255 255 255 255 255 255 255 255 255 255 255 255 255 255 255 255 255 255 255 255 255 255 255 255 255 255 255 255 255 255 255 255 255 255 255 255 255 255 255 255 255 255 255 255 255 
255 255 255 255 255 255 255 255 255 255 255 255 255 255 255 255 255 255 255 255 255 255 255 255 255 255 255 255 255 255 255 255 255 255 255 255 255 255 255 255 255 255 255 255 255 255 255 255 255 255 255 255 255 255 255 255 255 255 255 255 255 255 255 255 255 255 255 255 255 255 255 255 
255 255 255 255 255 255 255 255 255 255 255 255 255 255 255 255 255 255 255 255 255 255 255 255 255 255 255 255 255 255 255 255 255 255 255 255 255 255 255 255 255 255 255 255 255 255 255 255 255 255 255 255 255 255 255 255 255 255 255 255 255 255 255 255 255 255 255 255 255 255 255 255 
255 255 255 255 255 255 255 255 255 255 255 255 255 255 255 255 255 255 255 255 255 255 255 255 255 255 255 255 255 255 255 255 255 255 255 255 255 255 255 255 255 255 255 255 255 255 255 255 255 255 255 255 255 255 255 255 255 255 255 255 255 255 255 255 255 255 255 255 255 255 255 255 
255 255 255 255 255 255 255 255 255 255 255 255 255 255 255 255 255 255 255 255 255 255 255 255 255 255 255 255 255 255 255 255 255 255 255 255 255 255 255 255 255 255 255 255 255 255 255 255 255 255 255 255 255 255 255 255 255 255 255 255 255 255 255 255 255 255 255 255 255 255 255 255 
255 255 255 255 255 255 255 255 255 255 255 255 255 255 255 255 255 255 255 255 255 255 255 255 220 163 198 215 221 231 255 255 255 255 255 255 255 255 255 255 193 086 122 145 145 172 255 255 255 255 255 255 255 255 255 255 255 255 255 255 255 255 255 255 255 255 255 255 255 255 255 255 
255 255 255 255 255 255 255 255 255 255 255 255 255 255 255 255 255 255 255 255 255 255 255 255 195 000 000 000 000 060 255 255 255 255 255 255 255 255 255 255 199 000 000 000 000 153 255 255 255 255 255 255 255 255 255 255 255 255 255 255 255 255 255 255 255 255 255 255 255 255 255 255 
255 255 255 255 255 255 255 255 255 255 255 255 255 255 255 255 255 255 255 255 255 255 255 255 223 000 000 000 015 242 255 255 255 255 255 255 255 255 255 255 208 000 000 000 002 244 255 255 255 195 144 255 255 255 255 255 255 255 255 255 255 255 255 255 255 255 255 255 255 255 255 255 
255 255 255 255 255 255 255 255 255 255 255 255 255 255 255 255 255 255 255 255 255 255 255 255 242 000 000 000 083 255 255 255 255 255 255 255 255 255 255 255 212 000 000 000 027 255 255 253 130 003 000 155 255 255 255 255 255 255 255 255 255 255 255 255 255 255 255 255 255 255 255 255 
255 255 255 255 255 255 255 255 255 255 255 255 255 255 255 255 255 255 255 255 255 255 255 255 243 000 000 000 101 255 255 255 255 255 255 255 255 255 255 255 216 000 000 000 049 255 255 153 000 000 000 003 180 255 255 255 255 255 255 255 255 255 255 255 255 255 255 255 255 255 255 255 
255 253 252 250 249 243 230 217 204 191 179 166 206 255 255 255 255 255 255 255 255 255 255 255 244 000 000 000 101 255 255 255 255 255 255 255 255 255 255 255 221 000 000 000 068 255 255 254 087 000 000 000 016 222 255 255 255 255 255 255 255 255 255 255 255 255 255 255 255 255 255 255 
000 000 000 000 000 000 000 000 000 000 000 000 126 255 255 255 255 255 255 255 255 255 255 255 245 000 000 000 101 255 255 255 253 255 255 255 255 255 255 255 225 000 000 000 085 255 255 255 242 036 000 000 000 051 248 255 255 255 255 255 255 255 255 255 255 255 255 255 255 255 255 255 
000 000 000 000 000 000 000 000 000 000 000 000 126 255 255 255 255 255 255 255 255 255 255 255 247 000 000 000 101 255 201 090 049 253 255 255 255 255 255 255 220 000 000 000 103 255 255 255 255 203 005 000 000 041 220 255 255 255 255 255 255 255 255 255 255 255 255 255 255 255 255 255 
000 000 000 000 000 000 000 000 000 000 000 000 126 255 255 255 255 255 255 255 255 255 255 255 247 000 000 000 101 183 000 000 000 164 255 255 255 255 255 255 214 000 000 000 122 255 255 255 255 255 124 003 120 248 255 255 255 255 255 255 255 255 255 255 255 255 255 255 255 255 255 255 
181 179 177 174 172 169 163 148 133 118 103 088 165 255 255 255 255 255 255 255 255 255 255 255 247 000 000 000 101 255 054 000 000 041 255 255 255 255 255 255 207 000 000 000 140 255 255 255 255 255 243 203 255 255 255 255 255 255 255 255 255 255 255 255 255 255 255 255 255 255 255 255 
255 255 255 255 255 255 255 255 255 255 255 255 255 255 255 255 255 255 255 191 055 090 126 239 247 000 000 000 101 255 161 000 000 000 199 255 255 255 255 255 200 000 000 000 159 255 255 255 255 255 255 255 255 255 255 255 255 255 255 255 255 255 255 255 255 255 255 255 255 255 255 255 
255 255 255 255 255 255 255 255 255 255 255 255 255 255 255 255 255 255 255 179 000 000 000 235 247 000 000 000 101 255 248 019 000 000 103 112 032 064 076 085 071 000 000 000 087 128 128 128 127 127 121 110 098 087 075 054 017 255 255 255 255 255 255 255 255 255 255 255 255 255 255 255 
255 255 255 255 255 255 255 255 255 255 255 255 255 255 255 255 255 255 255 176 000 000 007 255 247 000 000 000 101 255 255 099 016 121 231 108 000 000 000 000 000 000 000 000 000 000 000 000 000 000 000 000 000 000 000 000 001 255 255 255 255 255 255 255 255 255 255 255 255 255 255 255 
255 255 255 255 255 255 255 255 255 255 255 255 255 255 255 255 255 255 255 161 000 000 033 255 247 000 000 000 101 255 255 221 243 255 255 108 000 000 000 000 000 000 000 000 000 000 000 000 000 000 000 000 000 000 000 000 001 255 255 255 255 255 255 255 255 255 255 255 255 255 255 255 
255 255 255 255 255 255 255 255 255 255 255 255 255 255 255 255 255 255 255 126 000 000 060 255 247 000 000 000 101 255 255 255 255 255 255 108 000 000 005 018 013 000 000 000 055 017 000 000 015 061 056 051 046 041 029 003 001 255 255 255 255 255 255 255 255 255 255 255 255 255 255 255 
255 255 255 255 255 255 255 255 254 255 255 255 255 255 255 255 255 255 255 091 000 000 086 255 247 000 000 000 101 255 255 255 255 255 255 232 229 247 255 255 109 000 000 000 241 067 000 000 059 255 255 255 255 255 255 251 224 255 255 255 255 255 255 255 255 255 255 255 255 255 255 255 
089 087 084 079 061 043 025 008 155 255 255 255 255 255 255 255 255 255 255 057 000 000 111 255 247 000 000 000 101 255 255 255 255 255 255 255 255 255 255 255 080 000 000 024 255 067 000 000 059 255 255 255 255 255 255 255 255 255 255 255 255 255 255 255 255 255 255 255 255 255 255 255 
000 000 000 000 000 000 000 000 155 255 255 255 255 255 255 255 255 255 255 022 000 000 132 255 247 000 000 000 101 255 255 255 255 255 255 255 255 255 255 255 052 000 000 063 255 067 000 000 059 255 255 255 255 255 255 255 255 255 255 255 255 255 255 255 255 255 255 255 255 255 255 255 
000 000 000 000 000 000 000 000 155 255 255 255 255 255 255 255 255 255 243 000 000 000 154 255 247 000 000 000 101 255 255 255 255 255 255 255 255 255 255 254 018 000 000 103 255 067 000 000 059 255 255 255 255 255 255 255 255 255 255 255 255 255 255 255 255 255 255 255 255 255 255 255 
053 050 047 041 022 003 000 000 155 255 255 255 255 255 255 255 255 255 187 000 000 000 176 255 247 000 000 000 101 255 255 255 255 255 255 255 255 255 255 201 000 000 000 144 255 067 000 000 059 255 255 255 255 255 255 255 255 255 255 255 255 255 255 255 255 255 255 255 255 255 255 255 
255 255 255 255 255 254 237 217 235 255 255 255 255 255 255 255 255 255 118 000 000 000 198 255 247 000 000 000 101 255 255 255 255 255 255 255 255 255 255 127 000 000 000 210 255 067 000 000 059 255 255 255 255 255 255 255 255 255 255 255 255 255 255 255 255 255 255 255 255 255 255 255 
255 255 255 255 255 255 255 255 255 255 255 255 255 255 255 255 255 255 078 010 000 000 220 255 247 000 000 000 101 255 255 255 255 255 255 255 255 255 255 053 000 000 027 255 255 067 000 000 059 255 255 255 255 255 255 255 255 255 255 255 255 255 255 255 255 255 255 255 255 255 255 255 
255 255 255 255 255 255 255 255 255 255 255 255 255 255 255 255 255 255 255 255 244 221 251 255 247 000 000 000 101 255 255 255 255 255 255 255 255 255 233 001 000 000 099 255 255 067 000 000 059 255 255 255 255 255 255 255 255 255 255 255 255 255 255 255 255 255 255 255 255 255 255 255 
255 255 255 255 255 255 253 182 255 255 255 255 255 255 255 255 255 255 255 255 255 255 255 255 247 000 000 000 101 255 255 255 255 255 255 255 255 255 161 000 000 000 171 255 255 067 000 000 059 255 255 255 255 255 255 255 255 255 255 255 255 255 255 255 255 255 255 255 255 255 255 255 
255 255 255 255 255 209 054 000 153 255 255 255 255 255 255 255 255 255 255 255 255 255 255 255 247 000 000 000 101 255 255 255 255 255 255 255 255 255 087 000 000 004 240 255 255 067 000 000 059 255 255 255 255 255 255 255 255 255 255 255 255 255 255 255 255 255 255 255 255 255 255 255 
255 255 255 255 135 004 000 000 006 199 255 255 255 255 255 255 255 255 255 255 255 255 255 255 247 000 000 000 101 255 255 255 255 255 255 255 255 234 012 000 000 060 255 255 255 067 000 000 059 255 255 255 255 255 255 255 255 255 255 255 255 255 255 255 255 255 255 255 255 255 255 255 
255 255 255 255 188 004 000 000 000 026 231 255 255 255 255 255 255 255 255 255 255 255 255 255 247 000 000 000 101 255 255 255 255 255 255 255 255 114 000 000 000 132 255 255 255 067 000 000 059 255 255 255 255 255 255 255 255 255 255 255 255 255 255 255 255 255 255 255 255 255 255 255 
255 255 255 255 255 153 000 000 000 000 059 251 255 255 255 255 255 255 255 255 255 255 255 255 247 000 000 000 101 255 255 255 255 255 255 255 229 008 000 000 002 217 255 255 255 067 000 000 059 255 255 255 255 255 255 255 255 255 255 255 255 255 255 255 255 255 255 255 255 255 255 255 
255 255 255 255 255 255 085 000 000 000 000 124 255 255 255 255 255 255 255 255 255 255 255 255 247 000 000 000 101 255 255 255 255 255 255 255 105 000 000 000 089 255 255 255 255 067 000 000 059 255 255 255 255 255 255 255 255 255 255 255 255 255 255 255 255 216 122 095 106 185 254 255 
255 255 255 255 255 255 234 021 000 000 000 003 195 255 255 255 255 255 255 255 255 255 255 255 247 000 000 000 101 255 255 255 255 255 255 223 005 000 000 002 215 255 255 255 255 067 000 000 059 255 255 255 255 255 255 255 255 255 255 255 255 255 255 250 090 000 000 000 000 000 042 222 
255 195 127 254 255 255 255 171 000 000 000 000 031 240 255 255 255 255 255 255 255 255 255 255 247 000 000 000 101 255 255 255 255 255 255 097 000 000 000 089 255 255 255 255 255 067 000 000 059 255 255 255 255 255 248 255 255 255 255 255 255 255 255 081 000 048 163 213 189 086 000 031 
255 158 000 040 148 240 255 255 085 000 000 000 000 096 255 255 255 255 255 255 255 255 255 255 247 000 000 000 101 255 255 255 255 255 181 002 000 000 002 215 255 255 255 255 255 067 000 000 059 255 255 255 255 255 172 128 252 255 255 255 255 255 193 000 061 245 255 255 255 255 127 000 
255 121 000 000 000 000 168 255 223 005 000 000 073 221 255 255 255 255 255 255 255 255 255 255 247 000 000 000 101 255 255 255 255 219 016 000 000 000 089 255 255 255 255 255 255 067 000 000 059 255 255 255 255 255 128 000 042 166 234 255 255 255 092 000 198 255 255 255 255 255 251 027 
249 029 000 000 000 007 240 255 255 101 028 172 255 255 255 255 255 255 255 255 255 255 255 255 244 000 000 000 098 255 255 255 243 043 000 000 000 021 227 255 255 255 255 255 255 067 000 000 059 255 255 255 255 255 079 000 000 000 155 255 255 255 055 007 255 255 255 255 255 255 255 091 
125 000 000 000 000 095 255 255 255 235 243 255 255 255 255 255 255 255 255 255 255 255 255 255 242 000 000 000 093 255 255 251 081 000 000 000 002 188 255 255 255 255 255 255 255 067 000 000 030 255 255 255 255 212 003 000 000 001 229 255 255 255 062 003 245 255 255 255 255 255 255 081 
000 000 000 000 002 216 255 255 255 255 255 255 255 255 255 255 255 255 255 255 255 255 255 255 239 000 000 000 089 255 247 078 000 000 000 000 133 255 255 255 255 255 255 255 255 069 000 000 000 058 131 134 123 039 000 000 000 068 255 255 255 255 129 000 153 255 255 255 255 255 239 010 
000 000 000 000 094 255 255 255 255 255 255 255 255 255 255 255 255 255 255 255 255 255 255 255 234 000 000 000 079 233 063 000 000 000 000 077 254 255 255 255 255 255 255 255 255 090 000 000 000 000 000 000 000 000 000 000 000 173 255 255 255 255 232 007 013 194 255 255 255 245 070 000 
000 000 000 081 249 255 255 255 255 255 255 255 255 255 255 255 255 255 255 255 255 255 255 255 216 000 000 000 061 175 043 000 000 000 038 239 255 255 255 255 255 255 255 255 255 160 000 000 000 000 000 000 000 000 000 000 067 251 255 255 255 255 255 173 005 001 070 123 103 019 000 070 
063 109 186 252 255 255 255 255 255 255 255 255 255 255 255 255 255 255 255 255 255 255 255 255 198 000 000 000 042 255 250 135 008 035 228 255 255 255 255 255 255 255 255 255 255 255 168 075 047 022 015 014 015 026 067 125 250 255 255 255 255 255 255 255 186 057 000 000 000 019 116 250 
255 255 255 255 255 255 255 255 255 255 255 255 255 255 255 255 255 255 255 255 255 255 255 255 179 000 000 000 024 255 255 255 184 226 255 255 255 255 255 255 255 255 255 255 255 255 255 255 255 255 255 255 255 255 255 255 255 255 255 255 255 255 255 255 255 255 214 184 196 250 255 255 
255 255 255 255 255 255 255 255 255 255 255 255 255 255 255 255 255 255 255 255 255 255 255 255 248 234 234 234 236 255 255 255 255 255 255 255 255 255 255 255 255 255 255 255 255 255 255 255 255 255 255 255 255 255 255 255 255 255 255 255 255 255 255 255 255 255 255 255 255 255 255 255 
255 255 255 255 255 255 255 255 255 255 255 255 255 255 255 255 255 255 255 255 255 255 255 255 255 255 255 255 255 255 255 255 255 255 255 255 255 255 255 255 255 255 255 255 255 255 255 255 255 255 255 255 255 255 255 255 255 255 255 255 255 255 255 255 255 255 255 255 255 255 255 255 
255 255 255 255 255 255 255 255 255 255 255 255 255 255 255 255 255 255 255 255 255 255 255 255 255 255 255 255 255 255 255 255 255 255 255 255 255 255 255 255 255 255 255 255 255 255 255 255 255 255 255 255 255 255 255 255 255 255 255 255 255 255 255 255 255 255 255 255 255 255 255 255 
255 255 255 255 255 255 255 255 255 255 255 255 255 255 255 255 255 255 255 255 255 255 255 255 255 255 255 255 255 255 255 255 255 255 255 255 255 255 255 255 255 255 255 255 255 255 255 255 255 255 255 255 255 255 255 255 255 255 255 255 255 255 255 255 255 255 255 255 255 255 255 255 
255 255 255 255 255 255 255 255 255 255 255 255 255 255 255 255 255 255 255 255 255 255 255 255 255 255 255 255 255 255 255 255 255 255 255 255 255 255 255 255 255 255 255 255 255 255 255 255 255 255 255 255 255 255 255 255 255 255 255 255 255 255 255 255 255 255 255 255 255 255 255 255 
255 255 255 255 255 255 255 255 255 255 255 255 255 255 255 255 255 255 255 255 255 255 255 255 255 255 255 255 255 255 255 255 255 255 255 255 255 255 255 255 255 255 255 255 255 255 255 255 255 255 255 255 255 255 255 255 255 255 255 255 255 255 255 255 255 255 255 255 255 255 255 255 
255 255 255 255 255 255 255 255 255 255 255 255 255 255 255 255 255 255 255 255 255 255 255 255 255 255 255 255 255 255 255 255 255 255 255 255 255 255 255 255 255 255 255 255 255 255 255 255 255 255 255 255 255 255 255 255 255 255 255 255 255 255 255 255 255 255 255 255 255 255 255 255 
255 255 255 255 255 255 255 255 255 255 255 255 255 255 255 255 255 255 255 255 255 255 255 255 255 255 255 255 255 255 255 255 255 255 255 255 255 255 255 255 255 255 255 255 255 255 255 255 255 255 255 255 255 255 255 255 255 255 255 255 255 255 255 255 255 255 255 255 255 255 255 255 
255 255 255 255 255 255 255 255 255 255 255 255 255 255 255 255 255 255 255 255 255 255 255 255 255 255 255 255 255 255 255 255 255 255 255 255 255 255 255 255 255 255 255 255 255 255 255 255 255 255 255 255 255 255 255 255 255 255 255 255 255 255 255 255 255 255 255 255 255 255 255 255 
255 255 255 255 255 255 255 255 255 255 255 255 255 255 255 255 255 255 255 255 255 255 255 255 255 255 255 255 255 255 255 255 255 255 255 255 255 255 255 255 255 255 255 255 255 255 255 255 255 255 255 255 255 255 255 255 255 255 255 255 255 255 255 255 255 255 255 255 255 255 255 255 
255 255 255 255 255 255 255 255 255 255 255 255 255 255 255 255 255 255 255 255 255 255 255 255 255 255 255 255 255 255 255 255 255 255 255 255 255 255 255 255 255 255 255 255 255 255 255 255 255 255 255 255 255 255 255 255 255 255 255 255 255 255 255 255 255 255 255 255 255 255 255 255 
255 255 255 255 255 255 255 255 255 255 255 255 255 255 255 255 255 255 255 255 255 255 255 255 255 255 255 255 255 255 255 255 255 255 255 255 255 255 255 255 255 255 255 255 255 255 255 255 255 255 255 255 255 255 255 255 255 255 255 255 255 255 255 255 255 255 255 255 255 255 255 255 
255 255 255 255 255 255 255 255 255 255 255 255 255 255 255 255 255 255 255 255 255 255 255 255 255 255 255 255 255 255 255 255 255 255 255 255 255 255 255 255 255 255 255 255 255 255 255 255 255 255 255 255 255 255 255 255 255 255 255 255 255 255 255 255 255 255 255 255 255 255 255 255 
255 255 255 255 255 255 255 255 255 255 255 255 255 255 255 255 255 255 255 255 255 255 255 255 255 255 255 255 255 255 255 255 255 255 255 255 255 255 255 255 255 255 255 255 255 255 255 255 255 255 255 255 255 255 255 255 255 255 255 255 255 255 255 255 255 255 255 255 255 255 255 255 
255 255 255 255 255 255 255 255 255 255 255 255 255 255 255 255 255 255 255 255 255 255 255 255 255 255 255 255 255 255 255 255 255 255 255 255 255 255 255 255 255 255 255 255 255 255 255 255 255 255 255 255 255 255 255 255 255 255 255 255 255 255 255 255 255 255 255 255 255 255 255 255 
255 255 255 255 255 255 255 255 255 255 255 255 255 255 255 255 255 255 255 255 255 255 255 255 255 255 255 255 255 255 255 255 255 255 255 255 255 255 255 255 255 255 255 255 255 255 255 255 255 255 255 255 255 255 255 255 255 255 255 255 255 255 255 255 255 255 255 255 255 255 255 255 
255 255 255 255 255 255 255 255 255 255 255 255 255 255 255 255 255 255 255 255 255 255 255 255 255 255 255 255 255 255 255 255 255 255 255 255 255 255 255 255 255 255 255 255 255 255 255 255 255 255 255 255 255 255 255 255 255 255 255 255 255 255 255 255 255 255 255 255 255 255 255 255 
255 255 255 255 255 255 255 255 255 255 255 255 255 255 255 255 255 255 255 255 255 255 255 255 255 255 255 255 255 255 255 255 255 255 255 255 255 255 255 255 255 255 255 255 255 255 255 255 255 255 255 255 255 255 255 255 255 255 255 255 255 255 255 255 255 255 255 255 255 255 255 255 
255 255 255 255 255 255 255 255 255 255 255 255 255 255 255 255 255 255 255 255 255 255 255 255 255 255 255 255 255 255 255 255 255 255 255 255 255 255 255 255 255 255 255 255 255 255 255 255 255 255 255 255 255 255 255 255 255 255 255 255 255 255 255 255 255 255 255 255 255 255 255 255 
255 255 255 255 255 255 255 255 255 255 255 255 255 255 255 255 255 255 255 255 255 255 255 255 255 255 255 255 255 255 255 255 255 255 255 255 255 255 255 255 255 255 255 255 255 255 255 255 255 255 255 255 255 255 255 255 255 255 255 255 255 255 255 255 255 255 255 255 255 255 255 255 
255 255 255 255 255 255 255 255 255 255 255 255 255 255 255 255 255 255 255 255 255 255 255 255 255 255 255 255 255 255 255 255 255 255 255 255 255 255 255 255 255 255 255 255 255 255 255 255 255 255 255 255 255 255 255 255 255 255 255 255 255 255 255 255 255 255 255 255 255 255 255 255 
255 255 255 255 255 255 255 255 255 255 255 255 255 255 255 255 255 255 255 255 255 255 255 255 255 255 255 255 255 255 255 255 255 255 255 255 255 255 255 255 255 255 255 255 255 255 255 255 255 255 255 255 255 255 255 255 255 255 255 255 255 255 255 255 255 255 255 255 255 255 255 255 
255 255 255 255 255 255 255 255 255 255 255 255 255 255 255 255 255 255 255 255 255 255 255 255 255 255 255 255 255 255 255 255 255 255 255 255 255 255 255 255 255 255 255 255 255 255 255 255 255 255 255 255 255 255 255 255 255 255 255 255 255 255 255 255 255 255 255 255 255 255 255 255 
255 255 255 255 255 255 255 255 255 255 255 255 255 255 255 255 255 255 255 255 255 255 255 255 255 255 255 255 255 255 255 255 255 255 255 255 255 255 255 255 255 255 255 255 255 255 255 255 255 255 255 255 255 255 255 255 255 255 255 255 255 255 255 255 255 255 255 255 255 255 255 255 
255 255 255 255 255 255 255 255 255 255 255 255 255 255 255 255 255 255 255 255 255 255 255 255 255 255 255 255 255 255 255 255 255 255 255 255 255 255 255 255 255 255 255 255 255 255 255 255 255 255 255 255 255 255 255 255 255 255 255 255 255 255 255 255 255 255 255 255 255 255 255 255 
255 255 255 255 255 255 255 255 255 255 255 255 255 255 255 255 255 255 255 255 255 255 255 255 255 255 255 255 255 255 255 255 255 255 255 255 255 255 255 255 255 255 255 255 255 255 255 255 255 255 255 255 255 255 255 255 255 255 255 255 255 255 255 255 255 255 255 255 255 255 255 255 
255 255 255 255 255 255 255 255 255 255 255 255 255 255 255 255 255 255 255 255 255 255 255 255 255 255 255 255 255 255 255 255 255 255 255 255 255 255 255 255 255 255 255 255 255 255 255 255 255 255 255 255 255 255 255 255 255 255 255 255 255 255 255 255 255 255 255 255 255 255 255 255 
255 255 255 255 255 255 255 255 255 255 255 255 255 255 255 255 255 255 255 255 255 255 255 255 255 244 255 255 255 255 255 255 255 255 255 255 255 255 255 255 255 255 255 255 255 255 255 255 255 255 255 255 255 255 255 255 255 255 255 255 255 255 255 255 255 255 255 255 255 255 255 255 
255 255 255 255 255 255 255 255 194 048 149 232 255 255 255 255 255 255 255 255 255 255 255 255 240 013 102 181 240 255 255 255 255 255 255 255 255 255 255 255 255 255 255 255 255 255 255 255 255 255 255 255 255 255 255 255 255 255 255 255 255 255 255 255 255 255 199 102 131 139 142 203 
255 255 255 255 255 255 255 255 068 000 000 001 050 222 255 255 255 255 255 255 255 255 255 255 148 000 000 000 005 187 255 255 255 255 255 255 255 255 255 255 255 255 255 255 255 255 255 255 255 255 255 255 255 255 255 255 255 255 255 255 255 255 255 255 255 255 206 000 000 000 023 229 
255 255 255 255 255 255 255 171 000 000 000 023 191 255 255 255 255 255 255 255 255 255 255 253 037 000 000 000 167 255 255 255 255 255 255 255 255 255 255 255 255 255 255 255 255 255 255 255 255 254 173 054 214 255 255 255 255 255 255 255 255 255 255 255 255 255 231 000 000 000 093 255 
255 255 255 255 255 255 243 028 000 000 015 208 255 255 255 255 255 255 255 255 255 255 255 172 000 000 000 118 255 255 255 255 255 255 255 255 252 199 247 255 255 255 255 255 255 255 255 255 185 041 000 000 094 255 255 255 255 255 255 255 255 255 255 255 255 255 235 000 000 000 102 255 
255 255 255 255 255 255 109 000 000 000 122 183 183 183 177 169 161 153 142 098 118 255 245 031 000 000 017 147 150 150 148 141 134 105 071 037 006 000 231 255 255 255 255 255 255 255 255 255 204 002 000 000 004 222 255 255 255 255 255 255 255 255 255 255 255 255 239 000 000 000 102 255 
255 255 255 255 255 166 000 000 000 000 000 000 000 000 000 000 000 000 000 000 080 255 118 000 000 000 000 000 000 000 000 000 000 000 000 000 000 000 231 255 255 255 255 255 255 255 255 255 255 105 000 000 000 104 255 255 255 255 216 195 215 236 249 254 255 255 243 000 000 000 102 255 
255 255 255 255 208 010 000 000 000 000 000 000 000 000 000 000 000 000 000 000 080 190 004 000 000 000 000 000 000 000 000 000 000 000 000 000 000 000 231 255 255 255 255 255 255 255 255 255 255 226 005 000 000 005 214 255 255 255 122 000 000 000 000 000 004 009 015 000 000 000 007 014 
255 255 255 213 028 000 000 066 212 212 212 076 000 000 107 199 188 177 166 140 117 017 000 000 114 245 245 245 221 000 000 004 215 230 220 211 194 171 246 255 255 255 255 255 255 255 255 255 255 255 096 000 000 000 068 255 255 255 122 000 000 000 000 000 000 000 000 000 000 000 000 000 
255 255 197 017 000 000 037 237 255 255 255 163 000 000 030 249 255 255 255 209 032 000 000 051 250 255 255 255 255 040 000 000 121 255 255 255 255 255 255 255 255 255 255 255 255 255 255 255 255 255 215 001 000 000 000 171 255 255 122 000 000 000 000 000 000 000 000 000 000 000 000 000 
255 207 041 000 000 018 216 255 255 255 255 230 000 000 000 152 255 255 255 224 133 022 006 216 255 255 255 255 255 086 000 012 067 250 255 255 255 255 255 255 255 255 255 255 255 255 255 255 255 255 255 073 000 000 054 182 255 255 142 056 082 107 125 133 142 151 154 000 000 000 065 160 
255 255 250 143 018 203 255 255 255 255 255 255 129 169 223 255 255 255 255 255 255 244 179 255 255 255 255 255 255 217 220 254 255 255 255 255 255 255 255 255 255 255 255 255 255 255 255 255 255 255 255 170 082 196 255 255 255 255 255 255 255 255 255 255 255 255 246 000 000 000 102 255 
255 255 255 255 237 255 255 076 073 090 107 112 114 115 117 119 120 122 124 125 127 125 123 121 120 118 117 115 113 112 104 087 070 122 255 255 255 255 255 255 255 255 255 255 255 255 255 255 255 255 255 255 255 255 255 255 255 255 255 255 255 255 255 255 255 255 246 000 000 000 102 255 
255 255 255 255 255 255 255 054 000 000 000 000 000 000 000 000 000 000 000 000 000 000 000 000 000 000 000 000 000 000 000 000 000 111 255 255 255 255 255 255 255 255 255 255 255 255 255 255 255 255 255 255 255 255 255 255 255 255 255 255 255 255 255 255 255 255 246 000 000 000 102 255 
255 255 255 255 255 255 255 068 000 000 008 011 011 011 011 011 011 011 011 011 011 011 011 011 011 011 011 011 011 011 005 000 000 123 255 255 255 255 255 255 255 255 255 255 222 235 255 255 255 255 254 245 221 236 255 255 255 255 255 255 255 255 255 255 255 255 246 000 000 000 102 255 
255 255 255 255 255 255 255 073 000 000 174 255 255 255 255 255 255 255 255 255 255 255 255 255 255 255 255 255 255 255 122 000 000 126 255 255 255 255 255 255 255 255 255 255 066 000 000 003 008 004 000 000 000 180 255 255 054 042 059 075 091 097 101 106 110 114 115 000 000 000 048 119 
255 255 255 255 255 255 255 075 000 000 168 246 246 246 246 246 246 246 246 246 246 246 246 246 246 246 246 246 246 246 118 000 000 127 255 255 255 255 255 255 255 255 255 255 066 000 000 000 000 000 000 000 000 217 255 255 029 000 000 000 000 000 000 000 000 000 000 000 000 000 000 000 
255 255 255 255 255 255 255 075 000 000 000 000 000 000 000 000 000 000 000 000 000 000 000 000 000 000 000 000 000 000 000 000 000 127 255 255 255 255 255 255 255 255 255 255 066 000 000 000 000 000 000 000 000 244 255 255 029 000 000 000 000 000 000 000 000 000 000 000 000 000 000 000 
255 255 255 255 255 255 255 075 000 000 000 000 000 000 000 000 000 000 000 000 000 000 000 000 000 000 000 000 000 000 000 000 000 127 255 255 255 255 255 255 255 255 255 255 169 163 179 181 183 070 000 000 000 252 255 255 029 000 015 030 037 044 051 058 065 072 079 081 081 082 082 083 
255 255 255 255 255 255 255 075 000 000 110 160 160 160 160 160 160 160 160 160 160 160 160 160 160 160 160 160 160 160 077 000 000 127 255 255 255 255 255 255 255 255 255 255 255 255 255 255 255 096 000 000 003 255 255 255 230 248 255 255 255 255 255 255 255 255 255 255 255 255 255 255 
255 255 255 255 255 255 255 075 000 000 174 255 255 255 255 255 255 255 255 255 255 255 255 255 255 255 255 255 255 255 122 000 000 127 255 255 255 255 255 255 255 255 255 255 255 255 255 255 255 096 000 000 008 255 255 255 255 255 255 255 255 255 255 255 255 255 255 255 255 255 255 255 
255 255 255 255 255 255 255 075 000 000 075 109 109 109 109 109 109 109 109 109 109 109 109 109 109 109 109 109 109 109 052 000 000 127 255 255 255 255 255 255 255 255 255 255 255 255 255 255 255 096 000 000 008 255 255 255 255 255 255 255 255 255 255 255 255 255 255 255 255 255 255 255 
255 255 255 255 255 255 255 075 000 000 000 000 000 000 000 000 000 000 000 000 000 000 000 000 000 000 000 000 000 000 000 000 000 127 255 255 255 255 255 255 255 255 255 255 255 255 255 255 255 096 000 000 008 255 255 255 255 248 252 255 255 255 255 255 255 255 255 255 255 255 255 255 
255 255 255 255 255 255 255 075 000 000 051 075 075 075 075 075 075 075 075 075 075 075 075 075 075 075 075 075 075 075 036 000 000 127 255 255 255 255 255 255 255 255 255 255 255 255 255 255 255 096 000 000 008 255 255 255 255 176 010 056 071 077 082 088 090 090 090 090 090 090 090 090 
255 255 255 255 255 255 255 075 000 000 174 255 255 255 255 255 255 255 255 255 255 255 255 255 255 255 255 255 255 255 122 000 000 127 255 255 255 255 255 255 255 255 255 255 255 255 255 255 255 096 000 000 008 255 255 255 255 176 000 000 000 000 000 000 000 000 000 000 000 000 000 000 
255 255 255 255 255 255 255 074 000 000 174 255 255 255 255 255 255 255 255 255 255 255 255 255 255 255 255 255 255 255 122 000 000 124 255 255 255 255 255 255 255 255 255 255 255 255 255 255 255 096 000 000 008 255 255 255 255 176 000 000 000 000 000 000 000 000 000 000 000 000 000 000 
255 255 255 255 255 255 255 064 000 000 011 016 016 016 016 016 016 016 016 016 016 016 016 016 016 016 016 016 016 016 008 000 000 118 255 255 255 255 255 255 255 255 255 255 255 255 255 255 255 096 000 000 008 255 255 255 255 186 045 069 083 086 089 092 092 092 092 092 092 092 092 092 
255 255 255 255 255 255 255 046 000 000 000 000 000 000 000 000 000 000 000 000 000 000 000 000 000 000 000 000 000 000 000 000 000 090 255 255 255 255 255 255 255 255 255 255 255 255 255 255 255 096 000 000 008 255 255 255 255 255 255 255 255 255 255 255 255 255 255 255 255 255 255 255 
255 255 255 255 255 255 255 117 115 122 127 132 020 000 000 057 145 145 145 145 145 145 145 145 145 145 054 000 000 047 133 131 127 150 255 255 255 255 255 255 255 255 255 255 255 255 255 255 255 096 000 000 008 255 255 255 255 255 255 255 255 255 255 250 183 115 253 255 255 255 255 255 
255 255 255 255 255 255 255 255 255 255 255 255 038 000 000 099 255 255 255 255 255 255 255 255 255 255 094 000 000 089 255 255 255 255 255 255 255 255 255 255 255 255 255 255 255 255 255 255 255 096 000 000 008 255 255 255 255 241 255 255 255 255 117 017 000 000 180 255 255 255 255 255 
255 255 255 255 255 255 255 255 255 255 255 255 038 000 000 099 255 255 255 255 255 255 255 255 255 255 094 000 000 089 255 255 255 255 255 255 255 255 255 255 255 255 255 255 255 255 255 255 255 096 000 000 008 255 255 255 158 097 255 255 255 255 126 000 000 000 072 255 255 255 255 255 
255 043 031 052 074 087 089 092 094 096 099 101 015 000 000 040 103 103 103 103 103 103 103 103 103 103 038 000 000 036 100 098 095 092 089 084 064 044 023 133 255 255 255 255 255 255 255 255 255 096 000 000 008 255 255 154 002 030 254 255 255 255 232 006 000 000 001 222 255 255 255 255 
255 032 000 000 000 000 000 000 000 000 000 000 000 000 000 000 000 000 000 000 000 000 000 000 000 000 000 000 000 000 000 000 000 000 000 000 000 000 000 129 255 255 255 255 255 255 255 255 255 094 000 000 008 246 099 000 000 000 168 255 255 255 255 088 000 000 000 123 255 255 255 255 
255 032 000 000 000 000 000 000 000 000 000 000 000 000 000 000 000 000 000 000 000 000 000 000 000 000 000 000 000 000 000 000 000 000 000 000 000 000 000 129 255 255 255 255 255 255 255 255 255 084 000 000 004 046 000 000 000 000 137 255 255 255 255 164 000 000 000 027 252 255 255 255 
255 168 173 191 210 222 226 230 234 238 242 121 000 000 003 225 247 247 247 247 247 247 247 247 247 247 089 000 000 085 245 243 240 237 234 229 210 189 168 205 255 255 255 255 255 255 255 255 250 020 000 000 000 000 000 000 016 176 255 255 255 255 255 235 002 000 015 101 239 255 255 255 
255 255 255 255 255 255 255 255 255 255 166 004 000 000 094 255 255 255 255 255 255 255 255 255 255 255 087 000 000 083 255 255 255 255 255 255 255 255 255 255 255 255 255 255 255 255 255 255 171 000 000 000 000 000 000 050 222 255 255 255 255 255 255 255 116 169 247 255 255 255 255 255 
255 255 255 255 255 255 255 255 245 132 002 000 000 038 242 255 255 255 255 255 255 255 255 255 255 255 083 000 000 079 255 255 255 255 255 255 255 255 255 255 255 255 255 255 255 255 255 232 022 000 000 000 000 000 105 248 255 255 255 255 255 255 255 255 255 255 255 255 255 255 255 255 
255 255 255 255 255 255 230 142 023 000 000 000 012 208 255 255 255 255 255 255 255 255 255 255 255 255 079 000 000 075 255 255 255 255 255 255 255 255 255 255 255 255 255 255 255 255 255 254 067 000 000 000 012 166 255 255 255 255 255 255 255 255 255 255 255 255 255 255 230 045 047 043 
255 255 215 171 118 046 000 000 000 000 000 043 215 255 255 255 255 255 255 255 255 255 255 255 255 255 064 000 000 059 255 255 255 255 255 255 255 255 255 255 255 255 255 255 255 255 255 255 222 007 000 045 216 255 255 255 255 255 255 255 255 255 255 255 255 255 255 255 255 128 000 000 
255 255 208 030 000 000 000 000 000 001 096 245 255 255 255 255 255 255 255 255 255 255 255 255 255 255 040 000 000 035 255 255 255 255 255 255 255 255 255 255 255 255 255 255 255 255 255 255 255 116 063 245 255 255 255 255 255 255 255 255 255 255 255 255 255 255 255 255 255 235 009 000 
255 255 255 213 017 000 000 006 097 214 255 255 255 255 255 255 255 255 255 255 255 255 255 255 255 255 016 000 000 012 255 255 255 255 255 255 255 255 255 255 255 255 255 255 255 255 255 255 255 241 243 255 255 255 255 255 255 255 255 255 255 255 255 255 255 255 255 255 255 255 094 000 
255 255 255 255 157 060 134 229 255 255 255 255 255 255 255 255 255 255 255 255 255 255 255 255 255 255 136 135 135 136 253 255 255 255 255 255 255 255 255 255 255 255 255 255 255 255 255 255 255 255 255 255 255 255 255 255 255 255 255 255 255 255 255 255 255 255 255 255 255 255 214 189 
255 255 255 255 255 255 255 255 255 255 255 255 255 255 255 255 255 255 255 255 255 255 255 255 255 255 255 255 255 255 255 255 255 255 255 255 255 255 255 255 255 255 255 255 255 255 255 255 255 255 255 255 255 255 255 255 255 255 255 255 255 255 255 255 255 255 255 255 255 255 255 255 
255 255 255 255 255 255 255 255 255 255 255 255 255 255 255 255 255 255 255 255 255 255 255 255 255 255 255 255 255 255 255 255 255 255 255 255 255 255 255 255 255 255 255 255 255 255 255 255 255 255 255 255 255 255 255 255 255 255 255 255 255 255 255 255 255 255 255 255 255 255 255 255 
255 255 255 255 255 255 255 255 255 255 255 255 255 255 255 255 255 255 255 255 255 255 255 255 255 255 255 255 255 255 255 255 255 255 255 255 255 255 255 255 255 255 255 255 255 255 255 255 255 255 255 255 255 255 255 255 255 255 255 255 255 255 255 255 255 255 255 255 255 255 255 255 
255 255 255 255 255 255 255 255 255 255 255 255 255 255 255 255 255 255 255 255 255 255 255 255 255 255 255 255 255 255 255 255 255 255 255 255 255 255 255 255 255 255 255 255 255 255 255 255 255 255 255 255 255 255 255 255 255 255 255 255 255 255 255 255 255 255 255 255 255 255 255 255 
255 255 255 255 255 255 255 255 255 255 255 255 255 255 255 255 255 255 255 255 255 255 255 255 255 255 255 255 255 255 255 255 255 255 255 255 255 255 255 255 255 255 255 255 255 255 255 255 255 255 255 255 255 255 255 255 255 255 255 255 255 255 255 255 255 255 255 255 255 255 255 255 
255 255 255 255 255 255 255 255 255 255 255 255 255 255 255 255 255 255 255 255 255 255 255 255 255 255 255 255 255 255 255 255 255 255 255 255 255 255 255 255 255 255 255 255 255 255 255 255 255 255 255 255 255 255 255 255 255 255 255 255 255 255 255 255 255 255 255 255 255 255 255 255 
255 255 255 255 255 255 255 255 255 255 255 255 255 255 255 255 255 255 255 255 255 255 255 255 255 255 255 255 255 255 255 255 255 255 255 255 255 255 255 255 255 255 255 255 255 255 255 255 255 255 255 255 255 255 255 255 255 255 255 255 255 255 255 255 255 255 255 255 255 255 255 255 
255 255 255 255 255 255 255 255 255 255 255 255 255 255 255 255 255 255 255 255 255 255 255 255 255 255 255 255 255 255 255 255 255 255 255 255 255 255 255 255 255 255 255 255 255 255 255 255 255 255 255 255 255 255 255 255 255 255 255 255 255 255 255 255 255 255 255 255 255 255 255 255 
255 255 255 255 255 255 255 255 255 255 255 255 255 255 255 255 255 255 255 255 255 255 255 255 255 255 255 255 255 255 255 255 255 255 255 255 255 255 255 255 255 255 255 255 255 255 255 255 255 255 255 255 255 255 255 255 255 255 255 255 255 255 255 255 255 255 255 255 255 255 255 255 
255 255 255 255 255 255 255 255 255 255 255 255 255 255 255 255 255 255 255 255 255 255 255 255 255 255 255 255 255 255 255 255 255 255 255 255 255 255 255 255 255 255 255 255 255 255 255 255 255 255 255 255 255 255 255 255 255 255 255 255 255 255 255 255 255 255 255 255 255 255 255 255 
255 255 255 255 255 255 255 255 255 255 255 255 255 255 255 255 255 255 255 255 255 255 255 255 255 255 255 255 255 255 255 255 255 255 255 255 255 255 255 255 255 255 255 255 255 255 255 255 255 255 255 255 255 255 255 255 255 255 255 255 255 255 255 255 255 255 255 255 255 255 255 255 
255 255 255 255 255 255 255 255 255 255 255 255 255 255 255 255 255 255 255 255 255 255 255 255 255 255 255 255 255 255 255 255 255 255 255 255 255 255 255 255 255 255 255 255 255 255 255 255 255 255 255 255 255 255 255 255 255 255 255 255 255 255 255 255 255 255 255 255 255 255 255 255 
255 255 255 255 255 255 255 255 255 255 255 255 255 255 255 255 255 255 255 255 255 255 255 255 255 255 255 255 255 255 255 255 255 255 255 255 255 255 255 255 255 255 255 255 255 255 255 255 255 255 255 255 255 255 255 255 255 255 255 255 255 255 255 255 255 255 255 255 255 255 255 255 
255 255 255 255 255 255 255 255 255 255 255 255 255 255 255 255 255 255 255 255 255 255 255 255 255 255 255 255 255 255 255 255 255 255 255 255 255 255 255 255 255 255 255 255 255 255 255 255 255 255 255 255 255 255 255 255 255 255 255 255 255 255 255 255 255 255 255 255 255 255 255 255 
255 255 255 255 255 255 255 255 255 255 255 255 255 255 255 255 255 255 255 255 255 255 255 255 255 255 255 255 255 255 255 255 255 255 255 255 255 255 255 255 255 255 255 255 255 255 255 255 255 255 255 255 255 255 255 255 255 255 255 255 255 255 255 255 255 255 255 255 255 255 255 255 
255 255 255 255 255 255 255 255 255 255 255 255 255 255 255 255 255 255 255 255 255 255 255 255 255 255 255 255 255 255 255 255 255 255 255 255 255 255 255 255 255 255 255 255 255 255 255 255 255 255 255 255 255 255 255 255 255 255 255 255 255 255 255 255 255 255 255 255 255 255 255 255 
255 255 255 255 255 255 255 255 255 255 255 255 255 255 255 255 255 255 255 255 255 255 255 255 255 255 255 255 255 255 255 255 255 255 255 255 255 255 255 255 255 255 255 255 255 255 255 255 255 255 255 255 255 255 255 255 255 255 255 255 255 255 255 255 255 255 255 255 255 255 255 255 
255 255 255 255 255 255 255 255 255 255 255 255 255 255 255 255 255 255 255 255 255 255 255 255 255 255 255 255 255 255 255 255 255 255 255 255 255 255 255 255 255 255 255 255 255 255 255 255 255 255 255 255 255 255 255 255 255 255 255 255 255 255 255 255 255 255 255 255 255 255 255 255 
255 255 255 255 255 255 255 255 255 255 255 255 255 255 255 255 255 255 255 255 255 255 255 255 255 255 255 255 255 255 255 255 255 255 255 255 255 255 255 255 255 255 255 255 255 255 255 255 255 255 255 255 255 255 255 255 255 255 255 255 255 255 255 255 255 255 255 255 255 255 255 255 
255 255 255 255 255 255 255 255 255 255 255 255 255 255 255 255 255 255 255 255 255 255 255 255 255 255 255 255 255 255 255 255 255 255 255 255 255 255 255 255 255 255 255 255 255 255 255 255 255 255 255 255 255 255 255 255 255 255 255 255 255 255 255 255 255 255 255 255 255 255 255 255 
255 255 255 255 255 255 255 255 255 255 255 255 255 255 255 255 255 255 255 255 255 255 255 255 255 255 255 255 255 255 255 255 255 255 255 255 255 255 255 255 255 255 255 255 255 255 255 255 255 255 255 255 255 255 255 255 255 255 255 255 255 255 255 255 255 255 255 255 255 255 255 255 
255 255 255 255 255 255 255 255 255 255 255 255 255 255 255 255 255 255 255 255 255 255 255 255 255 255 255 255 255 255 255 255 255 255 255 255 255 255 255 255 255 255 255 255 255 255 255 255 255 255 255 255 255 255 255 255 255 255 255 255 255 255 255 255 255 255 255 255 255 255 255 255 
255 255 255 255 255 255 255 255 255 255 255 255 255 255 255 255 255 255 255 255 255 255 255 255 255 255 255 255 255 255 255 255 255 255 255 255 255 255 255 255 255 255 255 255 255 255 255 255 255 255 255 255 255 255 255 255 255 255 255 255 255 255 255 255 255 255 255 255 255 255 255 255 
255 255 255 255 255 255 255 255 255 255 255 255 255 255 255 255 255 255 255 255 255 255 255 255 255 255 255 255 255 255 255 255 255 255 255 255 255 255 255 255 255 255 255 255 255 255 255 255 255 255 255 255 255 255 255 255 255 255 255 255 255 255 255 255 255 255 255 255 255 255 255 255 
255 255 255 255 255 255 255 255 255 255 255 255 255 255 255 255 255 255 255 255 255 255 255 255 255 255 255 255 255 255 255 255 255 255 255 255 255 255 255 255 255 255 255 255 255 255 255 255 255 255 255 255 255 255 255 255 255 255 255 255 255 255 255 255 255 255 255 255 255 255 255 255 
255 255 255 255 255 255 255 255 255 255 255 255 255 255 255 255 255 255 255 255 255 255 255 255 255 255 255 255 255 255 255 255 255 255 255 255 255 255 255 255 255 255 255 255 255 255 255 255 255 255 255 255 255 255 255 255 255 255 255 255 255 255 255 255 255 255 255 255 255 255 255 255 
255 255 255 255 255 255 255 255 255 255 255 255 255 255 255 255 255 255 255 255 255 255 255 255 255 255 255 255 255 255 255 255 255 255 255 255 255 255 255 255 255 255 255 255 255 255 255 255 255 255 255 255 255 255 255 255 255 255 255 255 255 255 255 255 255 255 255 255 255 255 255 255 
255 255 255 255 255 255 255 255 255 255 255 255 255 255 255 255 255 255 255 255 255 255 255 255 255 255 255 255 255 255 255 255 255 255 255 255 255 255 255 255 255 255 255 255 218 229 255 255 255 255 255 255 255 255 255 255 255 255 255 255 255 255 255 255 255 255 255 255 255 255 255 255 
255 255 255 255 255 255 255 255 255 140 109 150 160 168 237 255 255 255 255 255 255 255 255 255 255 255 255 255 255 255 255 255 255 255 255 255 255 255 255 255 255 255 255 255 073 000 023 049 109 255 255 255 255 255 255 255 255 255 255 255 255 255 255 255 255 255 255 255 255 255 255 255 
255 255 255 255 255 255 255 255 255 129 000 000 000 048 229 255 255 255 255 255 255 255 255 255 255 255 255 255 255 255 255 255 255 255 255 255 255 255 255 255 255 255 255 246 013 000 000 014 207 255 255 255 255 255 255 255 255 255 255 255 255 255 255 255 255 255 255 255 255 255 255 255 
209 218 255 255 255 255 255 255 255 167 000 000 000 157 255 255 255 255 255 255 255 255 255 255 214 215 246 255 255 255 255 255 255 255 255 247 217 209 255 255 255 255 255 167 000 000 000 173 255 255 255 255 255 255 255 255 255 255 255 255 255 255 255 255 255 255 255 255 255 255 255 255 
000 047 245 255 255 255 255 255 255 179 000 000 000 197 255 255 255 255 255 255 255 255 255 255 109 000 000 010 014 018 022 023 017 012 006 000 000 083 255 255 255 255 255 074 000 000 070 255 255 255 255 255 255 255 255 255 255 255 255 255 255 255 255 255 255 255 255 255 255 255 255 255 
000 188 255 255 255 255 255 255 255 185 000 000 000 203 255 255 255 255 255 255 255 255 255 255 133 000 000 000 000 000 000 000 000 000 000 000 000 104 255 255 255 255 232 004 000 000 031 049 049 049 049 049 049 049 049 049 049 049 173 255 255 255 255 255 255 255 255 255 255 255 255 255 
000 232 255 255 255 255 255 255 255 191 000 000 000 203 255 255 255 255 255 255 255 255 255 255 155 000 000 003 024 024 024 024 024 024 004 000 000 124 255 255 255 255 120 000 000 000 000 000 000 000 000 000 000 000 000 000 000 009 238 255 255 255 255 255 255 255 255 255 255 255 255 255 
000 244 255 255 255 255 255 255 255 198 000 000 000 203 255 255 255 255 255 255 255 255 255 255 161 000 000 036 255 255 255 255 255 255 050 000 000 131 255 255 255 239 014 000 000 029 034 034 034 034 034 034 034 026 000 000 000 095 255 255 255 255 255 255 255 255 255 255 255 255 255 255 
000 245 255 255 255 255 255 255 255 201 000 000 000 203 255 255 255 255 255 255 255 255 255 255 164 000 000 036 255 255 255 255 255 255 050 000 000 136 255 255 255 129 000 000 000 149 255 255 255 255 255 255 255 121 000 000 005 215 255 255 255 255 255 255 255 255 255 255 255 255 255 255 
000 245 255 255 255 255 255 255 255 201 000 000 000 203 255 255 255 255 255 255 255 255 255 255 167 000 000 036 255 255 255 255 255 255 050 000 000 141 255 255 235 017 000 000 000 039 254 255 255 255 255 255 232 012 000 000 113 255 255 255 255 255 255 255 255 255 255 255 255 255 255 255 
000 245 255 255 255 255 255 255 255 201 000 000 000 203 255 255 255 255 255 255 255 255 255 255 168 000 000 036 255 255 255 255 255 255 050 000 000 142 255 255 098 000 000 030 000 000 160 255 255 255 255 255 088 000 000 021 240 255 255 255 255 255 255 255 255 255 255 255 255 255 255 255 
000 245 255 255 255 255 255 255 255 201 000 000 000 203 255 255 255 255 255 255 255 255 255 255 163 000 000 036 255 255 255 255 255 255 050 000 000 138 255 196 001 000 000 174 068 000 021 237 255 255 255 181 000 000 000 153 255 255 255 255 255 255 255 255 255 255 255 255 255 255 255 255 
000 245 205 135 077 149 255 255 255 201 000 000 000 203 255 255 255 255 255 255 255 255 255 255 159 000 000 036 255 255 255 255 255 255 050 000 000 134 248 045 000 000 048 254 190 000 000 101 255 255 244 031 000 000 053 253 255 255 255 255 255 255 255 255 255 255 255 255 255 255 255 255 
000 245 112 000 000 071 255 255 255 201 000 000 000 203 255 255 255 255 255 255 255 255 255 255 155 000 000 036 255 255 255 255 255 255 050 000 000 130 107 000 000 000 182 255 255 083 000 001 184 255 098 000 000 014 221 255 255 255 255 255 255 255 255 255 255 255 255 255 255 255 255 255 
000 245 178 000 000 011 251 255 255 201 000 000 000 203 255 255 255 255 255 255 255 255 255 255 145 000 000 007 053 053 053 053 053 053 010 000 000 121 222 141 026 082 255 255 255 224 009 000 012 107 000 000 000 170 255 255 255 255 255 255 255 255 255 255 255 255 255 255 255 255 255 255 
000 245 241 001 000 000 198 255 255 201 000 000 000 203 255 255 255 255 255 255 255 255 255 255 125 000 000 000 000 000 000 000 000 000 000 000 000 102 255 255 242 234 255 255 255 255 141 000 000 000 000 000 115 255 255 255 255 255 255 255 255 255 255 255 255 255 255 255 255 255 255 255 
000 245 255 034 000 000 133 255 255 201 000 000 000 203 255 255 255 255 255 255 255 255 255 255 106 000 000 000 000 000 000 000 000 000 000 000 000 083 255 255 255 255 255 255 255 255 251 041 000 000 000 024 227 255 255 255 255 255 255 255 255 255 255 255 255 255 255 255 255 255 255 255 
000 245 255 080 000 000 068 255 255 201 000 000 000 203 255 255 255 255 255 255 255 255 255 255 209 198 218 230 237 245 120 000 000 130 233 224 202 197 255 255 255 255 255 255 255 219 056 000 000 000 000 000 008 110 196 252 255 255 255 255 255 255 255 255 255 255 255 255 255 255 255 255 
000 245 255 125 000 000 012 254 255 201 000 000 000 203 255 255 255 255 255 255 255 255 255 255 255 255 255 255 255 255 122 000 000 138 255 255 255 255 255 255 255 255 255 230 115 011 000 000 011 077 000 000 000 000 000 018 090 165 237 255 255 255 255 255 255 255 255 255 255 255 255 255 
000 245 255 171 000 000 000 218 255 201 000 000 000 203 255 255 255 255 255 255 255 255 255 255 255 255 255 255 255 255 122 000 000 138 255 255 255 255 255 255 255 223 104 007 000 000 000 046 214 255 168 015 000 000 000 000 000 000 000 025 061 166 255 255 255 255 255 255 255 255 255 255 
000 245 255 217 000 000 000 169 255 201 000 000 000 203 255 255 255 255 255 255 255 255 255 255 255 255 255 255 255 255 122 000 000 138 255 255 255 255 252 198 093 004 000 000 000 007 132 250 255 255 255 235 119 011 000 000 000 000 000 000 011 227 255 255 255 255 255 255 255 255 255 255 
000 245 255 253 009 000 000 121 255 201 000 000 000 203 255 255 255 255 255 255 255 255 255 255 113 128 158 164 216 255 122 000 000 138 255 255 255 189 018 000 000 000 000 000 062 217 255 255 255 255 255 255 255 234 117 010 000 000 000 000 129 255 255 255 255 255 255 255 255 255 255 255 
000 245 255 255 037 000 000 072 255 201 000 000 000 203 255 255 255 255 255 255 255 255 255 255 050 000 000 032 219 255 122 000 000 035 057 048 025 144 147 000 000 000 030 160 254 255 255 255 255 255 255 255 255 255 255 233 122 032 000 003 230 255 255 255 255 255 255 255 255 255 255 255 
000 245 255 255 063 000 000 023 255 201 000 000 000 203 255 255 255 255 255 255 255 255 255 255 073 000 000 156 255 255 122 000 000 000 000 000 000 143 255 102 019 033 101 132 151 156 159 162 165 168 165 163 161 159 158 140 106 214 199 152 255 255 255 255 255 255 255 255 255 255 255 255 
000 245 255 255 098 059 118 176 255 201 000 000 000 203 255 255 255 255 255 255 255 255 255 255 081 000 000 181 255 255 122 000 000 026 044 038 014 143 255 247 244 088 000 000 000 000 000 000 000 000 000 000 000 000 000 000 000 231 255 255 255 255 255 255 255 255 255 255 255 255 255 255 
