255 255 255 255 255 255 255 255 255 255 255 255 255 255 255 255 255 255 255 255 255 255 255 255 255 255 255 255 255 255 255 255 255 255 255 255 255 255 255 255 255 255 255 255 255 255 255 255 255 255 255 255 255 255 255 255 255 255 255 255 255 255 255 255 255 255 255 255 255 255 255 255 
255 255 255 255 255 255 255 255 255 255 255 255 255 255 255 255 255 255 255 255 255 255 255 255 255 255 255 255 255 255 255 255 255 255 255 255 255 255 255 255 255 255 255 255 255 255 255 255 255 255 255 255 255 255 255 255 255 255 255 255 255 255 255 255 255 255 255 255 255 255 255 255 
255 255 255 255 255 255 255 255 255 255 255 255 255 255 255 255 255 255 255 255 255 255 255 255 255 255 255 255 255 255 255 255 255 255 255 255 255 255 255 255 255 255 255 255 255 255 255 255 255 255 255 255 255 255 255 255 255 255 255 255 255 255 255 255 255 255 255 255 255 255 255 255 
255 255 255 255 255 255 255 255 255 255 255 255 255 255 255 255 255 255 255 255 255 255 255 255 255 255 255 255 255 255 255 255 255 255 255 255 255 255 255 255 255 255 255 255 255 255 255 255 255 255 255 255 255 255 255 255 255 255 255 255 255 255 255 255 255 255 255 255 255 255 255 255 
255 255 255 255 255 255 255 255 255 255 255 255 255 255 255 255 255 255 255 255 255 255 255 255 255 255 255 255 255 255 255 255 255 255 255 255 255 255 255 255 255 255 255 255 255 255 255 255 255 255 255 255 255 255 255 255 255 255 255 255 255 255 255 255 255 255 255 255 255 255 255 255 
255 255 255 255 255 255 255 255 255 255 255 255 255 255 255 255 255 255 255 255 255 255 255 255 255 255 255 255 255 255 255 255 255 255 255 255 255 255 255 255 255 255 255 255 255 255 255 255 255 255 255 255 255 255 255 255 255 255 255 255 255 255 255 255 255 255 255 255 255 255 255 255 
255 255 255 255 255 255 255 255 255 255 255 255 255 255 255 255 255 255 255 255 255 255 255 255 255 255 255 255 255 255 255 255 255 255 255 255 255 255 255 255 255 255 255 255 255 255 255 255 255 255 255 255 255 255 255 255 255 255 255 255 255 255 255 255 255 255 255 255 255 255 255 255 
255 255 255 255 255 255 255 255 255 255 255 255 255 255 255 255 255 255 255 255 255 255 255 255 255 255 255 255 255 255 255 255 255 255 255 255 255 255 255 255 255 255 255 255 255 255 255 255 255 255 255 255 255 255 255 255 255 255 255 255 255 255 255 255 255 255 255 255 255 255 255 255 
255 255 255 255 255 255 255 255 255 255 255 255 255 255 255 255 255 255 255 255 255 255 255 255 255 255 255 255 255 255 255 255 255 255 255 255 255 255 255 255 255 255 255 255 255 255 255 255 255 255 255 255 255 255 255 255 255 255 255 255 255 255 255 255 255 255 255 255 255 255 255 255 
255 255 255 255 255 255 255 255 255 255 255 255 255 255 255 255 255 255 255 255 255 255 255 255 255 255 255 255 255 255 255 255 255 255 255 255 255 255 255 255 255 255 255 255 255 255 255 255 255 255 255 255 255 255 255 255 255 255 255 255 255 255 255 255 255 255 255 255 255 255 255 255 
255 255 255 255 255 255 255 255 255 255 255 255 255 255 255 255 255 255 255 255 255 255 255 255 255 255 255 255 255 255 255 255 255 255 255 255 255 255 255 255 255 255 255 255 255 255 255 255 255 255 255 255 255 255 255 255 255 255 255 255 255 255 255 255 255 255 255 255 255 255 255 255 
255 255 255 255 255 255 255 255 255 255 255 255 255 255 255 255 255 255 255 255 255 255 255 255 255 255 255 255 255 255 255 255 255 255 255 255 255 255 255 255 255 255 255 255 255 255 255 255 255 255 255 255 255 255 255 255 255 255 255 255 255 255 255 255 255 255 255 255 255 255 255 255 
255 255 255 255 255 255 255 255 255 255 255 255 255 255 255 255 255 255 255 255 255 255 255 255 255 255 255 255 255 255 255 255 255 255 255 255 255 255 255 255 255 255 255 255 255 255 255 255 255 255 255 255 255 255 255 255 255 255 255 255 255 255 255 255 255 255 255 255 255 255 255 255 
255 255 255 255 255 255 255 255 255 255 255 255 255 255 255 255 255 255 255 255 255 255 255 255 255 255 255 255 255 255 255 255 255 255 255 255 255 255 255 255 255 255 255 255 255 255 255 255 255 255 255 255 255 255 255 255 255 255 255 255 255 255 255 255 255 255 255 255 255 255 255 255 
255 255 255 255 255 255 255 255 255 255 255 255 255 255 255 255 255 255 255 255 255 255 255 255 255 255 255 255 255 255 255 255 255 255 255 255 255 255 255 255 255 255 255 255 255 255 255 255 255 255 255 255 255 255 255 255 255 255 255 255 255 255 255 255 255 255 255 255 255 255 255 255 
255 255 255 255 255 255 255 255 255 255 255 255 255 255 255 255 255 255 255 255 255 255 255 255 255 255 255 255 255 255 255 255 255 255 255 255 255 255 255 255 255 255 255 255 255 255 255 255 255 255 255 255 255 255 255 255 255 255 255 255 255 255 255 255 255 255 255 255 255 255 255 255 
255 255 255 255 255 255 255 255 255 255 255 255 255 255 255 255 255 255 255 255 255 255 255 255 255 255 255 255 255 255 255 255 255 255 255 255 255 255 255 255 255 255 255 255 255 255 255 255 255 255 255 255 255 255 255 255 255 255 255 255 255 255 255 255 255 255 255 255 255 255 255 255 
255 255 255 255 255 255 255 255 255 255 255 255 255 255 255 255 255 255 255 255 255 255 255 255 255 255 255 255 255 255 255 255 255 255 255 255 255 255 255 255 255 255 255 255 255 255 255 255 255 255 255 255 255 255 255 255 255 255 255 255 255 255 255 255 255 255 255 255 255 255 255 255 
255 255 255 255 255 255 255 255 255 255 255 255 255 255 255 255 255 255 255 255 255 255 255 255 255 255 255 255 255 255 255 255 255 255 255 255 255 255 255 255 255 255 255 255 255 255 255 255 255 255 255 255 255 255 255 255 255 255 255 255 255 255 255 255 255 255 255 255 255 255 255 255 
255 255 255 255 255 255 255 255 255 255 255 255 255 255 255 255 255 255 255 255 255 255 255 255 255 255 255 255 255 255 255 255 255 255 255 255 255 255 255 255 255 255 255 255 255 255 255 255 255 255 255 255 255 255 255 255 255 255 255 255 255 255 255 255 255 255 255 255 255 255 255 255 
255 255 255 255 255 255 255 255 255 255 255 255 255 255 255 255 255 255 255 255 255 255 255 255 255 255 255 255 255 255 255 255 255 255 255 255 255 255 255 255 255 255 255 255 255 255 255 255 255 255 255 255 255 255 255 255 255 255 255 255 255 255 255 255 255 255 255 255 255 255 255 255 
255 255 255 255 255 255 255 255 255 255 255 255 255 255 255 255 255 255 255 255 255 255 255 255 255 255 255 255 255 255 255 255 255 255 255 255 255 255 255 255 255 255 255 255 255 255 255 255 255 255 255 255 255 255 255 255 255 255 255 255 255 255 255 255 255 255 255 255 255 255 255 255 
255 255 255 255 255 255 255 255 255 255 255 255 255 255 255 255 255 255 255 255 255 255 255 255 255 255 255 255 255 255 255 255 255 255 255 255 255 255 255 255 255 255 255 255 255 255 255 255 255 255 255 255 255 255 255 255 255 255 255 255 255 255 255 255 255 255 255 255 255 255 255 255 
255 255 255 255 255 255 255 255 255 255 255 255 255 255 255 255 255 255 255 255 255 255 255 255 255 255 255 255 255 255 255 255 255 255 255 255 255 255 255 255 255 255 255 255 255 255 255 255 255 255 255 255 255 255 255 255 255 255 255 255 255 255 255 255 255 255 255 255 255 255 255 255 
255 255 255 255 255 255 255 255 255 255 255 255 255 255 255 255 255 255 255 255 255 255 255 255 255 255 255 255 255 255 255 255 255 255 255 255 255 255 255 255 255 255 255 255 255 255 255 255 255 255 255 255 255 255 255 255 255 255 255 255 255 255 255 255 255 255 255 255 255 255 255 255 
255 255 255 255 255 255 255 255 255 255 255 255 255 255 255 255 255 255 255 255 255 255 255 255 255 255 255 255 255 255 255 255 255 255 255 255 255 255 255 255 255 255 255 255 255 255 255 255 255 255 255 255 255 255 255 255 255 255 255 255 255 255 255 255 255 255 255 255 255 255 255 255 
255 255 255 255 255 255 255 255 255 255 255 255 255 255 255 255 255 255 255 255 255 255 255 255 255 255 255 255 255 255 255 255 255 255 255 255 255 255 255 255 255 255 255 255 255 255 255 255 255 255 255 255 255 255 255 255 255 255 255 255 255 255 255 255 255 255 255 255 255 255 255 255 
255 255 255 255 255 255 255 255 255 255 255 255 255 255 255 255 255 255 255 255 255 255 255 255 255 255 255 255 255 255 255 255 255 255 255 255 255 255 255 255 255 255 255 255 255 255 255 255 255 255 255 255 255 255 255 255 255 255 255 255 255 255 255 255 255 255 255 255 255 255 255 255 
255 255 255 255 255 255 255 255 255 255 255 255 255 255 255 255 255 255 255 255 255 255 255 255 255 255 255 255 255 255 255 255 255 255 255 255 255 255 255 255 255 255 255 255 255 255 255 255 255 255 255 255 255 255 255 255 255 255 255 255 255 255 255 255 255 255 255 255 255 255 255 255 
255 255 255 255 255 255 255 255 255 255 255 255 255 255 255 255 255 255 255 255 255 255 255 255 255 255 255 255 255 255 255 255 255 255 255 255 255 255 255 255 255 255 255 255 255 255 255 255 255 255 255 255 255 255 255 255 255 255 255 255 255 255 255 255 255 255 255 255 255 255 255 255 
255 255 255 255 255 255 255 255 255 255 255 255 255 255 255 255 255 255 255 255 255 255 255 255 255 255 255 255 255 255 255 255 255 255 255 255 255 255 255 255 255 255 255 255 255 255 255 255 255 255 255 255 255 255 255 255 255 255 255 255 255 255 255 255 255 255 255 255 255 255 255 255 
255 255 255 255 255 255 255 255 255 255 255 255 255 255 255 255 255 255 255 255 255 255 255 255 255 255 255 255 255 255 255 255 255 255 255 255 255 255 255 255 255 255 255 255 255 255 255 255 255 255 255 255 255 255 255 255 255 255 255 255 255 255 255 255 255 255 255 255 255 255 255 255 
255 255 255 255 255 255 255 255 255 255 255 255 255 255 255 255 255 255 255 255 255 255 255 255 255 255 255 255 255 255 255 255 255 255 255 255 255 255 255 255 255 255 255 255 255 255 255 255 255 255 255 255 255 255 255 255 255 255 255 255 255 255 255 255 255 255 255 255 255 255 255 255 
255 255 255 255 255 255 255 255 255 255 255 255 255 255 255 255 255 255 255 255 255 255 255 255 255 255 255 255 255 255 255 255 255 255 255 255 255 255 255 255 255 255 255 255 255 255 255 255 255 255 255 255 255 255 255 255 255 255 255 255 255 255 255 255 255 255 255 255 255 255 255 255 
255 255 255 255 255 255 255 255 255 255 255 255 255 255 255 255 255 255 255 255 255 255 255 255 255 255 255 255 255 255 255 255 255 255 255 255 255 255 255 255 255 255 255 255 255 255 255 255 255 255 255 255 255 255 255 255 255 255 255 255 255 255 255 255 255 255 255 255 255 255 255 255 
255 255 255 255 255 255 255 255 255 255 255 255 255 255 255 255 255 255 255 255 255 255 255 255 255 255 255 255 255 255 255 255 255 255 255 255 255 255 255 255 255 255 255 255 255 255 255 255 255 255 255 255 255 255 255 255 255 255 255 255 255 255 255 255 255 255 255 255 255 255 255 255 
255 255 255 255 255 255 255 255 255 255 255 255 255 255 255 255 255 255 255 255 255 255 255 255 255 255 255 255 255 255 255 255 255 255 255 255 255 255 255 255 255 255 255 255 255 255 255 255 255 255 255 255 255 255 255 255 255 255 255 255 255 255 255 255 255 255 255 255 255 255 255 255 
255 255 255 255 255 255 255 255 255 255 255 255 255 230 184 195 255 255 255 255 255 255 255 255 255 255 255 170 134 185 221 249 255 255 255 255 255 255 255 255 255 255 255 255 255 255 255 255 255 255 255 255 255 255 255 255 255 255 255 227 252 255 255 255 255 255 255 255 255 255 255 196 
255 255 255 255 255 255 255 255 255 255 255 199 021 000 000 065 255 255 255 255 255 255 255 255 255 255 255 123 000 000 000 061 255 255 255 255 255 255 255 255 255 255 255 255 255 255 255 255 255 255 255 255 255 255 255 255 252 177 075 003 144 255 255 255 255 255 255 255 255 255 234 003 
255 255 255 255 255 255 255 255 255 255 255 243 006 000 000 009 250 255 255 255 255 255 255 255 255 255 255 129 000 000 000 164 255 255 255 255 255 255 255 255 255 255 255 255 255 255 255 255 255 255 255 255 255 255 255 255 247 048 000 000 014 232 255 255 255 255 255 255 255 255 129 000 
255 255 255 255 255 255 255 255 255 255 255 255 065 000 000 000 201 255 255 255 255 255 255 255 255 255 255 136 000 000 000 197 255 255 255 255 255 255 255 255 255 255 255 255 255 255 255 255 255 255 255 255 255 255 255 255 255 199 000 000 000 106 255 255 255 255 255 255 255 249 023 000 
255 255 255 185 089 116 143 162 165 168 171 175 086 000 000 000 099 160 153 146 137 113 087 192 255 255 255 142 000 000 000 217 255 255 255 255 255 255 255 255 255 255 255 255 255 255 255 255 255 255 255 255 255 255 255 255 255 255 077 000 000 007 233 255 255 255 255 255 255 148 000 000 
255 255 255 157 000 000 000 000 000 000 000 000 000 000 000 000 000 000 000 000 000 000 000 167 255 255 255 139 000 000 000 238 255 255 255 255 255 255 255 255 255 255 255 255 255 255 255 255 255 255 255 255 255 255 255 255 255 255 193 017 116 222 255 255 255 255 255 255 245 024 000 000 
255 255 255 157 000 000 000 000 000 000 000 000 000 000 000 000 000 000 000 000 000 000 000 167 255 255 255 133 000 000 004 254 255 255 255 255 255 255 255 255 255 255 255 255 255 255 255 255 255 199 123 133 143 153 163 173 177 180 181 174 187 189 191 193 193 193 193 193 116 000 000 026 
255 255 255 183 083 108 132 154 159 162 165 167 170 172 170 167 164 162 159 153 131 106 082 190 255 255 255 127 000 000 024 255 255 255 255 255 255 236 255 255 255 255 255 255 255 255 255 255 255 151 000 000 000 000 000 000 000 000 000 000 000 000 000 000 000 000 000 000 000 000 000 000 
255 255 255 255 255 255 255 255 255 255 255 255 255 255 255 255 255 255 255 255 255 255 255 255 255 255 255 121 000 000 045 238 201 165 129 086 028 081 255 255 255 255 255 255 255 255 255 255 255 151 000 000 000 000 000 000 000 000 000 000 000 000 000 000 000 000 000 000 000 000 000 000 
255 255 255 255 255 255 062 026 041 047 048 049 051 052 050 049 048 047 036 022 120 255 249 153 153 139 117 047 000 000 000 000 000 000 000 000 000 150 255 255 255 255 255 255 255 255 255 255 255 171 054 064 073 083 092 101 105 107 110 113 115 118 121 123 009 000 000 074 123 121 119 117 
255 255 255 255 255 255 072 000 000 000 000 000 000 000 000 000 000 000 000 000 129 255 254 008 000 000 000 000 000 000 000 000 000 000 000 000 000 210 255 255 255 255 255 255 255 255 255 255 255 255 255 255 255 255 255 255 255 255 255 255 255 255 255 255 018 000 000 153 255 255 255 255 
255 255 255 255 255 255 079 000 000 036 064 064 064 064 064 064 064 014 000 000 135 255 255 042 000 000 000 000 000 000 015 060 092 087 000 000 003 249 255 255 255 255 255 255 255 255 255 255 255 255 255 255 255 255 255 255 255 255 255 255 255 255 255 255 018 000 000 153 255 255 255 255 
255 255 255 255 255 255 081 000 000 144 255 255 255 255 255 255 255 056 000 000 137 255 255 117 088 119 150 051 000 000 117 255 255 167 000 000 038 255 255 255 255 255 255 255 255 255 255 255 255 255 255 248 246 255 255 255 255 255 255 255 255 255 255 255 018 000 000 153 255 255 255 255 
255 255 255 255 255 255 082 000 000 144 255 255 255 255 255 255 255 056 000 000 138 255 255 255 255 255 255 061 000 000 142 255 255 141 000 000 080 255 255 255 255 255 255 255 255 255 255 255 255 255 255 143 000 002 012 023 034 038 042 045 048 051 054 057 004 000 000 035 056 052 049 046 
255 255 255 255 255 255 079 000 000 053 094 094 094 094 094 094 094 021 000 000 135 255 255 255 255 255 255 043 000 000 168 255 255 123 000 000 120 255 255 255 255 255 255 255 255 255 255 255 255 255 255 143 000 000 000 000 000 000 000 000 000 000 000 000 000 000 000 000 000 000 000 000 
255 255 255 255 255 255 072 000 000 000 000 000 000 000 000 000 000 000 000 000 130 255 255 255 255 255 255 025 000 000 194 255 255 116 000 000 133 255 255 255 255 255 255 255 255 255 255 255 255 255 255 143 000 000 000 000 000 000 000 000 000 000 000 001 000 000 000 001 000 000 000 000 
255 255 255 255 255 255 055 017 030 036 039 041 043 045 043 041 038 036 026 014 116 255 255 197 225 255 246 003 000 000 225 255 255 109 000 000 140 255 255 255 255 255 255 255 255 255 255 255 255 255 255 223 190 201 212 223 234 239 242 245 248 251 254 255 018 000 000 153 255 252 249 246 
255 255 255 255 255 255 255 255 255 255 255 255 255 255 255 255 255 255 255 255 255 255 219 016 010 141 197 000 000 021 255 255 255 102 000 000 147 255 255 255 255 255 255 255 255 255 255 255 255 255 255 255 255 255 255 255 255 255 255 255 255 255 255 255 018 000 000 153 255 255 255 255 
255 255 255 255 212 120 145 163 166 170 173 176 178 175 172 169 166 161 140 115 239 251 046 000 000 000 020 000 000 076 255 255 255 095 000 000 153 255 255 255 255 255 255 255 255 255 255 255 255 255 255 255 255 255 255 255 255 255 255 255 255 255 255 255 018 000 000 153 255 255 255 255 
255 255 255 255 181 000 000 000 000 000 000 000 000 000 000 000 000 000 000 000 227 255 219 103 003 000 000 000 000 131 255 255 255 088 000 000 160 255 255 255 255 255 255 255 255 255 255 208 099 109 119 129 139 149 158 159 160 162 163 164 165 166 167 168 012 000 000 101 168 167 166 164 
255 255 255 255 181 000 000 000 000 000 000 000 000 000 000 000 000 000 000 021 231 255 255 255 199 036 000 000 000 071 237 255 255 095 000 000 162 255 255 255 255 255 255 255 255 255 255 181 000 000 000 000 000 000 000 000 000 000 000 000 000 000 000 000 000 000 000 000 000 000 000 000 
255 255 255 255 213 125 150 167 171 175 179 182 182 161 021 000 000 089 217 255 255 255 255 255 255 160 000 000 000 000 028 201 255 121 000 000 134 255 255 255 255 255 255 255 255 255 255 181 000 000 000 000 000 000 000 000 000 000 000 000 000 000 000 000 000 000 000 000 000 000 000 000 
255 255 255 255 255 255 255 255 255 255 255 255 199 028 000 000 129 255 255 255 253 252 255 255 255 056 000 000 000 000 000 034 251 147 000 000 100 255 255 252 254 255 255 255 255 255 255 202 076 086 095 105 115 124 134 138 139 140 141 142 143 144 145 132 146 147 147 146 145 144 143 142 
255 255 255 255 255 255 255 255 255 255 255 250 005 000 000 120 182 145 107 058 011 227 255 255 172 000 000 000 100 000 008 202 255 179 000 000 064 255 255 193 092 243 255 255 255 255 255 255 255 255 255 255 255 255 255 255 255 255 255 255 255 255 255 128 027 095 136 172 253 255 255 255 
255 255 255 255 160 141 147 153 142 124 105 084 000 000 000 000 000 000 000 000 004 254 255 247 032 000 000 074 255 105 166 255 255 223 000 000 015 254 255 131 000 029 163 251 255 255 255 255 255 255 255 255 255 255 255 255 255 255 255 255 255 255 255 126 000 000 000 080 254 255 255 255 
255 255 255 255 097 000 000 000 000 000 000 000 000 000 000 000 000 000 000 000 000 247 255 110 000 000 005 207 255 254 255 255 255 255 018 000 000 167 255 058 000 000 012 248 255 255 255 255 255 255 255 255 255 255 255 255 255 255 255 255 255 255 255 102 000 000 000 223 255 255 255 255 
255 255 255 255 143 000 000 000 000 000 000 000 000 000 000 096 139 171 201 222 242 255 150 000 000 000 129 255 255 255 255 255 255 255 117 000 000 028 138 000 000 000 084 255 255 255 255 255 200 169 178 187 196 205 214 217 220 222 225 227 230 232 235 069 000 000 038 235 233 232 230 228 
255 255 255 255 160 009 050 092 131 166 201 229 000 000 000 224 255 255 255 255 255 159 004 000 000 052 251 255 255 255 255 255 255 255 228 005 000 000 000 000 000 000 198 255 255 255 255 255 104 000 000 000 000 000 000 000 000 000 000 000 000 000 000 000 000 000 000 000 000 000 000 000 
255 255 255 255 249 253 255 255 255 255 255 248 000 000 000 224 255 255 255 249 110 000 000 000 008 213 255 255 255 255 255 255 255 255 255 142 000 000 000 000 000 082 255 255 255 255 255 255 104 000 000 000 000 000 000 000 000 000 000 000 000 000 000 000 000 000 000 000 000 000 000 000 
255 255 255 255 255 255 255 255 255 196 175 142 000 000 000 224 255 255 255 138 015 000 000 000 153 255 255 255 255 255 255 255 255 255 255 255 142 008 000 000 033 220 255 255 255 255 255 255 114 022 031 040 049 057 064 068 071 075 078 082 085 088 037 000 000 000 000 000 008 089 086 082 
255 255 255 255 255 255 255 255 255 219 001 000 000 000 000 226 255 255 255 255 233 091 000 114 255 255 255 255 255 255 255 255 255 255 255 255 255 223 157 140 244 255 255 255 255 255 255 255 255 255 255 255 255 255 255 255 255 255 255 255 255 247 025 000 000 055 007 000 000 118 255 255 
255 255 255 255 255 255 255 255 255 255 053 000 000 000 019 252 255 255 255 255 255 255 176 253 255 255 255 255 255 255 255 255 255 240 145 080 243 255 255 255 255 255 255 255 255 255 255 255 255 255 255 255 255 255 255 255 255 255 255 255 253 094 000 000 000 196 141 000 000 000 100 246 
255 255 255 255 255 255 255 250 198 255 104 021 053 115 228 255 255 235 243 255 255 255 255 255 251 194 121 128 255 255 255 255 167 011 000 000 078 253 255 255 255 255 255 255 255 255 255 255 255 255 255 255 255 255 255 255 255 255 255 254 101 000 000 000 076 255 254 075 000 000 000 044 
255 255 255 255 255 255 255 160 000 083 217 255 255 255 225 113 046 001 160 255 255 255 255 255 042 000 000 024 255 255 255 255 244 046 000 000 000 117 255 255 255 255 255 255 255 255 255 255 255 255 255 255 255 255 255 255 255 255 208 079 000 000 000 046 242 255 255 247 071 000 000 000 
255 255 255 255 255 255 246 038 000 000 007 223 255 255 228 001 000 000 096 255 255 255 255 255 108 000 000 000 209 255 255 255 255 216 008 000 000 000 163 255 255 255 255 255 255 255 255 255 255 255 255 255 255 255 255 255 197 075 000 000 000 000 025 226 255 255 255 255 248 075 000 000 
255 255 255 255 255 255 100 000 000 000 113 255 255 255 255 040 000 000 031 255 255 255 255 255 192 000 000 000 124 255 255 255 255 255 134 000 000 000 012 216 255 255 255 255 255 255 255 255 255 255 255 253 206 145 083 023 000 000 000 000 000 056 212 255 255 255 255 255 255 249 079 000 
255 255 255 255 255 166 000 000 000 047 248 255 255 255 255 087 000 000 000 216 255 255 255 255 253 015 000 000 025 251 255 255 255 255 251 049 000 000 000 046 247 255 255 255 255 255 255 239 133 096 059 015 000 000 000 000 000 000 000 026 162 254 255 255 255 255 255 255 255 255 254 171 
255 255 255 255 191 011 000 000 003 208 255 255 255 255 255 134 000 000 000 144 255 255 255 255 255 066 000 000 000 172 255 255 255 255 255 206 002 000 000 000 101 255 255 255 255 255 255 255 107 000 000 000 000 000 000 000 000 036 130 244 255 255 255 255 255 255 255 255 255 255 255 255 
255 255 255 250 062 000 000 000 106 255 255 255 255 255 255 168 000 000 000 073 255 255 255 255 255 119 000 013 076 179 255 255 255 255 255 255 093 000 007 094 203 255 255 255 255 255 255 255 243 028 000 000 000 000 028 114 203 255 255 255 255 255 255 255 255 255 255 255 255 255 255 255 
255 255 255 255 254 169 035 019 237 255 255 255 255 255 255 199 092 144 195 244 255 255 255 255 255 216 198 251 255 255 255 255 255 255 255 255 221 130 233 255 255 255 255 255 255 255 255 255 255 163 001 049 119 194 254 255 255 255 255 255 255 255 255 255 255 255 255 255 255 255 255 255 
255 255 255 255 255 255 250 210 255 255 255 255 255 255 255 255 255 255 255 255 255 255 255 255 255 255 255 255 255 255 255 255 255 255 255 255 255 255 255 255 255 255 255 255 255 255 255 255 255 250 234 255 255 255 255 255 255 255 255 255 255 255 255 255 255 255 255 255 255 255 255 255 
255 255 255 255 255 255 255 255 255 255 255 255 255 255 255 255 255 255 255 255 255 255 255 255 255 255 255 255 255 255 255 255 255 255 255 255 255 255 255 255 255 255 255 255 255 255 255 255 255 255 255 255 255 255 255 255 255 255 255 255 255 255 255 255 255 255 255 255 255 255 255 255 
255 255 255 255 255 255 255 255 255 255 255 255 255 255 255 255 255 255 255 255 255 255 255 255 255 255 255 255 255 255 255 255 255 255 255 255 255 255 255 255 255 255 255 255 255 255 255 255 255 255 255 255 255 255 255 255 255 255 255 255 255 255 255 255 255 255 255 255 255 255 255 255 
255 255 255 255 255 255 255 255 255 255 255 255 255 255 255 255 255 255 255 255 255 255 255 255 255 255 255 255 255 255 255 255 255 255 255 255 255 255 255 255 255 255 255 255 255 255 255 255 255 255 255 255 255 255 255 255 255 255 255 255 255 255 255 255 255 255 255 255 255 255 255 255 
255 255 255 255 255 255 255 255 255 255 255 255 255 255 255 255 255 255 255 255 255 255 255 255 255 255 255 255 255 255 255 255 255 255 255 255 255 255 255 255 255 255 255 255 255 255 255 255 255 255 255 255 255 255 255 255 255 255 255 255 255 255 255 255 255 255 255 255 255 255 255 255 
255 255 255 255 255 255 255 255 255 255 255 255 255 255 255 255 255 255 255 255 255 255 255 255 255 255 255 255 255 255 255 255 255 255 255 255 255 255 255 255 255 255 255 255 255 255 255 255 255 255 255 255 255 255 255 255 255 255 255 255 255 255 255 255 255 255 255 255 255 255 255 255 
255 255 255 255 255 255 255 255 255 255 255 255 255 255 255 255 255 255 255 255 255 255 255 255 255 255 255 255 255 255 255 255 255 255 255 255 255 255 255 255 255 255 255 255 255 255 255 255 255 255 255 255 255 255 255 255 255 255 255 255 255 255 255 255 255 255 255 255 255 255 255 255 
255 255 255 255 255 255 255 255 255 255 255 255 255 255 255 255 255 255 255 255 255 255 255 255 255 255 255 255 255 255 255 255 255 255 255 255 255 255 255 255 255 255 255 255 255 255 255 255 255 255 255 255 255 255 255 255 255 255 255 255 255 255 255 255 255 255 255 255 255 255 255 255 
255 255 255 255 255 255 255 255 255 255 255 255 255 255 255 255 255 255 255 255 255 255 255 255 255 255 255 255 255 255 255 255 255 255 255 255 255 255 255 255 255 255 255 255 255 255 255 255 255 255 255 255 255 255 255 255 255 255 255 255 255 255 255 255 255 255 255 255 255 255 255 255 
255 255 255 255 255 255 255 255 255 255 255 255 255 255 255 255 255 255 255 255 255 255 255 255 255 255 255 255 255 255 255 255 255 255 255 255 255 255 255 255 255 255 255 255 255 255 255 255 255 255 255 255 255 255 255 255 255 255 255 255 255 255 255 255 255 255 255 255 255 255 255 255 
255 255 255 255 255 255 255 255 255 255 255 255 255 255 255 255 255 255 255 255 255 255 255 255 255 255 255 255 255 255 255 255 255 255 255 255 255 255 255 255 255 255 255 255 255 255 255 255 255 255 255 255 255 255 255 255 255 255 255 255 255 255 255 255 255 255 255 255 255 255 255 255 
255 255 255 255 255 255 255 255 255 255 255 255 255 255 255 255 255 255 255 255 255 255 255 255 255 255 255 255 255 255 255 255 255 255 255 255 255 255 255 255 255 255 255 255 255 255 255 255 255 255 255 255 255 255 255 255 255 255 255 255 255 255 255 255 255 255 255 255 255 255 255 255 
255 255 255 255 255 255 255 255 255 255 255 255 255 255 255 255 255 255 255 255 255 255 255 255 255 255 255 255 255 255 255 255 255 255 255 255 255 255 255 255 255 255 255 255 255 255 255 255 255 255 255 255 255 255 255 255 255 255 255 255 255 255 255 255 255 255 255 255 255 255 255 255 
255 255 255 255 255 255 255 255 255 255 255 255 255 255 255 255 255 255 255 255 255 255 255 255 255 255 255 255 255 255 255 255 255 255 255 255 255 255 255 255 255 255 255 255 255 255 255 255 255 255 255 255 255 255 255 255 255 255 255 255 255 255 255 255 255 255 255 255 255 255 255 255 
255 255 255 255 255 255 255 255 255 255 255 255 255 255 255 255 255 255 255 255 255 255 255 255 255 255 255 255 255 255 255 255 255 255 255 255 255 255 255 255 255 255 255 255 255 255 255 255 255 255 255 255 255 255 255 255 255 255 255 255 255 255 255 255 255 255 255 255 255 255 255 255 
255 255 255 255 255 255 255 255 255 255 255 255 255 255 255 255 255 255 255 255 255 255 255 255 255 255 255 255 255 255 255 255 255 255 255 255 255 255 255 255 255 255 255 255 255 255 255 255 255 255 255 255 255 255 255 255 255 255 255 255 255 255 255 255 255 255 255 255 255 255 255 255 
255 255 255 255 255 255 255 255 255 255 255 255 255 255 255 255 255 255 255 255 255 255 255 255 255 255 255 255 255 255 255 255 255 255 255 255 255 255 255 255 255 255 255 255 255 255 255 255 255 255 255 255 255 255 255 255 255 255 255 255 255 255 255 255 255 255 255 255 255 255 255 255 
255 255 255 255 255 255 255 255 255 255 255 255 255 255 255 255 255 255 255 255 255 255 255 255 255 255 255 255 255 255 255 255 255 255 255 255 255 255 255 255 255 255 255 255 255 255 255 255 255 255 255 255 255 255 255 255 255 255 255 255 255 255 255 255 255 255 255 255 255 255 255 255 
255 255 255 255 255 255 255 255 255 255 255 255 255 255 255 255 255 255 255 255 255 255 255 255 255 255 255 255 255 255 255 255 255 255 255 255 255 255 255 255 255 255 255 255 255 255 255 255 255 255 255 255 255 255 255 255 255 255 255 255 255 255 255 255 255 255 255 255 255 255 255 255 
255 255 255 255 255 255 255 255 255 255 255 255 255 255 255 255 255 255 255 255 255 255 255 255 255 255 255 255 255 255 255 255 255 255 255 255 255 255 255 255 255 255 255 255 255 255 255 255 255 255 255 255 255 255 255 255 255 255 255 255 255 255 255 255 255 255 255 255 255 255 255 255 
255 255 255 255 255 255 255 255 255 255 255 255 255 255 255 255 255 255 255 255 255 255 255 255 255 255 255 255 255 255 255 255 255 255 255 255 255 255 255 255 255 255 255 255 255 255 255 255 255 255 255 255 255 255 255 255 255 255 255 255 255 255 255 255 255 255 255 255 255 255 255 255 
255 255 255 255 255 255 255 255 255 255 255 255 255 255 255 255 255 255 255 255 255 255 255 255 255 255 255 255 255 255 255 255 255 255 255 255 255 255 255 255 255 255 255 255 255 255 255 255 255 255 255 255 255 255 255 255 255 255 255 255 255 255 255 255 255 255 255 255 255 255 255 255 
255 255 255 255 255 255 255 255 255 255 255 255 255 255 255 255 255 255 255 255 255 255 255 255 255 255 255 255 255 255 255 255 255 255 255 255 255 255 255 255 255 255 255 255 255 255 255 255 255 255 255 255 255 255 255 255 255 255 255 255 255 255 255 255 255 255 255 255 255 255 255 255 
255 255 255 255 255 255 255 255 255 255 255 255 255 255 255 255 255 255 255 255 255 255 255 255 255 255 255 255 255 255 255 255 255 255 255 255 255 255 255 255 255 255 255 255 255 255 255 255 255 255 255 255 255 255 255 255 255 255 255 255 255 255 255 255 255 255 255 255 255 255 255 255 
255 255 255 255 255 255 255 255 255 255 255 255 255 255 255 255 255 255 255 255 255 255 255 255 255 255 255 255 255 255 255 255 255 255 255 255 255 255 255 255 255 255 255 255 255 255 255 255 255 255 255 255 255 255 255 255 255 255 255 255 255 255 255 255 255 255 255 255 255 255 255 255 
255 255 255 255 255 255 255 255 255 255 255 255 255 255 255 255 255 255 255 255 255 255 255 255 255 255 255 255 255 255 255 255 255 255 255 255 255 255 255 255 255 255 255 255 255 255 255 255 255 255 255 255 255 255 255 255 255 255 255 255 255 255 255 255 255 255 255 255 255 255 255 255 
255 255 255 255 255 255 255 255 255 255 255 255 255 255 255 255 255 255 255 255 255 255 255 255 255 255 255 255 255 255 255 255 255 255 255 255 255 255 255 255 255 255 255 255 255 255 255 255 255 255 255 255 255 255 255 255 255 255 255 255 255 255 255 255 255 255 255 255 255 255 255 255 
255 255 255 255 255 255 255 255 255 255 255 255 255 255 255 255 255 255 255 255 255 255 255 255 255 255 255 255 255 255 255 255 255 255 255 255 255 255 255 255 255 255 255 255 255 255 255 255 255 255 255 255 255 255 255 255 255 255 255 255 255 255 255 255 255 255 255 255 255 255 255 255 
255 255 255 255 255 255 255 255 255 255 255 255 255 255 255 255 255 255 255 255 255 255 255 255 255 255 255 255 255 255 255 255 255 255 255 255 255 255 255 255 255 255 255 255 255 255 255 255 255 255 255 255 255 255 255 255 255 255 255 255 255 255 255 255 255 255 255 255 255 255 255 255 
255 255 255 255 255 255 255 255 255 255 255 255 255 255 255 255 255 255 255 255 255 255 255 255 255 255 255 255 255 255 255 255 255 255 255 255 255 255 255 255 255 255 255 255 255 255 255 255 255 255 255 255 255 255 255 255 255 255 255 255 255 255 255 255 255 255 255 255 255 255 255 255 
255 255 255 255 255 255 255 255 255 255 255 255 255 255 255 255 255 255 255 255 255 255 255 255 255 255 255 255 255 255 255 255 255 255 255 255 255 255 255 255 255 255 255 255 255 255 255 255 255 255 255 255 255 255 255 255 255 255 255 255 255 255 255 255 255 255 255 255 255 255 255 255 
255 255 255 255 255 255 252 252 255 255 255 255 255 255 255 255 255 255 255 255 255 255 255 255 255 255 255 255 255 255 255 255 255 255 255 255 255 255 255 255 255 255 255 252 252 255 255 255 255 255 255 255 249 250 255 255 255 255 255 255 255 255 255 255 255 255 247 228 209 191 168 144 
255 255 255 255 255 255 173 000 009 022 034 047 060 072 082 083 084 086 087 089 090 092 093 095 096 098 096 095 093 092 090 089 087 086 084 083 082 073 060 047 035 022 009 000 167 255 255 255 255 255 255 255 240 016 019 043 046 042 038 034 029 025 021 016 012 007 000 000 000 000 000 000 
255 255 255 255 255 255 173 000 000 000 000 000 000 000 000 000 000 000 000 000 000 000 000 000 000 000 000 000 000 000 000 000 000 000 000 000 000 000 000 000 000 000 000 000 167 255 255 255 255 255 255 255 255 087 000 000 000 000 000 000 000 000 000 000 000 000 000 000 000 000 000 000 
255 255 255 255 255 255 173 000 000 000 000 000 000 000 000 000 000 000 000 000 000 000 000 000 000 000 000 000 000 000 000 000 000 000 000 000 000 000 000 000 000 000 000 000 167 255 255 255 255 255 255 255 255 149 000 000 000 000 000 000 000 003 010 019 032 045 058 070 083 096 112 128 
255 255 255 255 255 255 176 016 028 040 052 064 076 088 096 097 098 099 100 101 102 103 104 105 106 088 000 000 000 000 089 103 101 098 095 093 090 087 082 070 057 044 031 018 171 255 255 255 255 255 255 255 255 239 213 220 226 233 239 198 189 255 255 255 255 255 255 234 161 086 139 255 
255 255 255 255 255 255 255 255 255 255 255 255 255 255 255 255 255 255 255 255 255 255 255 255 255 125 000 000 000 044 254 255 255 255 255 255 255 255 255 255 255 255 255 255 255 255 255 255 255 255 255 255 255 255 255 255 252 171 061 000 032 250 255 255 255 255 195 003 000 000 023 249 
255 255 255 255 255 255 255 255 255 255 255 255 255 255 255 255 255 255 255 255 255 255 255 255 243 017 000 000 000 161 255 255 255 255 255 255 255 255 255 255 255 255 255 255 255 255 255 255 255 255 255 255 255 255 255 255 237 031 000 000 000 137 255 255 255 255 255 092 000 000 000 152 
255 255 255 255 255 255 255 255 255 255 255 255 255 255 255 255 255 255 255 255 255 255 255 255 140 000 000 000 033 250 255 255 255 255 255 255 255 255 255 255 255 255 255 255 255 255 255 255 255 255 255 255 255 255 255 255 255 203 004 000 000 008 224 255 255 255 255 227 009 000 000 017 
255 255 255 255 255 255 255 255 255 255 255 255 255 255 255 255 255 255 255 255 255 255 255 230 018 000 000 000 177 255 255 255 255 255 255 255 255 255 255 255 255 255 255 255 255 255 255 255 255 255 255 255 255 255 255 255 255 255 112 010 107 221 255 255 255 255 255 255 099 043 119 194 
255 255 255 255 255 255 255 255 255 255 255 255 255 255 255 255 255 255 255 255 255 255 255 074 000 000 000 075 255 255 255 255 255 255 255 255 255 255 255 255 255 255 255 255 255 255 255 255 255 255 255 255 098 093 113 127 132 137 128 127 152 156 161 166 171 176 176 176 173 176 177 177 
255 255 255 255 255 255 255 255 255 255 255 255 255 255 255 255 255 255 255 255 255 255 155 000 000 000 000 214 255 255 255 255 255 255 255 255 255 255 255 255 255 255 255 255 255 255 255 255 255 255 255 255 032 000 000 000 000 000 000 000 000 000 000 000 000 000 000 000 000 000 000 000 
255 255 255 255 255 255 255 255 255 255 255 255 255 255 255 255 255 255 255 255 255 223 013 000 000 000 000 239 255 255 255 255 255 255 255 255 255 255 255 255 255 255 255 255 255 255 255 255 255 255 255 255 032 000 000 000 000 000 000 000 000 000 000 000 000 000 000 000 000 000 000 000 
255 255 255 255 255 255 255 255 255 255 255 255 255 255 255 255 255 255 255 255 254 063 000 000 000 000 000 239 255 255 255 255 252 252 255 255 255 255 255 255 255 255 255 255 255 255 255 255 255 255 255 255 032 000 000 100 183 183 183 183 183 183 183 183 183 183 183 152 180 183 183 183 
255 255 255 255 255 255 255 255 255 255 255 255 255 255 255 255 255 255 255 255 142 000 000 000 000 000 000 239 255 255 255 228 061 084 250 255 255 255 255 255 255 255 255 255 255 255 255 255 255 255 255 255 032 000 000 139 255 255 255 255 255 255 255 255 255 255 252 030 020 083 099 163 
255 255 255 255 255 255 255 255 255 255 255 255 255 255 255 255 255 255 255 173 005 000 000 000 000 000 000 239 255 255 179 019 000 000 073 246 255 255 255 255 255 255 255 255 255 255 255 255 255 255 255 255 032 000 000 139 255 255 255 255 255 255 255 255 255 255 171 000 000 000 024 209 
255 255 255 255 255 255 255 255 255 255 255 255 255 255 255 255 255 255 167 004 000 000 000 000 000 000 000 239 255 229 018 000 000 000 000 063 243 255 255 255 255 255 255 255 255 255 255 255 255 255 255 255 032 000 000 139 255 255 255 255 255 255 255 255 255 254 045 000 000 009 208 255 
255 255 255 255 255 255 255 255 255 255 255 255 255 255 255 255 255 162 003 000 000 000 095 000 000 000 000 239 255 255 215 033 000 000 000 000 063 246 255 255 255 255 255 255 255 255 255 255 255 255 255 255 060 030 030 096 025 045 065 085 089 089 089 089 089 074 000 000 000 032 088 087 
255 255 255 255 255 255 255 255 255 255 255 255 255 255 255 255 157 002 000 000 000 074 250 000 000 000 000 239 255 255 255 232 053 000 000 000 000 070 248 255 255 255 255 255 255 255 255 255 255 255 255 255 255 255 255 194 000 000 000 000 000 000 000 000 000 000 000 000 000 000 000 000 
255 255 255 255 255 255 255 255 255 255 255 255 255 255 255 151 001 000 000 000 054 244 254 000 000 000 000 239 255 255 255 255 243 049 000 000 000 000 077 250 255 255 255 255 255 255 255 255 255 255 255 255 255 255 255 194 000 000 000 000 000 000 000 000 000 000 000 000 000 000 000 000 
255 255 255 255 255 255 255 255 255 255 255 255 255 239 096 000 000 000 000 057 237 255 254 000 000 000 000 239 255 255 255 255 255 230 031 000 000 000 000 085 252 255 255 255 255 255 255 255 255 255 255 255 255 255 255 228 155 177 198 220 230 232 235 184 002 000 000 121 237 235 232 230 
255 255 255 255 255 255 255 255 255 255 255 255 178 026 000 000 000 000 078 246 255 255 254 000 000 000 000 239 255 255 255 255 255 255 213 016 000 000 000 000 093 253 255 255 255 255 255 255 255 255 255 255 255 255 255 255 255 255 255 255 255 255 244 038 000 000 040 248 255 255 255 255 
255 255 255 255 255 255 255 255 255 255 236 090 000 000 000 000 000 101 252 255 255 255 254 000 000 000 000 239 255 255 255 255 255 255 255 192 006 000 000 000 000 106 255 255 255 255 255 255 255 255 255 255 255 255 255 255 255 255 255 255 255 250 071 000 000 009 206 255 255 255 255 255 
255 255 255 255 255 255 255 255 255 171 022 000 000 000 000 000 127 255 255 255 255 255 254 000 000 000 000 239 255 255 255 255 255 255 255 255 167 001 000 000 000 000 135 255 255 255 255 255 255 255 255 255 255 255 255 255 255 255 255 255 254 092 000 000 000 118 211 211 211 211 211 211 
255 255 255 255 255 255 255 184 063 000 000 000 000 000 003 153 255 255 255 255 255 255 254 000 000 000 000 239 255 255 255 255 255 255 255 255 255 137 000 000 000 000 001 164 255 255 255 255 255 255 255 255 255 255 255 255 255 255 255 255 113 000 000 000 000 000 000 000 000 000 000 000 
255 255 255 255 255 206 050 000 000 000 000 000 000 009 177 255 255 255 255 255 255 255 254 000 000 000 000 239 255 255 255 255 255 255 255 255 255 255 084 000 000 000 000 008 227 255 255 255 255 255 255 255 255 255 255 255 255 255 245 087 000 000 000 000 000 000 000 000 000 000 000 000 
255 255 255 255 255 252 115 000 000 000 000 000 030 199 255 255 255 255 255 255 255 255 254 000 000 000 000 239 255 255 255 255 255 255 255 255 255 255 237 026 000 000 019 184 255 255 255 255 255 255 255 255 255 255 255 255 255 221 046 000 000 000 045 000 000 015 127 128 128 128 128 128 
255 255 255 255 255 255 255 110 000 000 000 083 239 255 255 255 255 255 255 255 255 255 254 000 000 000 000 239 255 255 255 255 255 255 255 255 255 255 255 184 001 053 225 255 255 255 255 255 255 255 255 255 255 255 255 252 153 017 000 000 000 093 251 072 000 000 132 255 255 255 255 255 
255 255 255 255 255 255 255 254 089 009 152 255 255 255 255 255 255 255 255 255 255 255 254 000 000 000 000 239 255 255 255 255 255 255 255 255 255 255 255 255 171 249 255 255 255 255 255 255 255 255 255 255 255 255 184 044 000 000 000 002 122 254 255 223 016 000 000 121 254 255 255 255 
255 255 255 255 255 255 255 255 240 212 255 255 255 255 255 255 255 255 255 255 255 255 254 000 000 000 000 239 255 255 255 255 255 255 255 255 255 255 255 255 255 255 255 255 255 255 255 255 255 255 255 251 173 066 000 000 000 000 031 194 255 255 255 255 190 006 000 000 090 249 255 255 
255 255 255 255 255 255 255 255 255 255 255 255 255 255 255 255 255 255 255 255 255 255 254 000 000 000 000 239 255 255 255 255 255 255 255 255 255 255 255 255 255 255 255 255 255 255 255 255 255 255 255 239 080 000 000 000 000 091 240 255 255 255 255 255 255 163 000 000 000 055 210 244 
255 255 255 255 255 255 255 255 255 255 255 255 255 255 255 255 255 255 255 255 255 255 254 000 000 000 000 239 255 255 255 255 255 255 255 255 255 255 255 255 255 255 255 255 255 255 255 255 255 255 255 255 251 078 000 033 170 255 255 255 255 255 255 255 255 255 140 002 000 000 004 025 
255 255 255 255 255 255 255 255 255 255 255 255 255 255 255 255 255 255 255 255 255 255 251 000 000 000 000 237 255 255 255 255 255 255 255 255 255 255 255 255 255 255 255 255 255 255 255 255 255 255 255 255 255 241 150 249 255 255 255 255 255 255 255 255 255 255 255 175 004 000 000 000 
255 255 255 255 255 255 255 255 255 255 255 255 255 255 255 255 255 255 255 255 255 255 248 000 000 000 000 234 255 255 255 255 255 255 255 255 255 255 255 255 255 255 255 255 255 255 255 255 255 255 255 255 255 255 255 255 255 255 255 255 255 255 255 243 202 157 079 008 000 000 000 000 
255 255 255 255 255 255 255 255 255 255 255 255 255 255 255 255 255 255 255 255 255 255 246 000 000 000 000 231 255 255 255 255 255 255 255 255 255 255 255 255 255 255 255 255 255 255 255 255 255 255 255 255 255 255 252 237 222 208 192 155 113 071 030 001 000 000 000 000 000 000 012 086 
255 255 255 255 255 255 255 255 255 255 255 255 255 255 255 255 255 255 255 255 255 255 241 000 000 000 000 226 255 255 255 255 255 255 255 255 255 255 255 255 255 255 255 255 255 255 255 255 255 255 255 255 255 255 219 019 000 000 000 000 000 000 000 000 000 000 000 000 053 144 238 255 
255 255 255 255 255 255 255 255 255 255 255 255 255 255 255 255 255 255 255 255 255 255 218 000 000 000 000 204 255 255 255 255 255 255 255 255 255 255 255 255 255 255 255 255 255 255 255 255 255 255 255 255 255 255 255 154 000 000 000 000 000 000 000 000 010 066 131 218 255 255 255 255 
255 255 255 255 255 255 255 255 255 255 255 255 255 255 255 255 255 255 255 255 255 255 193 000 000 000 000 178 255 255 255 255 255 255 255 255 255 255 255 255 255 255 255 255 255 255 255 255 255 255 255 255 255 255 255 253 041 000 000 000 022 078 139 200 250 255 255 255 255 255 255 255 
255 255 255 255 255 255 255 255 255 255 255 255 255 255 255 255 255 255 255 255 255 255 167 000 000 000 000 153 255 255 255 255 255 255 255 255 255 255 255 255 255 255 255 255 255 255 255 255 255 255 255 255 255 255 255 255 192 176 210 243 255 255 255 255 255 255 255 255 255 255 255 255 
255 255 255 255 255 255 255 255 255 255 255 255 255 255 255 255 255 255 255 255 255 255 250 241 241 241 241 249 255 255 255 255 255 255 255 255 255 255 255 255 255 255 255 255 255 255 255 255 255 255 255 255 255 255 255 255 255 255 255 255 255 255 255 255 255 255 255 255 255 255 255 255 
255 255 255 255 255 255 255 255 255 255 255 255 255 255 255 255 255 255 255 255 255 255 255 255 255 255 255 255 255 255 255 255 255 255 255 255 255 255 255 255 255 255 255 255 255 255 255 255 255 255 255 255 255 255 255 255 255 255 255 255 255 255 255 255 255 255 255 255 255 255 255 255 
255 255 255 255 255 255 255 255 255 255 255 255 255 255 255 255 255 255 255 255 255 255 255 255 255 255 255 255 255 255 255 255 255 255 255 255 255 255 255 255 255 255 255 255 255 255 255 255 255 255 255 255 255 255 255 255 255 255 255 255 255 255 255 255 255 255 255 255 255 255 255 255 
255 255 255 255 255 255 255 255 255 255 255 255 255 255 255 255 255 255 255 255 255 255 255 255 255 255 255 255 255 255 255 255 255 255 255 255 255 255 255 255 255 255 255 255 255 255 255 255 255 255 255 255 255 255 255 255 255 255 255 255 255 255 255 255 255 255 255 255 255 255 255 255 
255 255 255 255 255 255 255 255 255 255 255 255 255 255 255 255 255 255 255 255 255 255 255 255 255 255 255 255 255 255 255 255 255 255 255 255 255 255 255 255 255 255 255 255 255 255 255 255 255 255 255 255 255 255 255 255 255 255 255 255 255 255 255 255 255 255 255 255 255 255 255 255 
255 255 255 255 255 255 255 255 255 255 255 255 255 255 255 255 255 255 255 255 255 255 255 255 255 255 255 255 255 255 255 255 255 255 255 255 255 255 255 255 255 255 255 255 255 255 255 255 255 255 255 255 255 255 255 255 255 255 255 255 255 255 255 255 255 255 255 255 255 255 255 255 
255 255 255 255 255 255 255 255 255 255 255 255 255 255 255 255 255 255 255 255 255 255 255 255 255 255 255 255 255 255 255 255 255 255 255 255 255 255 255 255 255 255 255 255 255 255 255 255 255 255 255 255 255 255 255 255 255 255 255 255 255 255 255 255 255 255 255 255 255 255 255 255 
255 255 255 255 255 255 255 255 255 255 255 255 255 255 255 255 255 255 255 255 255 255 255 255 255 255 255 255 255 255 255 255 255 255 255 255 255 255 255 255 255 255 255 255 255 255 255 255 255 255 255 255 255 255 255 255 255 255 255 255 255 255 255 255 255 255 255 255 255 255 255 255 
255 255 255 255 255 255 255 255 255 255 255 255 255 255 255 255 255 255 255 255 255 255 255 255 255 255 255 255 255 255 255 255 255 255 255 255 255 255 255 255 255 255 255 255 255 255 255 255 255 255 255 255 255 255 255 255 255 255 255 255 255 255 255 255 255 255 255 255 255 255 255 255 
255 255 255 255 255 255 255 255 255 255 255 255 255 255 255 255 255 255 255 255 255 255 255 255 255 255 255 255 255 255 255 255 255 255 255 255 255 255 255 255 255 255 255 255 255 255 255 255 255 255 255 255 255 255 255 255 255 255 255 255 255 255 255 255 255 255 255 255 255 255 255 255 
255 255 255 255 255 255 255 255 255 255 255 255 255 255 255 255 255 255 255 255 255 255 255 255 255 255 255 255 255 255 255 255 255 255 255 255 255 255 255 255 255 255 255 255 255 255 255 255 255 255 255 255 255 255 255 255 255 255 255 255 255 255 255 255 255 255 255 255 255 255 255 255 
255 255 255 255 255 255 255 255 255 255 255 255 255 255 255 255 255 255 255 255 255 255 255 255 255 255 255 255 255 255 255 255 255 255 255 255 255 255 255 255 255 255 255 255 255 255 255 255 255 255 255 255 255 255 255 255 255 255 255 255 255 255 255 255 255 255 255 255 255 255 255 255 
255 255 255 255 255 255 255 255 255 255 255 255 255 255 255 255 255 255 255 255 255 255 255 255 255 255 255 255 255 255 255 255 255 255 255 255 255 255 255 255 255 255 255 255 255 255 255 255 255 255 255 255 255 255 255 255 255 255 255 255 255 255 255 255 255 255 255 255 255 255 255 255 
255 255 255 255 255 255 255 255 255 255 255 255 255 255 255 255 255 255 255 255 255 255 255 255 255 255 255 255 255 255 255 255 255 255 255 255 255 255 255 255 255 255 255 255 255 255 255 255 255 255 255 255 255 255 255 255 255 255 255 255 255 255 255 255 255 255 255 255 255 255 255 255 
255 255 255 255 255 255 255 255 255 255 255 255 255 255 255 255 255 255 255 255 255 255 255 255 255 255 255 255 255 255 255 255 255 255 255 255 255 255 255 255 255 255 255 255 255 255 255 255 255 255 255 255 255 255 255 255 255 255 255 255 255 255 255 255 255 255 255 255 255 255 255 255 
255 255 255 255 255 255 255 255 255 255 255 255 255 255 255 255 255 255 255 255 255 255 255 255 255 255 255 255 255 255 255 255 255 255 255 255 255 255 255 255 255 255 255 255 255 255 255 255 255 255 255 255 255 255 255 255 255 255 255 255 255 255 255 255 255 255 255 255 255 255 255 255 
255 255 255 255 255 255 255 255 255 255 255 255 255 255 255 255 255 255 255 255 255 255 255 255 255 255 255 255 255 255 255 255 255 255 255 255 255 255 255 255 255 255 255 255 255 255 255 255 255 255 255 255 255 255 255 255 255 255 255 255 255 255 255 255 255 255 255 255 255 255 255 255 
255 255 255 255 255 255 255 255 255 255 255 255 255 255 255 255 255 255 255 255 255 255 255 255 255 255 255 255 255 255 255 255 255 255 255 255 255 255 255 255 255 255 255 255 255 255 255 255 255 255 255 255 255 255 255 255 255 255 255 255 255 255 255 255 255 255 255 255 255 255 255 255 
255 255 255 255 255 255 255 255 255 255 255 255 255 255 255 255 255 255 255 255 255 255 255 255 255 255 255 255 255 255 255 255 255 255 255 255 255 255 255 255 255 255 255 255 255 255 255 255 255 255 255 255 255 255 255 255 255 255 255 255 255 255 255 255 255 255 255 255 255 255 255 255 
255 255 255 255 255 255 255 255 255 255 255 255 255 255 255 255 255 255 255 255 255 255 255 255 255 255 255 255 255 255 255 255 255 255 255 255 255 255 255 255 255 255 255 255 255 255 255 255 255 255 255 255 255 255 255 255 255 255 255 255 255 255 255 255 255 255 255 255 255 255 255 255 
255 255 255 255 255 255 255 255 255 255 255 255 255 255 255 255 255 255 255 255 255 255 255 255 255 255 255 255 255 255 255 255 255 255 255 255 255 255 255 255 255 255 255 255 255 255 255 255 255 255 255 255 255 255 255 255 255 255 255 255 255 255 255 255 255 255 255 255 255 255 255 255 
255 255 255 255 255 255 255 255 255 255 255 255 255 255 255 255 255 255 255 255 255 255 255 255 255 255 255 255 255 255 255 255 255 255 255 255 255 255 255 255 255 255 255 255 255 255 255 255 255 255 255 255 255 255 255 255 255 255 255 255 255 255 255 255 255 255 255 255 255 255 255 255 
255 255 255 255 255 255 255 255 255 255 255 255 255 255 255 255 255 255 255 255 255 255 255 255 255 255 255 255 255 255 255 255 255 255 255 255 255 255 255 255 255 255 255 255 255 255 255 255 255 255 255 255 255 255 255 255 255 255 255 255 255 255 255 255 255 255 255 255 255 255 255 255 
255 255 255 255 255 255 255 255 255 255 255 255 255 255 255 255 255 255 255 255 255 255 255 255 255 255 255 255 255 255 255 255 255 255 255 255 255 255 255 255 255 255 255 255 255 255 255 255 255 255 255 255 255 255 255 255 255 255 255 255 255 255 255 255 255 255 255 255 255 255 255 255 
255 255 255 255 255 255 255 255 255 255 255 255 255 255 255 255 255 255 255 255 255 255 255 255 255 255 255 255 255 255 255 255 255 255 255 255 255 255 255 255 255 255 255 255 255 255 255 255 255 255 255 255 255 255 255 255 255 255 255 255 255 255 255 255 255 255 255 255 255 255 255 255 
255 255 255 255 255 255 255 255 255 255 255 255 255 255 255 255 255 255 255 255 255 255 255 255 255 255 255 255 255 255 255 255 255 255 255 255 255 255 255 255 255 255 255 255 255 255 255 255 255 255 255 255 255 255 255 255 255 255 255 255 255 255 255 255 255 255 255 255 255 255 255 255 
255 255 255 255 255 255 255 255 255 255 255 255 255 255 255 255 255 255 255 255 255 255 255 255 255 255 255 255 255 255 255 255 255 255 255 255 255 255 255 255 255 255 255 255 255 255 255 255 255 255 255 255 255 255 255 255 255 255 255 255 255 255 255 255 255 255 255 255 255 255 255 255 
255 255 255 255 255 255 255 255 255 255 255 255 255 255 255 255 255 255 255 255 255 255 255 255 255 255 255 255 255 255 255 255 255 255 255 255 255 255 255 255 255 255 255 255 255 255 255 255 255 255 255 255 255 255 255 255 255 255 255 255 255 255 255 255 255 255 255 255 255 255 255 255 
255 255 255 255 255 255 255 255 255 255 255 255 255 255 255 255 255 255 255 255 255 255 255 255 255 255 255 255 255 255 255 255 255 255 255 255 255 255 255 255 255 255 255 255 255 255 255 255 255 255 255 255 255 255 255 255 255 255 255 255 255 255 255 255 255 255 255 255 255 255 255 255 
255 255 255 255 255 255 255 255 255 255 255 255 255 032 049 074 072 080 251 255 255 255 255 255 255 255 255 255 255 255 255 255 255 255 255 255 255 255 255 255 255 255 255 255 255 255 255 255 255 255 255 255 255 255 255 255 255 255 255 255 255 255 255 255 120 064 093 093 173 255 255 255 
255 255 255 255 255 255 255 255 255 255 255 255 255 048 000 000 000 161 255 255 255 255 226 201 218 235 242 243 244 246 247 248 250 251 252 250 249 247 246 245 243 242 237 220 203 221 255 255 255 255 255 255 255 255 255 255 255 255 255 255 255 255 255 255 114 000 000 021 232 255 255 255 
255 255 255 255 255 255 255 255 255 255 255 255 255 076 000 000 023 255 255 255 255 255 142 000 000 000 000 000 000 000 000 000 000 000 000 000 000 000 000 000 000 000 000 000 000 121 255 255 255 255 255 255 255 255 255 255 255 255 255 255 255 255 255 255 124 000 000 103 255 255 255 245 
255 255 255 255 255 255 255 255 255 255 255 255 255 096 000 000 032 255 255 255 255 255 142 000 000 000 000 000 000 000 000 000 000 000 000 000 000 000 000 000 000 000 000 000 000 121 255 255 255 255 255 255 255 236 144 179 195 198 223 164 122 103 255 255 126 000 000 120 255 255 255 034 
255 255 255 255 255 255 255 255 255 255 255 255 255 103 000 000 032 255 255 255 255 255 142 000 000 003 020 020 020 020 020 020 020 020 020 020 020 020 020 020 020 020 003 000 000 121 255 255 255 255 255 255 255 232 000 000 000 042 199 000 000 007 255 255 128 000 000 120 255 255 233 000 
