255 255 255 255 255 255 255 255 255 255 255 255 255 255 255 255 255 255 255 255 255 255 255 255 255 255 255 255 255 255 255 255 255 255 255 255 255 255 255 255 255 255 255 255 255 255 255 255 255 255 255 255 255 255 255 255 255 255 255 255 255 255 255 255 255 255 255 255 255 255 255 255 
255 255 255 255 255 255 255 255 255 255 255 255 255 255 255 255 255 255 255 255 255 255 255 255 255 255 255 255 255 255 255 255 255 255 255 255 255 255 255 255 255 255 255 255 255 255 255 255 255 255 255 255 255 255 255 255 255 255 255 255 255 255 255 255 255 255 255 255 255 255 255 255 
255 255 255 255 255 255 255 255 255 255 255 255 255 255 255 255 255 255 255 255 255 255 255 255 255 255 255 255 255 255 255 255 255 255 255 255 255 255 255 255 255 255 255 255 255 255 255 255 255 255 255 255 255 255 255 255 255 255 255 255 255 255 255 255 255 255 255 255 255 255 255 255 
255 255 255 255 255 255 255 255 255 255 255 255 255 255 255 255 255 255 255 255 255 255 255 255 255 255 255 255 255 255 255 255 255 255 255 255 255 255 255 255 255 255 255 255 255 255 255 255 255 255 255 255 255 255 255 255 255 255 255 255 255 255 255 255 255 255 255 255 255 255 255 255 
255 255 255 255 255 255 255 255 255 255 255 255 255 255 255 255 255 255 255 255 255 255 255 255 255 255 255 255 255 255 255 255 255 255 255 255 255 255 255 255 255 255 255 255 255 255 255 255 255 255 255 255 255 255 255 255 255 255 255 255 255 255 255 255 255 255 255 255 255 255 255 255 
255 255 255 255 255 255 255 255 255 255 255 255 255 255 255 255 255 255 255 255 255 255 255 255 255 255 255 255 255 255 255 255 255 255 255 255 255 255 255 255 255 255 255 255 255 255 255 255 255 255 255 255 255 255 255 255 255 255 255 255 255 255 255 255 255 255 255 255 255 255 255 255 
255 255 255 255 255 255 255 255 255 255 255 255 255 255 255 255 255 255 255 255 255 255 255 255 255 255 255 255 255 255 255 255 255 255 255 255 255 255 255 255 255 255 255 255 255 255 255 255 255 255 255 255 255 255 255 255 255 255 255 255 255 255 255 255 255 255 255 255 255 255 255 255 
255 255 255 255 255 255 255 255 255 255 255 255 255 255 255 255 255 255 255 255 255 255 255 255 255 255 255 255 255 255 255 255 255 255 255 255 255 255 255 255 255 255 255 255 255 255 255 255 255 255 255 255 255 255 255 255 255 255 255 255 255 255 255 255 255 255 255 255 255 255 255 255 
255 255 255 255 255 255 255 255 255 255 255 255 255 255 255 255 255 255 255 255 255 255 255 255 255 255 255 255 255 255 255 255 255 255 255 255 255 255 255 255 255 255 255 255 255 255 255 255 255 255 255 255 255 255 255 255 255 255 255 255 255 255 255 255 255 255 255 255 255 255 255 255 
255 255 255 255 255 255 255 255 255 255 255 255 255 255 255 255 255 255 255 255 255 255 255 255 255 255 255 255 255 255 255 255 255 255 255 255 255 255 255 255 255 255 255 255 255 255 255 255 255 255 255 255 255 255 255 255 255 255 255 255 255 255 255 255 255 255 255 255 255 255 255 255 
255 255 255 255 255 255 255 255 255 255 255 255 255 255 255 255 255 255 255 255 255 255 255 255 255 255 255 255 255 255 255 255 255 255 255 255 255 255 255 255 255 255 255 255 255 255 255 255 255 255 255 255 255 255 255 255 255 255 255 255 255 255 255 255 255 255 255 255 255 255 255 255 
255 255 255 255 255 255 255 255 255 255 255 255 255 255 255 255 255 255 255 255 255 255 255 255 255 255 255 255 255 255 255 255 255 255 255 255 255 255 255 255 255 255 255 255 255 255 255 255 255 255 255 255 255 255 255 255 255 255 255 255 255 255 255 255 255 255 255 255 255 255 255 255 
255 255 255 255 169 132 243 255 255 255 255 255 255 255 255 255 255 255 255 255 255 255 255 255 255 255 255 255 255 255 255 255 255 255 255 255 255 255 255 255 255 255 255 255 255 255 255 255 255 096 193 255 255 255 255 255 255 255 255 255 255 255 255 255 255 255 255 255 255 255 255 255 
255 255 255 255 079 000 019 104 181 248 255 255 255 255 255 255 255 255 255 255 255 255 255 255 255 255 255 255 255 255 255 255 255 255 255 255 255 255 255 255 255 255 255 255 255 255 255 255 216 000 000 058 140 219 255 255 255 255 255 255 255 255 255 255 255 255 255 255 255 255 255 255 
255 255 255 234 008 000 000 000 015 151 255 255 255 255 255 255 255 255 255 255 255 255 255 255 255 255 255 255 255 255 255 255 214 236 253 255 255 255 255 255 255 253 235 215 255 255 255 255 124 000 000 000 000 049 236 255 255 255 255 255 255 255 255 255 255 255 255 255 255 255 255 255 
255 255 255 127 000 000 000 021 216 255 255 255 255 255 255 255 255 255 255 255 255 255 255 255 255 255 255 255 255 255 255 255 013 000 000 000 000 003 002 000 000 000 000 046 255 255 255 245 019 000 000 000 101 255 255 255 255 255 255 255 255 255 255 255 255 255 255 255 255 255 255 255 
255 255 247 021 000 000 005 200 255 255 255 255 255 255 255 255 255 255 255 255 255 255 255 255 255 255 255 255 255 255 255 255 040 000 000 000 000 000 000 000 000 000 000 116 255 255 255 149 000 000 000 072 253 255 255 255 255 255 255 255 255 255 255 255 255 255 255 255 255 255 255 255 
255 255 148 000 000 000 129 255 255 255 255 255 255 255 255 255 255 255 255 255 254 242 217 249 255 255 255 255 255 255 255 255 046 000 000 000 000 000 000 000 000 000 000 187 255 255 250 034 000 000 018 230 255 255 255 255 255 255 255 255 255 255 255 255 255 249 235 223 255 255 255 255 
255 246 025 000 000 000 038 041 041 041 041 041 041 040 039 038 037 035 024 011 001 000 000 234 255 255 255 255 255 255 255 255 048 000 000 182 246 246 246 078 000 000 009 248 255 255 152 000 000 000 015 041 041 041 041 041 041 041 040 039 038 037 031 018 005 000 000 098 255 255 255 255 
255 123 000 000 000 000 000 000 000 000 000 000 000 000 000 000 000 000 000 000 000 000 000 240 255 255 255 255 255 255 255 255 050 000 000 188 255 255 255 029 000 000 071 255 255 237 023 000 000 000 000 000 000 000 000 000 000 000 000 000 000 000 000 000 000 000 000 104 255 255 255 255 
209 005 000 000 000 000 000 000 000 000 000 000 000 000 000 000 000 000 000 000 000 000 000 246 255 255 255 255 255 255 255 255 050 000 000 188 255 255 232 000 000 000 141 255 255 095 000 000 000 000 000 000 000 000 000 000 000 000 000 000 000 000 000 000 000 000 000 110 255 255 255 255 
052 000 000 033 186 186 186 186 186 186 186 186 186 186 186 186 186 186 186 102 000 000 000 251 255 255 255 255 255 255 255 255 050 000 000 188 255 255 180 000 000 000 212 255 185 000 000 000 119 186 186 186 186 186 186 186 186 186 186 186 186 186 186 186 014 000 000 115 255 255 255 255 
000 000 001 190 238 255 255 255 255 255 255 255 255 255 255 255 255 255 255 134 000 000 002 255 255 255 255 255 255 255 255 255 050 000 000 188 255 255 127 000 000 027 255 244 032 000 000 057 249 242 255 255 255 255 255 255 255 255 255 255 255 255 255 255 014 000 000 121 255 255 255 255 
000 000 104 255 045 034 081 115 255 255 255 255 255 255 255 255 255 255 255 128 000 000 007 255 255 255 255 255 255 255 255 255 050 000 000 188 255 255 074 000 000 096 255 104 000 000 008 216 182 006 063 094 186 255 255 255 255 255 255 255 255 255 255 255 009 000 000 127 255 255 255 255 
000 041 243 211 000 000 006 193 255 255 255 255 255 255 255 255 255 255 255 123 000 000 013 255 255 255 255 255 255 255 255 255 050 000 000 188 255 255 022 000 000 166 155 000 000 000 148 255 092 000 000 077 242 255 255 255 255 255 255 255 255 255 255 255 003 000 000 133 255 255 255 255 
013 216 255 081 000 000 030 097 097 096 093 091 089 087 070 044 252 255 255 117 000 000 019 255 255 255 255 255 255 255 255 255 050 000 000 188 255 225 000 000 002 235 228 138 020 093 255 214 003 000 000 076 097 097 095 092 090 088 083 058 136 255 255 253 000 000 000 139 255 255 255 255 
222 255 193 000 000 000 000 000 000 000 000 000 000 000 000 000 251 255 255 111 000 000 024 255 255 255 255 255 255 255 255 255 050 000 000 188 255 173 000 000 051 255 255 255 232 246 255 075 000 000 000 000 000 000 000 000 000 000 000 000 115 255 255 247 000 000 000 144 255 255 255 255 
255 254 052 000 000 000 000 000 000 000 000 000 000 000 000 000 251 255 255 105 000 000 030 255 255 255 255 255 255 255 255 255 050 000 000 188 255 120 000 000 121 255 255 255 255 255 188 000 000 000 000 000 000 000 000 000 000 000 000 000 115 255 255 241 000 000 000 150 255 255 255 255 
255 152 000 000 021 213 219 038 000 000 185 216 213 210 194 167 254 255 255 099 000 000 036 255 255 255 255 255 255 255 255 255 050 000 000 188 255 067 000 000 191 255 255 255 255 244 043 000 000 118 219 156 000 000 069 218 215 212 205 181 203 255 255 235 000 000 000 156 255 255 255 255 
190 005 000 000 152 255 255 044 000 000 216 255 255 255 255 255 255 255 255 093 000 000 042 255 255 255 255 255 255 255 255 255 050 000 000 188 254 016 000 002 240 255 255 255 253 078 000 000 028 243 255 181 000 000 080 255 255 255 255 255 255 255 255 230 000 000 000 162 255 255 255 255 
208 171 115 100 255 255 255 044 000 000 216 255 255 255 255 255 255 255 255 087 000 000 048 255 255 255 255 255 255 255 255 255 050 000 000 188 245 017 000 000 095 255 255 255 241 190 147 075 197 255 255 181 000 000 080 255 255 255 255 255 255 255 255 224 000 000 000 168 255 255 255 255 
234 255 255 255 255 255 255 044 000 000 216 255 255 255 255 253 228 249 255 081 000 000 053 255 255 255 255 255 255 255 255 255 050 000 000 188 255 161 000 000 000 183 255 255 227 248 255 255 255 255 255 181 000 000 080 255 255 255 255 255 245 231 255 218 000 000 000 173 255 255 255 255 
000 010 039 050 053 057 061 011 000 000 052 057 051 046 034 006 000 216 255 076 000 000 059 255 255 255 255 255 255 255 255 255 050 000 000 188 255 255 070 000 000 034 249 255 047 001 024 047 051 055 059 045 000 000 020 059 054 049 043 020 000 080 255 212 000 000 000 179 255 255 255 255 
000 000 000 000 000 000 000 000 000 000 000 000 000 000 000 000 000 216 255 070 000 000 065 255 255 255 255 255 255 255 255 255 050 000 000 188 255 255 188 000 000 000 164 255 047 000 000 000 000 000 000 000 000 000 000 000 000 000 000 000 000 080 255 206 000 000 000 185 255 255 255 255 
000 000 000 000 000 000 000 000 000 000 000 000 000 000 000 000 000 216 255 064 000 000 071 255 255 255 255 255 255 255 255 255 050 000 000 188 255 255 255 044 000 000 057 255 047 000 000 000 000 000 000 000 000 000 000 000 000 000 000 000 000 080 255 200 000 000 000 191 255 255 255 255 
161 185 208 217 220 224 228 040 000 000 194 227 224 221 212 186 159 238 255 058 000 000 077 255 255 255 255 255 255 255 255 255 050 000 000 188 255 255 255 148 000 000 000 233 170 172 196 214 218 222 226 163 000 000 073 229 226 223 219 200 173 183 255 195 000 000 000 197 255 255 255 255 
255 255 255 255 255 255 255 044 000 000 216 255 255 255 255 255 255 255 255 052 000 000 082 255 255 255 255 255 255 255 255 255 050 000 000 188 255 255 255 211 000 000 000 179 255 255 255 255 255 255 255 181 000 000 080 255 255 255 255 255 255 255 255 189 000 000 000 202 255 255 255 255 
255 222 235 253 244 253 255 044 000 000 216 255 255 186 208 202 229 255 255 046 000 000 088 255 255 255 255 255 255 255 255 255 050 000 000 188 255 255 255 252 000 000 000 133 255 245 218 249 249 246 255 181 000 000 080 255 255 220 197 209 199 255 255 183 000 000 000 208 255 255 255 255 
255 086 000 000 033 218 255 044 000 000 216 255 255 015 000 000 214 255 255 040 000 000 094 255 255 255 255 255 255 255 255 255 050 000 000 188 255 255 255 241 000 000 000 122 255 222 000 000 000 115 255 181 000 000 080 255 255 151 000 000 078 255 255 177 000 000 000 214 255 255 255 255 
255 101 000 000 168 255 255 044 000 000 216 255 255 036 000 025 255 255 255 034 000 000 100 255 255 255 255 255 255 255 255 255 050 000 000 188 255 255 255 182 000 000 000 129 255 237 000 000 033 255 255 181 000 000 080 255 255 172 000 000 144 255 255 171 000 000 000 220 255 255 255 255 
255 095 000 000 181 255 255 044 000 000 216 255 255 036 000 027 255 255 255 029 000 000 105 255 255 255 255 255 255 255 255 255 050 000 000 178 232 240 211 051 000 000 000 175 255 231 000 000 044 255 255 181 000 000 080 255 255 172 000 000 146 255 255 165 000 000 000 225 255 255 255 255 
255 087 000 000 181 255 255 044 000 000 216 255 255 025 000 017 255 255 255 023 000 000 111 255 255 255 255 255 255 255 255 255 050 000 000 184 051 000 000 000 000 000 008 244 255 223 000 000 044 255 255 181 000 000 080 255 255 162 000 000 136 255 255 160 000 000 000 231 255 255 255 255 
255 080 000 000 181 255 255 044 000 000 216 255 255 014 000 007 255 255 255 017 000 000 117 255 255 255 255 255 255 255 255 255 050 000 000 188 169 000 000 000 000 000 128 255 255 216 000 000 044 255 255 181 000 000 080 255 255 151 000 000 126 255 255 154 000 000 000 237 255 255 255 255 
255 072 000 000 049 061 054 008 000 000 019 015 008 000 000 000 253 255 255 011 000 000 123 255 255 255 255 255 255 255 255 255 050 000 000 188 247 015 000 000 001 111 255 255 255 208 000 000 012 066 058 037 000 000 008 019 012 004 000 000 117 255 255 148 000 000 000 243 255 255 255 255 
255 065 000 000 000 000 000 000 000 000 000 000 000 000 000 000 244 255 255 005 000 000 129 255 255 255 255 255 255 255 255 255 050 000 000 188 255 075 014 100 215 255 255 255 255 201 000 000 000 000 000 000 000 000 000 000 000 000 000 000 107 255 255 142 000 000 000 249 255 255 255 255 
255 042 000 000 000 000 000 000 000 000 000 000 006 011 011 011 235 255 255 000 000 000 134 255 255 255 255 255 255 255 255 255 048 000 000 188 255 233 253 255 255 255 255 255 255 178 000 000 000 000 000 000 000 000 000 000 003 009 011 011 105 255 255 136 000 000 000 254 255 255 255 255 
255 163 175 194 203 211 219 227 234 242 249 255 255 255 255 255 255 255 240 000 000 000 141 255 255 255 255 255 255 255 255 255 043 000 000 188 255 255 255 255 255 255 255 255 255 214 164 185 199 207 215 222 230 238 245 252 255 255 255 255 255 255 255 121 000 000 005 255 255 255 255 255 
255 255 255 255 255 255 255 255 255 255 255 255 255 255 255 255 255 252 107 000 000 000 154 255 255 255 255 255 255 255 255 255 038 000 000 188 255 255 255 255 255 255 255 255 255 255 255 255 255 255 255 255 255 255 255 255 255 255 255 255 255 255 220 018 000 000 018 255 255 255 255 255 
255 255 255 255 255 255 255 255 255 255 255 255 255 181 146 131 107 032 000 000 000 000 210 255 255 255 255 255 255 255 255 255 031 000 000 188 255 255 255 255 255 255 255 255 255 255 255 255 255 255 255 255 255 255 255 255 255 244 139 144 120 082 004 000 000 000 074 255 255 255 255 255 
255 255 255 255 255 255 255 255 255 255 255 255 255 219 007 000 000 000 000 000 000 052 255 255 255 255 255 255 255 255 255 255 008 000 000 188 255 255 255 255 255 255 255 255 255 255 255 255 255 255 255 255 255 255 255 255 255 255 106 000 000 000 000 000 000 000 171 255 255 255 255 255 
255 255 255 255 255 255 255 255 255 255 255 255 255 255 106 000 000 000 000 000 033 211 255 255 255 255 255 255 255 255 255 236 000 000 000 188 255 255 255 255 255 255 255 255 255 255 255 255 255 255 255 255 255 255 255 255 255 255 232 009 000 000 000 000 000 111 252 255 255 255 255 255 
255 255 255 255 255 255 255 255 255 255 255 255 255 255 223 000 000 000 042 113 235 255 255 255 255 255 255 255 255 255 255 229 091 091 091 213 255 255 255 255 255 255 255 255 255 255 255 255 255 255 255 255 255 255 255 255 255 255 255 104 000 000 011 074 168 255 255 255 255 255 255 255 
255 255 255 255 255 255 255 255 255 255 255 255 255 255 255 182 190 227 255 255 255 255 255 255 255 255 255 255 255 255 255 255 255 255 255 255 255 255 255 255 255 255 255 255 255 255 255 255 255 255 255 255 255 255 255 255 255 255 255 224 182 201 249 255 255 255 255 255 255 255 255 255 
255 255 255 255 255 255 255 255 255 255 255 255 255 255 255 255 255 255 255 255 255 255 255 255 255 255 255 255 255 255 255 255 255 255 255 255 255 255 255 255 255 255 255 255 255 255 255 255 255 255 255 255 255 255 255 255 255 255 255 255 255 255 255 255 255 255 255 255 255 255 255 255 
255 255 255 255 255 255 255 255 255 255 255 255 255 255 255 255 255 255 255 255 255 255 255 255 255 255 255 255 255 255 255 255 255 255 255 255 255 255 255 255 255 255 255 255 255 255 255 255 255 255 255 255 255 255 255 255 255 255 255 255 255 255 255 255 255 255 255 255 255 255 255 255 
255 255 255 255 255 255 255 255 255 255 255 255 255 255 255 255 255 255 255 255 255 255 255 255 255 255 255 255 255 255 255 255 255 255 255 255 255 255 255 255 255 255 255 255 255 255 255 255 255 255 255 255 255 255 255 255 255 255 255 255 255 255 255 255 255 255 255 255 255 255 255 255 
255 255 255 255 255 255 255 255 255 255 255 255 255 255 255 255 255 255 255 255 255 255 255 255 255 255 255 255 255 255 255 255 255 255 255 255 255 255 255 255 255 255 255 255 255 255 255 255 255 255 255 255 255 255 255 255 255 255 255 255 255 255 255 255 255 255 255 255 255 255 255 255 
255 255 255 255 255 255 255 255 255 255 255 255 255 255 255 255 255 255 255 255 255 255 255 255 255 255 255 255 255 255 255 255 255 255 255 255 255 255 255 255 255 255 255 255 255 255 255 255 255 255 255 255 255 255 255 255 255 255 255 255 255 255 255 255 255 255 255 255 255 255 255 255 
255 255 255 255 255 255 255 255 255 255 255 255 255 255 255 255 255 255 255 255 255 255 255 255 255 255 255 255 255 255 255 255 255 255 255 255 255 255 255 255 255 255 255 255 255 255 255 255 255 255 255 255 255 255 255 255 255 255 255 255 255 255 255 255 255 255 255 255 255 255 255 255 
255 255 255 255 255 255 255 255 255 255 255 255 255 255 255 255 255 255 255 255 255 255 255 255 255 255 255 255 255 255 255 255 255 255 255 255 255 255 255 255 255 255 255 255 255 255 255 255 255 255 255 255 255 255 255 255 255 255 255 255 255 255 255 255 255 255 255 255 255 255 255 255 
255 255 255 255 255 255 255 255 255 255 255 255 255 255 255 255 255 255 255 255 255 255 255 255 255 255 255 255 255 255 255 255 255 255 255 255 255 255 255 255 255 255 255 255 255 255 255 255 255 255 255 255 255 255 255 255 255 255 255 255 255 255 255 255 255 255 255 255 255 255 255 255 
255 255 255 255 255 255 255 255 255 255 255 255 255 255 255 255 255 255 255 255 255 255 255 255 255 255 255 255 255 255 255 255 255 255 255 255 255 255 255 255 255 255 255 255 255 255 255 255 255 255 255 255 255 255 255 255 255 255 255 255 255 255 255 255 255 255 255 255 255 255 255 255 
255 255 255 255 255 255 255 255 255 255 255 255 255 255 255 255 255 255 255 255 255 255 255 255 255 255 255 255 255 255 255 255 255 255 255 255 255 255 255 255 255 255 255 255 255 255 255 255 255 255 255 255 255 255 255 255 255 255 255 255 255 255 255 255 255 255 255 255 255 255 255 255 
255 255 255 255 255 255 255 255 255 255 255 255 255 255 255 255 255 255 255 255 255 255 255 255 255 255 255 255 255 255 255 255 255 255 255 255 255 255 255 255 255 255 255 255 255 255 255 255 255 255 255 255 255 255 255 255 255 255 255 255 255 255 255 255 255 255 255 255 255 255 255 255 
255 255 255 255 255 255 255 255 255 255 255 255 255 255 255 255 255 255 255 255 255 255 255 255 255 255 255 255 255 255 255 255 255 255 255 255 255 255 255 255 255 255 255 255 255 255 255 255 255 255 255 255 255 255 255 255 255 255 255 255 255 255 255 255 255 255 255 255 255 255 255 255 
255 255 255 255 255 255 255 255 255 255 255 255 255 255 255 255 255 255 255 255 255 255 255 255 255 255 255 255 255 255 255 255 255 255 255 255 255 255 255 255 255 255 255 255 255 255 255 255 255 255 255 255 255 255 255 255 255 255 255 255 255 255 255 255 255 255 255 255 255 255 255 255 
255 255 255 255 255 255 255 255 255 255 255 255 255 255 255 255 255 255 255 255 255 255 255 255 255 255 255 255 255 255 255 255 255 255 255 255 255 255 255 255 255 255 255 255 255 255 255 255 255 255 255 255 255 255 255 255 255 255 255 255 255 255 255 255 255 255 255 255 255 255 255 255 
255 255 255 255 255 255 255 255 255 255 255 255 255 255 255 255 255 255 255 255 255 255 255 255 255 255 255 255 255 255 255 255 255 255 255 255 255 255 255 255 255 255 255 255 255 255 255 255 255 255 255 255 255 255 255 255 255 255 255 255 255 255 255 255 255 255 255 255 255 255 255 255 
255 255 255 255 255 255 255 255 255 255 255 255 255 255 255 255 255 255 255 255 255 255 255 255 255 255 255 255 255 255 255 255 255 255 255 255 255 255 255 255 255 255 255 255 255 255 255 255 255 255 255 255 255 255 255 255 255 255 255 255 255 255 255 255 255 255 255 255 255 255 255 255 
255 255 255 255 255 255 255 255 255 255 255 255 255 255 255 255 255 255 255 255 255 255 255 255 255 255 255 255 255 255 255 255 255 255 255 255 255 255 255 255 255 255 255 255 255 255 255 255 255 255 255 255 255 255 255 255 255 255 255 255 255 255 255 255 255 255 255 255 255 255 255 255 
255 255 255 255 255 255 255 255 255 255 255 255 255 255 255 255 255 255 255 255 255 255 255 255 255 255 255 255 255 255 255 255 255 255 255 255 255 255 255 255 255 255 255 255 255 255 255 255 255 255 255 255 255 255 255 255 255 255 255 255 255 255 255 255 255 255 255 255 255 255 255 255 
255 255 255 255 255 255 255 255 255 255 255 255 255 255 255 255 255 255 255 255 255 255 255 255 255 255 255 255 255 255 255 255 255 255 255 255 255 255 255 255 255 255 255 255 255 255 255 255 255 255 255 255 255 255 255 255 255 255 255 255 255 255 255 255 255 255 255 255 255 255 255 255 
255 255 255 255 255 255 255 255 255 255 255 255 255 255 255 255 255 255 255 255 255 255 255 255 255 255 255 255 255 255 255 255 255 255 255 255 255 255 255 255 255 255 255 255 255 255 255 255 255 255 255 255 255 255 255 255 255 255 255 255 255 255 255 255 255 255 255 255 255 255 255 255 
255 255 255 255 255 255 255 255 255 255 255 255 255 255 255 255 255 255 255 255 255 255 255 255 255 255 255 255 255 255 255 255 255 255 255 255 255 255 255 255 255 255 255 255 255 255 255 255 255 255 255 255 255 255 255 255 255 255 255 255 255 255 255 255 255 255 255 255 255 255 255 255 
255 255 255 255 255 255 255 255 255 255 255 255 255 255 255 255 255 255 255 255 255 255 255 255 255 255 255 255 255 255 255 255 255 255 255 255 255 255 255 255 255 255 255 255 255 255 255 255 255 255 255 255 255 255 255 255 255 255 255 255 255 255 255 255 255 255 255 255 255 255 255 255 
255 255 255 255 255 255 255 255 255 255 255 255 255 255 255 255 255 255 255 255 255 255 255 255 255 255 255 255 255 255 255 255 255 255 255 255 255 255 255 255 255 255 255 255 255 255 255 255 255 255 255 255 255 255 255 255 255 255 255 255 255 255 255 255 255 255 255 255 255 255 255 255 
255 255 255 255 255 255 255 255 255 255 255 255 255 255 255 255 255 255 255 255 255 255 255 255 255 255 255 255 255 255 255 255 255 255 255 255 255 255 255 255 255 255 255 255 255 255 255 255 255 255 255 255 255 255 255 255 255 255 255 255 255 255 255 255 255 255 255 255 255 255 255 255 
255 255 255 255 255 255 255 255 255 255 255 255 255 255 255 255 255 255 255 255 255 255 255 255 255 255 255 255 255 255 255 255 255 255 255 255 255 255 255 255 255 255 255 255 255 255 255 255 255 255 255 255 255 255 255 255 255 255 255 255 255 255 255 255 255 255 255 255 255 255 255 255 
255 255 255 255 255 255 255 255 255 255 255 255 255 255 255 255 255 255 255 255 255 255 255 255 255 255 255 255 255 255 255 255 255 255 255 255 255 255 255 255 255 255 255 255 255 255 255 255 255 255 255 255 255 255 255 255 255 255 255 255 255 255 255 255 255 255 255 255 255 255 255 255 
255 255 255 255 255 255 255 255 255 255 255 255 255 255 255 255 255 255 255 255 255 255 255 255 255 255 255 255 255 255 255 255 255 255 255 255 255 255 255 255 255 255 255 255 255 255 255 255 255 255 255 255 255 255 255 255 255 255 255 255 255 255 255 255 255 255 255 255 255 255 255 255 
255 255 255 255 255 255 255 255 255 255 255 255 255 255 255 255 255 255 255 255 255 255 255 255 255 255 255 255 255 255 255 255 255 255 208 213 229 220 213 251 255 255 255 255 255 255 255 255 255 255 255 255 255 255 255 255 255 255 255 255 255 255 255 255 255 255 255 255 255 255 255 255 
255 255 255 255 255 255 255 255 255 255 255 255 255 255 255 255 255 255 255 255 255 255 255 255 255 255 255 255 255 255 255 255 255 255 085 000 000 000 035 234 255 255 255 255 255 255 255 255 255 255 255 255 255 255 255 255 255 255 255 255 255 255 255 255 255 255 255 255 255 255 255 255 
255 255 255 255 255 255 255 255 255 255 255 255 255 255 255 255 255 255 255 255 255 255 255 255 255 255 255 255 255 255 255 255 255 255 128 000 000 000 139 255 255 255 255 255 255 255 255 255 255 255 255 255 255 255 255 255 255 255 255 255 255 255 255 255 255 255 255 255 255 255 255 255 
255 255 255 255 255 255 255 255 255 255 255 255 255 255 255 255 255 255 255 255 255 255 255 255 255 255 255 255 255 255 255 255 255 255 135 000 000 000 158 255 255 255 255 255 255 255 255 255 255 255 255 255 255 255 255 255 255 255 255 255 255 255 255 255 255 255 255 255 255 255 255 255 
255 255 255 255 255 255 255 255 255 255 255 255 255 255 255 255 255 255 255 255 255 255 255 255 255 255 255 255 255 255 255 255 255 255 140 000 000 000 159 255 255 255 255 255 255 255 255 255 255 255 255 255 255 255 255 255 255 255 255 255 255 255 255 255 255 255 255 255 255 255 255 255 
255 255 255 255 255 255 255 255 255 255 255 255 255 255 255 255 255 255 255 255 255 255 255 255 255 255 255 255 255 255 255 255 255 255 145 000 000 000 159 255 255 255 255 255 255 255 255 255 255 255 255 255 255 255 255 255 255 255 255 255 255 255 255 255 255 255 255 255 255 255 255 255 
255 255 255 255 255 255 255 255 255 255 255 255 255 255 255 255 255 255 255 255 255 255 255 255 255 255 255 255 255 255 255 255 255 255 145 000 000 000 159 255 255 255 255 255 255 255 255 255 255 255 255 255 255 255 255 255 255 255 255 255 255 255 255 255 255 255 234 216 236 254 255 255 
072 074 075 072 071 069 055 038 022 168 255 255 255 255 255 255 255 255 255 255 255 234 226 243 255 255 255 255 255 255 255 255 255 255 145 000 000 000 159 255 255 255 255 255 255 255 255 255 252 235 218 255 255 255 255 255 255 255 255 255 255 255 255 255 255 255 151 000 000 003 019 023 
000 000 000 000 000 000 000 000 000 187 255 255 255 255 255 255 255 255 255 255 255 125 000 000 005 021 038 046 050 054 059 063 068 072 043 000 000 000 047 072 067 063 058 053 049 045 032 014 001 000 000 250 255 255 255 255 255 255 255 255 255 255 255 255 255 255 151 000 000 000 000 000 
000 000 000 000 000 000 000 000 000 191 255 255 255 255 255 255 255 255 255 255 255 125 000 000 000 000 000 000 000 000 000 000 000 000 000 000 000 000 000 000 000 000 000 000 000 000 000 000 000 000 000 250 255 255 255 255 255 255 255 255 255 255 255 255 255 255 151 000 000 000 000 000 
129 129 129 129 129 079 000 000 000 193 255 255 255 255 255 255 255 255 255 255 255 125 000 000 000 000 000 000 000 000 000 000 000 000 000 000 000 000 000 000 000 000 000 000 000 000 000 000 000 000 000 250 255 255 255 255 255 255 255 255 255 255 255 255 255 255 210 158 177 197 213 219 
255 255 255 255 255 155 000 000 000 193 255 255 255 255 255 255 255 255 255 255 255 148 055 070 086 102 118 125 129 132 136 140 143 147 085 000 000 000 093 146 143 139 135 131 128 124 112 096 080 063 047 251 255 255 255 255 255 255 255 255 255 255 255 255 255 255 255 255 255 255 255 255 
255 255 255 255 255 155 000 000 000 193 255 255 255 255 255 255 255 255 255 255 255 255 255 255 255 255 255 255 255 255 255 255 255 255 145 000 000 000 159 255 255 255 255 255 255 255 255 255 255 255 255 255 255 255 255 255 255 255 255 255 255 255 255 255 255 255 255 255 255 255 255 255 
255 255 255 255 255 155 000 000 000 193 255 255 255 255 255 255 255 255 255 255 255 255 255 255 255 255 255 255 255 255 255 255 255 255 145 000 000 000 159 255 255 255 255 255 255 255 255 255 255 255 255 255 255 255 255 255 255 255 255 255 255 255 255 255 255 255 255 255 255 255 255 255 
255 255 255 255 255 155 000 000 000 193 255 255 255 255 255 255 255 255 255 255 255 255 255 255 255 255 255 255 255 255 255 255 255 255 145 000 000 000 159 255 255 255 255 255 255 255 255 255 255 255 255 255 255 255 255 255 255 255 255 255 255 255 255 255 255 255 255 255 255 255 255 255 
255 255 255 255 255 155 000 000 000 193 255 255 255 255 255 255 255 255 255 255 255 255 255 255 255 255 255 255 255 255 255 255 255 255 145 000 000 000 159 255 255 255 255 255 255 255 255 255 255 255 255 255 255 255 255 255 255 255 255 255 255 242 165 180 196 212 227 243 247 250 252 255 
255 255 255 255 255 155 000 000 000 193 255 255 255 255 255 255 255 255 255 255 255 255 255 255 255 255 255 255 255 255 255 255 255 255 145 000 000 000 159 255 255 255 255 255 255 255 255 255 255 255 255 255 255 255 255 255 255 255 255 255 255 221 000 000 000 000 000 000 000 000 000 000 
255 255 255 255 255 155 000 000 000 193 255 255 255 255 255 255 255 255 226 205 219 233 246 255 255 255 255 255 255 255 255 255 255 255 145 000 000 000 159 255 255 255 255 255 255 255 255 255 255 255 248 233 219 204 237 255 255 255 255 255 255 221 000 000 000 000 000 000 000 000 000 000 
255 255 255 255 255 155 000 000 000 193 255 255 255 255 255 255 255 255 131 000 000 000 000 005 018 028 031 034 038 042 045 049 052 056 033 000 000 000 044 066 062 058 054 049 045 041 037 033 022 007 000 000 000 000 178 255 255 255 255 255 255 221 000 000 000 000 000 000 005 012 013 014 
255 255 255 255 255 155 000 000 000 193 255 255 255 255 255 255 255 255 131 000 000 000 000 000 000 000 000 000 000 000 000 000 000 000 000 000 000 000 000 000 000 000 000 000 000 000 000 000 000 000 000 000 000 000 178 255 255 255 255 255 255 244 179 193 206 220 234 247 255 255 255 255 
255 255 255 255 255 155 000 000 000 193 255 255 255 255 255 255 255 255 131 000 000 000 000 000 000 000 000 000 000 000 000 000 000 000 000 000 000 000 000 000 000 000 000 000 000 000 000 000 000 000 000 000 000 000 178 255 255 255 255 255 255 255 255 255 255 255 255 255 255 255 255 255 
255 255 255 255 255 155 000 000 000 193 255 255 255 255 255 255 255 255 150 049 063 078 093 108 119 122 126 130 133 137 140 127 000 000 000 000 000 000 007 000 000 124 140 137 133 130 126 122 118 107 092 077 061 046 189 255 255 255 255 255 255 255 255 255 255 255 255 255 255 255 255 255 
255 255 255 255 255 155 000 000 000 193 255 255 255 255 255 255 255 255 255 255 255 255 255 255 255 255 255 255 255 255 255 123 000 000 015 000 000 000 053 000 000 124 255 255 255 255 255 255 255 255 255 255 255 255 255 255 255 255 255 255 255 255 255 255 255 255 255 255 255 255 255 255 
255 255 255 255 255 155 000 000 000 193 255 255 255 255 255 255 255 255 255 255 255 255 255 255 255 255 255 255 255 255 229 012 000 000 105 000 000 000 127 000 000 016 240 255 255 255 255 255 255 255 255 255 255 255 255 255 255 255 255 255 255 255 255 255 255 255 255 255 255 255 255 255 
255 255 255 255 255 155 000 000 000 193 255 255 255 255 255 255 255 255 255 255 255 255 255 255 255 255 255 255 255 249 057 000 000 061 145 000 000 000 159 050 000 000 084 255 255 255 255 255 255 255 255 255 255 255 255 255 255 255 255 255 255 255 255 255 255 255 255 255 255 255 255 255 
255 255 255 255 255 155 000 000 000 193 255 255 255 255 255 255 255 255 255 255 255 255 255 255 255 255 255 255 255 104 000 000 001 201 145 000 000 000 159 162 000 000 000 137 255 255 255 255 255 255 255 255 255 255 255 255 255 255 255 255 255 255 255 255 255 255 255 255 255 255 245 121 
255 255 255 255 255 155 000 000 000 193 255 255 255 255 255 255 255 255 255 255 255 255 255 255 255 255 255 255 158 000 000 000 097 255 145 000 000 000 159 253 045 000 000 003 188 255 255 255 255 255 255 255 255 255 255 255 255 255 255 255 255 255 255 255 255 255 255 255 252 163 030 000 
255 255 255 255 255 155 000 000 000 193 255 255 255 255 255 255 255 255 255 255 255 255 255 255 255 255 255 202 008 000 000 016 233 255 145 000 000 000 159 255 179 000 000 000 020 222 255 255 255 255 255 255 255 255 255 255 255 255 255 255 255 255 255 255 255 255 252 161 038 000 000 000 
255 255 255 255 255 155 000 000 000 193 255 255 255 255 255 255 255 255 255 255 255 255 255 255 255 255 195 016 000 000 000 149 255 255 145 000 000 000 159 255 255 086 000 000 000 020 185 255 255 255 255 255 255 255 255 255 255 255 255 255 255 255 255 255 251 158 036 000 000 000 000 000 
255 255 255 255 255 155 000 000 000 193 255 255 255 255 255 255 255 255 255 255 255 255 255 255 255 179 009 000 000 000 103 255 255 255 145 000 000 000 159 255 255 249 068 000 000 000 002 126 253 255 255 255 255 255 255 255 255 255 255 255 255 255 240 150 034 000 000 000 000 000 027 174 
255 255 255 255 255 155 000 000 000 193 255 255 255 255 255 255 255 255 255 255 255 255 255 255 159 004 000 000 000 078 252 255 255 255 145 000 000 000 159 255 255 255 243 054 000 000 000 000 069 227 255 255 255 255 255 255 255 255 255 255 239 090 009 000 000 000 000 000 010 124 242 255 
255 255 255 255 255 155 000 000 000 193 255 255 255 255 255 255 255 255 255 255 255 255 253 132 000 000 000 000 055 245 255 255 255 255 145 000 000 000 159 255 255 255 255 236 041 000 000 000 000 005 093 209 255 255 255 255 255 255 255 255 255 142 000 000 000 000 003 099 229 255 255 255 
004 004 004 004 004 003 000 000 000 193 255 255 255 255 255 255 255 255 255 255 255 221 061 000 000 000 000 046 235 255 255 255 255 255 145 000 000 000 159 255 255 255 255 255 228 055 000 000 000 000 000 000 068 180 247 255 255 255 255 255 255 255 140 000 001 079 212 255 255 255 255 255 
000 000 000 000 000 000 000 000 000 192 255 255 255 255 255 255 255 255 255 254 149 011 000 000 000 000 075 242 255 255 255 255 255 255 143 000 000 000 156 255 255 255 255 255 255 252 130 004 000 000 000 000 000 000 008 136 255 255 255 255 255 255 255 156 215 255 255 255 255 255 255 255 
000 000 000 000 000 000 000 000 000 188 255 255 255 255 255 255 255 255 204 067 000 000 000 000 000 111 252 255 255 255 255 255 255 255 140 000 000 000 150 255 255 255 255 255 255 255 255 204 040 000 000 000 000 000 041 252 255 255 255 255 255 255 255 255 255 255 255 255 255 255 255 255 
211 211 211 211 211 129 000 000 000 184 255 255 255 255 255 255 255 179 006 000 000 000 000 003 149 255 255 255 255 255 255 255 255 255 137 000 000 000 143 255 255 255 255 255 255 255 255 255 246 109 001 000 000 000 174 255 255 255 255 255 255 255 255 255 255 255 255 255 255 255 255 255 
255 255 255 255 255 155 000 000 000 169 255 255 255 255 255 255 255 255 185 009 000 000 021 185 255 255 255 255 255 255 255 255 255 255 133 000 000 000 136 255 255 255 255 255 255 255 255 255 255 255 201 072 000 043 255 255 255 255 255 255 255 255 255 255 255 255 255 255 255 255 255 255 
255 255 255 255 255 155 000 000 000 147 255 255 255 255 255 255 255 255 255 188 002 070 231 255 255 255 255 255 255 255 255 255 255 255 115 000 000 000 118 255 255 255 255 255 255 255 255 255 255 255 255 255 199 155 255 255 255 255 255 255 255 255 255 255 255 255 255 255 255 255 255 255 
255 255 255 255 255 162 016 016 016 135 255 255 255 255 255 255 255 255 255 255 193 254 255 255 255 255 255 255 255 255 255 255 255 255 093 000 000 000 096 255 255 255 255 255 255 255 255 255 255 255 255 255 255 255 255 255 255 255 255 255 255 255 255 255 255 255 255 255 255 255 255 255 
255 255 255 255 255 255 255 255 255 255 255 255 255 255 255 255 255 255 255 255 255 255 255 255 255 255 255 255 255 255 255 255 255 255 071 000 000 000 075 255 255 255 255 255 255 255 255 255 255 255 255 255 255 255 255 255 255 255 255 255 255 255 255 255 255 255 255 255 255 255 255 255 
255 255 255 255 255 255 255 255 255 255 255 255 255 255 255 255 255 255 255 255 255 255 255 255 255 255 255 255 255 255 255 255 255 255 098 057 057 057 101 255 255 255 255 255 255 255 255 255 255 255 255 255 255 255 255 255 255 255 255 255 255 255 255 255 255 255 255 255 255 255 255 255 
255 255 255 255 255 255 255 255 255 255 255 255 255 255 255 255 255 255 255 255 255 255 255 255 255 255 255 255 255 255 255 255 255 255 255 255 255 255 255 255 255 255 255 255 255 255 255 255 255 255 255 255 255 255 255 255 255 255 255 255 255 255 255 255 255 255 255 255 255 255 255 255 
255 255 255 255 255 255 255 255 255 255 255 255 255 255 255 255 255 255 255 255 255 255 255 255 255 255 255 255 255 255 255 255 255 255 255 255 255 255 255 255 255 255 255 255 255 255 255 255 255 255 255 255 255 255 255 255 255 255 255 255 255 255 255 255 255 255 255 255 255 255 255 255 
255 255 255 255 255 255 255 255 255 255 255 255 255 255 255 255 255 255 255 255 255 255 255 255 255 255 255 255 255 255 255 255 255 255 255 255 255 255 255 255 255 255 255 255 255 255 255 255 255 255 255 255 255 255 255 255 255 255 255 255 255 255 255 255 255 255 255 255 255 255 255 255 
255 255 255 255 255 255 255 255 255 255 255 255 255 255 255 255 255 255 255 255 255 255 255 255 255 255 255 255 255 255 255 255 255 255 255 255 255 255 255 255 255 255 255 255 255 255 255 255 255 255 255 255 255 255 255 255 255 255 255 255 255 255 255 255 255 255 255 255 255 255 255 255 
255 255 255 255 255 255 255 255 255 255 255 255 255 255 255 255 255 255 255 255 255 255 255 255 255 255 255 255 255 255 255 255 255 255 255 255 255 255 255 255 255 255 255 255 255 255 255 255 255 255 255 255 255 255 255 255 255 255 255 255 255 255 255 255 255 255 255 255 255 255 255 255 
255 255 255 255 255 255 255 255 255 255 255 255 255 255 255 255 255 255 255 255 255 255 255 255 255 255 255 255 255 255 255 255 255 255 255 255 255 255 255 255 255 255 255 255 255 255 255 255 255 255 255 255 255 255 255 255 255 255 255 255 255 255 255 255 255 255 255 255 255 255 255 255 
255 255 255 255 255 255 255 255 255 255 255 255 255 255 255 255 255 255 255 255 255 255 255 255 255 255 255 255 255 255 255 255 255 255 255 255 255 255 255 255 255 255 255 255 255 255 255 255 255 255 255 255 255 255 255 255 255 255 255 255 255 255 255 255 255 255 255 255 255 255 255 255 
255 255 255 255 255 255 255 255 255 255 255 255 255 255 255 255 255 255 255 255 255 255 255 255 255 255 255 255 255 255 255 255 255 255 255 255 255 255 255 255 255 255 255 255 255 255 255 255 255 255 255 255 255 255 255 255 255 255 255 255 255 255 255 255 255 255 255 255 255 255 255 255 
255 255 255 255 255 255 255 255 255 255 255 255 255 255 255 255 255 255 255 255 255 255 255 255 255 255 255 255 255 255 255 255 255 255 255 255 255 255 255 255 255 255 255 255 255 255 255 255 255 255 255 255 255 255 255 255 255 255 255 255 255 255 255 255 255 255 255 255 255 255 255 255 
255 255 255 255 255 255 255 255 255 255 255 255 255 255 255 255 255 255 255 255 255 255 255 255 255 255 255 255 255 255 255 255 255 255 255 255 255 255 255 255 255 255 255 255 255 255 255 255 255 255 255 255 255 255 255 255 255 255 255 255 255 255 255 255 255 255 255 255 255 255 255 255 
255 255 255 255 255 255 255 255 255 255 255 255 255 255 255 255 255 255 255 255 255 255 255 255 255 255 255 255 255 255 255 255 255 255 255 255 255 255 255 255 255 255 255 255 255 255 255 255 255 255 255 255 255 255 255 255 255 255 255 255 255 255 255 255 255 255 255 255 255 255 255 255 
255 255 255 255 255 255 255 255 255 255 255 255 255 255 255 255 255 255 255 255 255 255 255 255 255 255 255 255 255 255 255 255 255 255 255 255 255 255 255 255 255 255 255 255 255 255 255 255 255 255 255 255 255 255 255 255 255 255 255 255 255 255 255 255 255 255 255 255 255 255 255 255 
255 255 255 255 255 255 255 255 255 255 255 255 255 255 255 255 255 255 255 255 255 255 255 255 255 255 255 255 255 255 255 255 255 255 255 255 255 255 255 255 255 255 255 255 255 255 255 255 255 255 255 255 255 255 255 255 255 255 255 255 255 255 255 255 255 255 255 255 255 255 255 255 
255 255 255 255 255 255 255 255 255 255 255 255 255 255 255 255 255 255 255 255 255 255 255 255 255 255 255 255 255 255 255 255 255 255 255 255 255 255 255 255 255 255 255 255 255 255 255 255 255 255 255 255 255 255 255 255 255 255 255 255 255 255 255 255 255 255 255 255 255 255 255 255 
255 255 255 255 255 255 255 255 255 255 255 255 255 255 255 255 255 255 255 255 255 255 255 255 255 255 255 255 255 255 255 255 255 255 255 255 255 255 255 255 255 255 255 255 255 255 255 255 255 255 255 255 255 255 255 255 255 255 255 255 255 255 255 255 255 255 255 255 255 255 255 255 
255 255 255 255 255 255 255 255 255 255 255 255 255 255 255 255 255 255 255 255 255 255 255 255 255 255 255 255 255 255 255 255 255 255 255 255 255 255 255 255 255 255 255 255 255 255 255 255 255 255 255 255 255 255 255 255 255 255 255 255 255 255 255 255 255 255 255 255 255 255 255 255 
255 255 255 255 255 255 255 255 255 255 255 255 255 255 255 255 255 255 255 255 255 255 255 255 255 255 255 255 255 255 255 255 255 255 255 255 255 255 255 255 255 255 255 255 255 255 255 255 255 255 255 255 255 255 255 255 255 255 255 255 255 255 255 255 255 255 255 255 255 255 255 255 
255 255 255 255 255 255 255 255 255 255 255 255 255 255 255 255 255 255 255 255 255 255 255 255 255 255 255 255 255 255 255 255 255 255 255 255 255 255 255 255 255 255 255 255 255 255 255 255 255 255 255 255 255 255 255 255 255 255 255 255 255 255 255 255 255 255 255 255 255 255 255 255 
255 255 255 255 255 255 255 255 255 255 255 255 255 255 255 255 255 255 255 255 255 255 255 255 255 255 255 255 255 255 255 255 255 255 255 255 255 255 255 255 255 255 255 255 255 255 255 255 255 255 255 255 255 255 255 255 255 255 255 255 255 255 255 255 255 255 255 255 255 255 255 255 
255 255 255 255 255 255 255 255 255 255 255 255 255 255 255 255 255 255 255 255 255 255 255 255 255 255 255 255 255 255 255 255 255 255 255 255 255 255 255 255 255 255 255 255 255 255 255 255 255 255 255 255 255 255 255 255 255 255 255 255 255 255 255 255 255 255 255 255 255 255 255 255 
255 255 255 255 255 255 255 255 255 255 255 255 255 255 255 255 255 255 255 255 255 255 255 255 255 255 255 255 255 255 255 255 255 255 255 255 255 255 255 255 255 255 255 255 255 255 255 255 255 255 255 255 255 255 255 255 255 255 255 255 255 255 255 255 255 255 255 255 255 255 255 255 
255 255 255 255 255 255 255 255 255 255 255 255 255 255 255 255 255 255 255 255 255 255 255 255 255 255 255 255 255 255 255 255 255 255 255 255 255 255 255 255 255 255 255 255 255 255 255 255 255 255 255 255 255 255 255 255 255 255 255 255 255 255 255 255 255 255 255 255 255 255 255 255 
255 255 255 255 255 255 255 255 255 255 255 255 255 255 255 255 255 255 255 255 255 255 255 255 255 255 255 255 255 255 255 255 255 255 255 255 255 255 255 255 255 255 255 255 255 255 255 255 255 255 255 255 255 255 255 255 255 255 255 255 255 255 255 255 255 255 255 255 255 255 255 255 
255 255 255 255 255 255 255 255 255 255 255 255 255 255 255 255 255 255 255 255 255 255 255 255 255 255 255 255 255 255 255 255 255 255 255 255 255 255 255 255 255 255 255 255 255 255 255 255 255 255 255 255 255 255 255 255 255 255 255 255 255 255 255 255 255 255 255 255 255 255 255 255 
255 255 255 255 255 255 255 255 255 255 255 255 255 255 255 255 255 255 255 255 255 255 255 255 255 255 255 255 255 255 255 255 255 255 255 255 255 255 255 255 255 255 255 255 255 255 255 255 255 255 255 255 255 255 255 255 255 255 255 255 255 255 255 255 255 255 255 255 255 255 255 255 
255 255 255 255 255 255 255 255 255 255 255 255 255 255 255 255 255 255 255 255 255 255 255 255 255 255 255 255 255 255 255 255 255 255 255 255 255 255 255 255 255 255 255 255 255 255 255 255 255 255 255 255 255 255 255 255 255 255 255 255 255 255 255 255 255 255 255 255 255 255 255 255 
255 255 255 255 255 255 255 255 255 255 255 255 255 255 255 255 255 255 255 255 255 255 255 255 255 255 255 255 255 255 255 255 255 255 255 255 255 255 255 255 255 255 255 255 255 255 255 255 255 255 255 255 255 255 255 255 255 255 255 255 255 255 255 255 255 255 255 255 255 255 255 255 
255 255 255 255 255 255 255 255 255 255 255 255 255 255 255 255 255 255 255 255 255 255 255 255 255 255 255 255 255 255 255 255 255 255 255 255 255 255 255 255 255 255 255 255 255 255 255 255 255 255 255 255 255 255 255 255 255 255 255 255 255 255 255 255 255 255 255 255 255 255 255 255 
255 255 255 255 255 255 255 255 255 255 255 255 255 255 255 255 255 255 255 255 255 255 255 255 255 255 255 255 255 255 255 255 255 255 255 255 255 255 255 255 255 255 255 255 255 255 255 255 255 255 255 255 255 255 255 255 255 255 255 255 255 255 255 255 255 255 255 255 255 255 255 255 
255 255 255 255 255 255 255 255 255 255 255 255 255 255 255 255 255 255 255 255 255 255 255 255 255 255 255 255 255 255 255 255 255 255 255 255 255 255 255 255 255 255 255 255 255 255 255 255 255 255 255 255 255 255 255 255 255 255 255 255 255 255 255 255 255 255 255 255 255 255 255 255 
255 255 255 255 255 255 255 255 255 255 255 255 255 255 255 255 255 255 255 255 255 255 255 255 255 255 255 255 255 255 255 255 255 255 255 255 255 255 255 255 255 255 255 255 255 255 255 255 255 255 255 255 255 255 255 255 255 255 255 255 255 255 255 255 255 255 255 255 255 255 255 255 
255 255 255 255 255 255 255 255 255 255 255 255 255 255 255 255 255 255 255 255 255 255 255 255 255 255 255 255 255 255 255 255 255 255 255 255 255 255 255 255 255 255 255 255 255 255 255 255 255 255 255 255 255 255 255 255 255 255 255 255 255 255 255 255 255 255 255 255 255 255 255 255 
255 255 255 255 255 255 255 255 255 255 255 255 255 255 255 255 255 255 255 255 255 255 255 255 255 255 255 255 255 255 255 255 255 255 255 255 255 255 255 255 255 255 255 255 255 255 255 255 255 255 255 255 255 255 255 255 255 255 255 255 255 255 255 255 255 255 255 255 255 255 255 255 
255 255 255 255 255 255 255 255 255 255 255 255 255 255 255 255 255 255 255 255 255 255 255 255 255 255 255 255 255 255 255 255 255 255 255 255 255 255 255 255 255 255 255 255 255 255 255 255 255 255 255 255 255 255 255 255 255 255 255 255 255 255 255 255 255 255 255 255 255 255 255 255 
255 255 255 255 255 255 255 255 255 255 255 255 255 255 255 255 255 255 255 255 255 255 255 255 255 255 255 255 255 255 255 255 255 255 255 255 255 255 255 255 255 255 255 255 255 255 255 255 255 255 255 255 255 255 255 255 255 255 255 255 255 255 255 255 255 255 255 255 255 255 255 255 
255 255 255 255 255 255 255 255 255 255 255 255 255 255 255 255 255 255 255 255 255 255 255 255 255 255 255 255 255 255 255 255 255 255 255 255 255 255 255 255 255 255 255 255 255 255 255 255 255 255 255 255 255 255 255 255 255 255 255 255 255 255 255 255 255 255 255 255 255 255 255 255 
255 255 255 255 255 255 255 255 255 255 255 255 255 255 255 255 255 255 255 255 255 255 255 255 255 255 255 255 255 255 255 255 255 255 255 255 255 255 255 255 255 255 255 255 255 255 255 255 255 255 255 255 255 255 255 255 255 255 255 255 255 255 255 255 255 255 255 255 255 255 255 255 
255 255 255 255 255 255 255 255 255 255 255 255 255 255 255 255 255 255 255 255 255 255 255 255 255 255 255 255 255 255 255 255 255 255 255 255 255 255 255 255 255 255 255 255 255 255 255 255 255 255 255 255 255 255 255 255 255 255 255 255 255 255 255 255 255 255 255 255 255 255 255 255 
255 255 255 255 255 255 255 255 255 255 255 255 255 255 255 255 255 255 255 255 255 255 255 255 255 255 255 255 255 255 255 255 255 255 255 255 255 255 255 255 255 255 255 255 255 255 255 255 255 255 255 255 255 255 255 255 255 255 255 255 255 255 255 255 255 255 255 255 255 255 255 255 
255 255 255 255 255 255 255 255 255 255 255 255 255 255 255 255 255 255 255 255 255 255 255 255 255 255 255 255 255 255 255 255 255 255 255 255 255 255 255 255 255 255 255 255 255 255 255 255 255 255 255 255 255 255 255 255 255 255 255 255 255 255 255 255 255 255 255 255 255 255 255 255 
255 255 255 255 255 255 255 255 255 255 255 255 255 255 255 255 255 255 255 255 255 255 255 255 255 255 255 255 255 255 255 255 255 255 255 255 255 255 255 255 255 255 255 255 255 255 255 255 255 255 255 255 255 255 255 255 255 255 255 255 255 255 255 255 255 255 255 255 255 255 255 255 
255 255 255 255 255 255 255 255 255 255 255 255 255 255 255 255 255 255 255 255 255 255 255 255 255 255 255 255 255 255 255 255 255 255 255 255 255 255 255 255 255 255 255 255 255 255 255 255 255 255 255 255 255 255 255 255 255 255 255 255 255 255 255 255 255 255 255 255 255 255 255 255 
255 255 255 255 255 255 255 255 255 255 255 255 255 255 255 255 255 255 255 255 255 255 255 255 255 255 255 255 255 255 255 255 255 255 255 255 255 255 255 255 255 255 255 255 255 255 255 255 255 255 255 255 255 255 255 255 255 255 255 255 255 255 255 255 255 255 255 255 255 255 255 255 
255 255 255 255 255 255 255 255 255 255 255 255 255 255 255 255 255 255 255 255 255 255 255 255 255 255 255 255 255 255 255 255 255 255 255 255 255 255 255 255 255 255 255 255 255 255 255 255 255 255 255 255 255 255 255 255 255 255 255 255 255 255 255 255 255 255 255 255 255 255 255 255 
255 255 255 255 255 255 255 255 255 255 255 255 255 255 255 255 255 255 255 255 255 255 255 255 255 255 255 255 255 255 255 255 255 255 255 255 255 255 255 255 255 255 255 255 255 255 255 255 255 255 255 255 255 255 255 255 255 255 255 255 255 255 255 255 255 255 255 255 255 255 255 255 
255 255 255 255 255 255 255 255 255 255 255 255 255 255 255 255 255 255 255 255 255 255 255 255 255 255 255 255 255 255 255 255 255 255 255 255 255 255 255 255 255 255 255 255 255 255 255 255 255 255 255 255 255 255 255 255 255 255 255 255 255 255 255 255 255 255 255 255 255 255 255 255 
255 255 255 255 255 255 255 255 255 255 255 255 255 255 255 255 255 255 255 255 255 255 255 255 255 255 255 255 255 255 255 255 255 255 255 255 255 255 255 255 255 255 255 255 255 255 255 255 255 255 255 255 255 255 255 255 255 255 255 255 255 255 255 255 255 255 255 255 255 255 255 255 
255 255 255 255 255 255 255 255 255 255 255 255 255 255 255 255 255 255 255 255 255 255 255 255 255 255 255 255 255 255 255 255 255 255 255 255 255 255 255 255 255 255 255 255 255 255 255 255 255 255 255 255 255 255 255 255 255 255 255 255 255 255 255 255 255 255 255 255 255 255 255 255 
255 255 255 255 255 255 255 255 255 255 255 255 255 255 255 255 255 255 255 255 255 255 255 255 255 255 255 255 255 255 255 255 255 255 255 255 255 255 255 255 255 255 255 255 255 255 255 255 255 255 255 255 255 255 255 255 255 255 255 255 255 255 255 255 255 255 255 255 255 255 255 255 
255 255 255 255 255 255 255 255 255 255 255 255 255 255 255 255 255 255 255 255 255 255 255 255 255 255 255 255 255 255 255 255 255 255 255 255 255 255 255 255 255 255 255 255 255 255 255 255 255 255 255 255 255 255 255 255 255 255 255 255 255 255 255 255 255 255 255 255 255 255 255 255 
255 255 255 255 255 255 255 255 255 255 255 255 255 255 255 255 255 255 255 255 255 255 255 255 255 255 255 255 255 255 255 255 255 255 255 255 255 255 255 255 255 255 255 255 255 255 255 255 255 255 255 255 255 255 255 255 255 255 255 255 255 255 255 255 255 255 255 255 255 255 255 255 
255 255 255 255 255 255 255 255 255 255 255 255 255 255 255 255 255 255 255 255 255 255 255 255 255 255 255 255 255 255 255 255 255 255 255 255 255 255 255 255 255 255 255 255 255 255 255 255 255 255 255 255 255 255 255 255 255 255 255 255 255 255 255 255 255 255 255 255 255 255 255 255 
255 255 255 255 255 255 255 255 255 255 255 255 255 255 255 255 255 255 255 255 255 255 255 255 255 255 255 255 255 255 255 255 255 255 255 255 255 255 255 255 255 255 255 255 255 255 255 255 255 255 255 255 255 255 255 255 255 255 255 255 255 255 255 255 255 255 255 255 255 255 255 255 
255 255 255 255 255 255 255 255 255 255 255 255 255 255 255 255 255 255 255 255 255 255 255 255 255 255 255 255 255 255 255 255 255 255 255 255 255 255 255 255 255 255 255 255 255 255 255 255 255 255 255 255 255 255 255 255 255 255 255 255 255 255 255 255 255 255 255 255 255 255 255 255 
255 255 255 255 255 255 255 255 255 255 255 255 255 255 255 255 255 255 255 255 255 255 255 255 255 255 255 255 255 255 255 255 255 255 255 255 255 255 255 255 255 255 255 255 255 255 255 255 255 255 255 255 255 255 255 255 255 255 255 255 255 255 255 255 255 255 255 255 255 255 255 255 
255 255 255 255 255 255 255 255 255 255 255 255 255 255 255 255 255 255 255 255 255 255 255 255 255 255 255 255 255 255 255 255 255 255 255 255 255 255 255 255 255 255 255 255 255 255 255 255 255 255 255 255 255 255 255 255 255 255 255 255 255 255 255 255 255 255 255 255 255 255 255 255 
255 255 255 255 255 255 255 255 255 255 255 255 255 255 255 255 255 255 255 255 255 255 255 255 255 255 255 255 255 255 255 255 255 255 255 255 255 255 255 255 255 255 255 255 255 255 255 255 255 255 255 255 255 255 255 255 255 255 255 255 255 255 255 255 255 255 255 255 255 255 255 255 
255 255 255 255 255 255 255 255 255 255 255 255 255 255 255 255 255 255 255 255 255 255 255 255 255 255 255 255 255 255 255 255 255 255 255 255 255 255 255 255 255 255 255 255 255 255 255 255 255 255 255 255 255 255 255 255 255 255 255 255 255 255 255 255 255 255 255 255 255 255 255 255 
255 255 255 255 255 255 255 255 255 255 255 255 255 255 255 255 255 255 255 255 255 255 255 255 255 255 255 255 255 255 255 255 255 255 255 255 255 255 255 255 255 255 255 255 255 255 255 255 255 255 255 255 255 255 255 255 255 255 255 255 255 255 255 255 255 255 255 255 255 255 255 255 
