255 255 255 255 255 255 255 255 255 255 255 255 255 255 255 255 255 255 255 255 255 255 255 255 255 255 255 255 255 255 255 255 255 255 255 255 255 255 255 255 191 129 154 161 161 164 244 255 255 255 255 255 255 255 255 255 255 255 255 255 255 255 255 255 255 255 255 255 255 255 255 255 
255 255 255 255 255 255 255 255 255 255 255 255 255 255 255 255 255 255 255 255 255 255 255 255 255 255 255 255 255 255 255 255 255 255 255 255 255 255 255 255 165 000 000 000 000 040 237 255 255 255 255 255 255 255 255 255 255 255 255 255 255 255 255 255 255 255 255 255 255 255 255 255 
255 255 255 255 255 255 255 255 255 255 255 255 255 255 255 255 255 255 255 255 255 255 255 255 255 255 255 255 255 255 255 255 255 255 255 255 255 255 255 255 195 000 000 000 000 155 255 255 255 255 255 255 255 255 255 255 255 255 255 255 255 255 255 255 255 255 255 255 255 255 255 255 
255 255 255 255 255 255 255 255 255 255 255 255 255 255 255 255 255 255 255 255 255 255 255 255 255 255 255 255 255 255 255 255 255 255 255 255 255 255 255 255 204 000 000 000 000 197 255 255 255 255 255 255 255 255 255 255 255 255 255 255 255 255 255 255 255 255 255 255 255 255 255 255 
255 255 255 255 255 255 255 255 255 255 255 255 255 255 255 255 255 255 255 255 255 255 255 255 255 255 255 255 255 255 255 255 255 255 255 255 255 255 255 255 204 000 000 000 000 235 255 255 255 255 255 255 255 255 255 255 255 255 255 255 255 255 255 255 255 255 255 255 255 255 255 255 
255 255 255 255 255 255 255 255 255 255 255 255 255 255 255 255 255 255 255 255 255 255 255 255 255 255 255 255 255 255 255 255 255 255 255 255 255 255 255 255 203 000 000 000 000 249 255 255 255 255 255 255 255 255 255 255 255 255 255 255 255 255 255 255 255 255 255 255 255 255 255 255 
255 255 255 255 255 255 255 255 255 255 255 255 255 255 255 255 255 255 255 255 255 255 255 255 255 255 255 255 255 255 255 255 255 255 255 255 255 255 255 255 202 000 000 000 004 255 255 255 255 255 255 255 255 255 255 255 255 255 255 255 255 255 255 255 255 255 255 255 255 255 255 255 
255 255 255 255 255 255 255 255 255 255 255 255 255 255 255 255 255 255 255 255 255 255 255 255 255 255 255 255 255 255 255 255 255 255 255 255 255 255 255 255 201 000 000 000 014 255 255 255 255 255 255 255 255 255 255 255 255 255 255 255 255 255 255 255 255 255 255 255 255 255 255 255 
255 255 255 255 255 255 255 255 255 255 255 255 255 255 255 255 255 255 255 255 255 255 255 255 255 255 255 255 255 255 255 255 255 255 255 255 255 255 255 255 200 000 000 000 024 255 255 255 255 255 255 255 255 255 255 255 255 255 255 255 255 255 255 255 255 255 255 255 255 255 255 255 
255 255 255 255 255 255 255 255 255 255 255 255 255 255 255 255 255 255 255 255 255 255 255 255 255 255 255 255 255 255 255 255 255 255 255 255 255 255 255 255 200 000 000 000 033 253 236 217 199 181 163 145 125 098 071 045 018 201 255 255 255 255 255 255 255 255 255 255 255 255 255 255 
255 255 255 255 255 255 255 255 255 255 255 255 255 255 255 255 255 255 255 255 255 255 255 255 255 255 255 255 255 214 156 158 159 160 151 139 127 116 104 092 064 000 000 000 001 001 000 000 000 000 000 000 000 000 000 000 000 230 255 255 255 255 255 255 255 255 255 255 255 255 255 255 
255 255 255 255 255 255 255 255 255 255 255 255 255 255 255 255 255 255 255 255 255 255 255 255 255 255 255 255 255 148 000 000 000 000 000 000 000 000 000 000 000 000 000 000 000 000 000 000 000 000 000 000 000 000 000 000 005 253 255 255 255 255 255 255 255 255 255 255 255 255 255 255 
255 255 255 255 255 255 255 255 255 255 255 255 255 255 255 255 255 255 255 255 255 255 255 255 255 255 255 255 255 148 000 000 000 000 000 000 000 000 000 000 000 000 000 000 000 000 000 000 000 000 000 000 000 000 000 000 032 255 255 255 255 255 255 255 255 255 255 255 255 255 255 255 
255 255 255 255 255 255 255 255 255 255 255 255 255 255 255 255 255 255 255 255 255 255 255 255 255 255 255 255 255 148 000 000 000 000 000 000 000 000 012 034 038 000 000 000 046 128 142 155 169 182 196 209 203 000 000 000 061 255 255 255 255 255 255 255 255 255 255 255 255 255 255 255 
255 255 255 255 255 255 255 255 255 255 255 255 255 255 255 255 255 255 255 255 255 255 255 255 255 255 255 255 255 162 056 089 122 155 180 202 224 246 255 255 178 000 000 000 116 255 255 255 255 255 255 255 219 000 000 000 087 255 255 255 255 255 255 255 255 255 255 255 255 255 255 255 
255 255 255 255 255 255 255 255 255 255 255 255 255 255 255 255 255 255 255 255 255 255 255 255 255 255 255 255 255 255 255 255 255 255 255 255 255 255 255 255 166 000 000 000 140 255 255 255 255 255 255 255 204 000 000 000 105 255 255 255 255 255 255 255 255 255 255 255 255 255 255 255 
255 255 255 255 255 255 255 255 255 255 255 255 255 255 255 255 255 255 255 255 255 255 255 255 255 255 255 255 255 255 255 255 255 255 255 255 255 255 255 255 153 000 000 000 164 255 255 255 255 255 255 255 189 000 000 000 121 255 255 255 255 255 255 255 255 255 255 255 255 255 255 255 
255 255 255 255 255 255 255 255 255 255 255 255 255 255 255 255 255 255 255 255 255 255 255 255 255 255 255 255 255 255 255 255 255 255 255 255 255 255 255 255 134 000 000 000 194 255 255 255 255 255 255 255 175 000 000 000 138 255 255 255 255 255 255 255 255 255 255 255 255 255 255 255 
255 255 255 255 255 255 255 255 255 255 255 255 255 255 255 255 255 255 255 255 255 255 255 255 255 255 255 255 255 255 255 255 255 255 255 255 255 255 255 255 093 000 000 000 230 255 255 255 255 255 255 255 160 000 000 000 155 255 255 255 255 255 255 255 255 255 255 255 255 255 255 255 
255 255 255 255 255 255 255 255 255 255 255 255 255 255 255 255 255 255 255 255 255 255 255 255 255 255 255 255 255 255 255 255 255 255 255 255 255 255 255 255 050 000 000 010 255 255 255 255 255 255 255 255 145 000 000 000 171 255 255 255 255 255 255 255 255 255 255 255 255 255 255 255 
255 255 255 255 255 255 255 255 255 255 255 255 255 255 255 255 255 255 255 255 255 255 255 255 255 255 255 255 255 255 255 255 255 255 255 255 255 255 255 253 009 000 000 045 255 255 255 255 255 255 255 255 130 000 000 000 188 255 255 255 255 255 255 255 255 255 255 255 255 255 255 255 
255 255 255 255 255 255 255 255 255 255 255 255 255 255 255 255 255 255 255 255 255 255 255 255 255 255 255 255 255 255 255 255 255 255 255 255 255 255 255 221 000 000 000 080 255 255 255 255 255 255 255 255 115 000 000 000 204 255 255 255 255 255 255 255 255 255 255 255 255 255 255 255 
255 255 255 255 255 255 255 255 255 255 255 255 255 255 255 255 255 255 255 255 255 255 255 255 255 255 255 255 255 255 255 255 255 255 255 255 255 255 255 178 000 000 000 119 255 255 255 255 255 255 255 255 100 000 000 000 221 255 255 255 255 255 255 255 255 255 255 255 255 255 255 255 
255 255 255 255 255 255 255 255 255 255 255 255 255 255 255 255 255 255 255 255 255 255 255 255 255 255 255 255 255 255 255 255 255 255 255 255 255 255 255 130 000 000 000 174 255 255 255 255 255 255 255 255 085 000 000 000 237 255 255 255 255 255 255 255 255 255 255 255 255 255 255 255 
255 255 255 255 255 255 255 255 255 255 255 255 255 255 255 255 255 255 255 255 255 255 255 255 255 255 255 255 255 255 255 255 255 255 255 255 255 255 255 048 000 000 000 232 255 255 255 255 255 255 255 255 071 000 000 001 253 255 255 255 255 255 255 255 255 255 255 255 255 255 255 255 
255 255 255 255 255 255 255 255 255 255 255 255 255 255 255 255 255 255 255 255 255 255 255 255 255 255 255 255 255 255 255 255 255 255 255 255 255 255 215 000 000 000 046 255 255 255 255 255 255 255 255 255 057 000 000 015 255 255 255 255 255 255 255 255 255 255 255 255 255 255 255 255 
255 255 255 255 255 255 255 255 255 255 255 255 255 255 255 255 255 255 255 255 255 255 255 255 255 255 255 255 255 255 255 255 255 255 255 255 255 255 109 000 000 000 119 255 255 255 255 255 255 255 255 255 045 000 000 029 255 255 255 255 255 255 255 255 255 255 255 255 255 255 255 255 
255 255 255 255 255 255 255 255 255 255 255 255 255 255 255 255 255 255 255 255 255 255 255 255 255 255 255 255 255 255 255 255 255 255 255 255 255 237 011 000 000 005 224 255 255 255 255 255 255 255 255 255 033 000 000 035 255 255 255 255 255 255 255 255 255 255 255 255 255 255 255 255 
255 255 255 255 255 255 255 255 255 255 255 255 255 255 255 255 255 255 255 255 255 255 255 255 255 255 255 255 255 255 255 255 255 255 255 255 255 095 000 000 000 097 255 255 255 255 255 255 255 255 255 255 022 000 000 041 255 255 255 255 255 255 255 198 255 255 255 255 255 255 255 255 
255 255 255 255 255 255 255 255 255 255 255 255 255 255 255 255 255 255 255 255 255 255 255 255 255 255 255 255 255 255 255 255 255 255 255 255 178 000 000 000 003 219 255 255 255 255 255 255 255 255 255 255 011 000 000 047 255 255 255 255 255 255 233 005 135 246 255 255 255 255 255 255 
255 255 255 255 255 255 255 255 255 255 255 255 255 255 255 255 255 255 255 255 255 255 255 255 255 255 255 255 255 255 255 255 255 255 255 237 024 000 000 000 091 255 255 255 255 255 255 255 255 255 255 254 001 000 000 053 255 255 255 255 255 255 197 000 000 024 134 224 255 255 255 255 
255 255 255 255 255 255 255 255 255 255 255 255 255 255 255 255 255 255 255 255 255 255 255 255 255 255 255 255 255 255 255 255 255 255 238 056 000 000 000 028 234 255 255 255 255 255 255 255 255 255 255 244 000 000 000 059 255 255 255 255 255 255 147 000 000 000 000 182 255 255 255 255 
255 255 255 255 255 255 255 255 255 255 255 255 255 255 255 255 255 255 255 255 255 255 255 255 255 255 255 255 255 255 255 255 255 230 044 000 000 000 006 199 255 255 255 255 255 255 255 255 255 255 255 233 000 000 000 064 255 255 255 255 255 255 096 000 000 000 003 242 255 255 255 255 
255 255 255 255 255 255 255 255 255 255 255 255 255 255 255 255 255 255 255 255 255 255 255 255 255 255 255 255 255 255 255 255 210 033 000 000 000 000 148 255 255 255 255 255 255 255 255 255 255 255 255 224 000 000 000 050 255 255 255 255 255 237 013 000 000 000 061 255 255 255 255 255 
255 255 255 255 255 255 255 255 255 255 255 255 255 255 255 255 255 255 255 255 255 255 255 255 255 255 255 255 255 255 248 124 005 000 000 000 000 096 255 255 255 255 255 255 255 255 255 255 255 255 255 218 000 000 000 001 200 255 255 255 225 074 000 000 000 000 154 255 255 255 255 255 
255 255 255 255 255 255 255 255 255 255 255 255 255 255 255 255 255 255 255 255 255 255 255 255 255 255 255 255 255 196 041 000 000 000 000 000 104 253 255 255 255 255 255 255 255 255 255 255 255 255 255 236 000 000 000 000 002 031 038 020 000 000 000 000 000 008 240 255 255 255 255 255 
255 255 255 255 255 255 255 255 255 255 255 255 255 255 255 255 255 255 255 255 255 255 255 255 255 255 255 213 081 000 000 000 000 000 000 122 255 255 255 255 255 255 255 255 255 255 255 255 255 255 255 255 019 000 000 000 000 000 000 000 000 000 000 000 000 102 255 255 255 255 255 255 
255 255 255 255 255 255 255 255 255 255 255 255 255 255 255 255 255 255 255 255 255 255 255 255 255 255 255 220 084 000 000 000 000 001 141 255 255 255 255 255 255 255 255 255 255 255 255 255 255 255 255 255 106 000 000 000 000 000 000 000 000 000 000 000 079 250 255 255 255 255 255 255 
255 255 255 255 255 255 255 255 255 255 255 255 255 255 255 255 255 255 255 255 255 255 255 255 255 255 255 255 255 136 002 000 011 166 255 255 255 255 255 255 255 255 255 255 255 255 255 255 255 255 255 255 249 114 028 002 000 000 000 000 000 029 092 157 250 255 255 255 255 255 255 255 
255 255 255 255 255 255 255 255 255 255 255 255 255 255 255 255 255 255 255 255 255 255 255 255 255 255 255 255 255 255 161 041 213 255 255 255 255 255 255 255 255 255 255 255 255 255 255 255 255 255 255 255 255 255 255 250 222 216 225 236 252 255 255 255 255 255 255 255 255 255 255 255 
255 255 255 255 255 255 255 255 255 255 255 255 255 255 255 255 255 255 255 255 255 255 255 255 255 255 255 255 255 255 255 250 255 255 255 255 255 255 255 255 255 255 255 255 255 255 255 255 255 255 255 255 255 255 255 255 255 255 255 255 255 255 255 255 255 255 255 255 255 255 255 255 
255 255 255 255 255 255 255 255 255 255 255 255 255 255 255 255 255 255 255 255 255 255 255 255 255 255 255 255 255 255 255 255 255 255 255 255 255 255 255 255 255 255 255 255 255 255 255 255 255 255 255 255 255 255 255 255 255 255 255 255 255 255 255 255 255 255 255 255 255 255 255 255 
255 255 255 255 255 255 255 255 255 255 255 255 255 255 255 255 255 255 255 255 255 255 255 255 255 255 255 255 255 255 255 255 255 255 255 255 255 255 255 255 255 255 255 255 255 255 255 255 255 255 255 255 255 255 255 255 255 255 255 255 255 255 255 255 255 255 255 255 255 255 255 255 
255 255 255 255 255 255 255 255 255 255 255 255 255 255 255 255 255 255 255 255 255 255 255 255 255 255 255 255 255 255 255 255 255 255 255 255 255 255 255 255 255 255 255 255 255 255 255 255 255 255 255 255 255 255 255 255 255 255 255 255 255 255 255 255 255 255 255 255 255 255 255 255 
255 255 255 255 255 255 255 255 255 255 255 255 255 255 255 255 255 255 255 255 255 255 255 255 255 255 255 255 255 255 255 255 255 255 255 255 255 255 255 255 255 255 255 255 255 255 255 255 255 255 255 255 255 255 255 255 255 255 255 255 255 255 255 255 255 255 255 255 255 255 255 255 
255 255 255 255 255 255 255 255 255 255 255 255 255 255 255 255 255 255 255 255 255 255 255 255 255 255 255 255 255 255 255 255 255 255 255 255 255 255 255 255 255 255 255 255 255 255 255 255 255 255 255 255 255 255 255 255 255 255 255 255 255 255 255 255 255 255 255 255 255 255 255 255 
255 255 255 255 255 255 255 255 255 255 255 255 255 255 255 255 255 255 255 255 255 255 255 255 255 255 255 255 255 255 255 255 255 255 255 255 255 255 255 255 255 255 255 255 255 255 255 255 255 255 255 255 255 255 255 255 255 255 255 255 255 255 255 255 255 255 255 255 255 255 255 255 
255 255 255 255 255 255 255 255 255 255 255 255 255 255 255 255 255 255 255 255 255 255 255 255 255 255 255 255 255 255 255 255 255 255 255 255 255 255 255 255 255 255 255 255 255 255 255 255 255 255 255 255 255 255 255 255 255 255 255 255 255 255 255 255 255 255 255 255 255 255 255 255 
255 255 255 255 255 255 255 255 255 255 255 255 255 255 255 255 255 255 255 255 255 255 255 255 255 255 255 255 255 255 255 255 255 255 255 255 255 255 255 255 255 255 255 255 255 255 255 255 255 255 255 255 255 255 255 255 255 255 255 255 255 255 255 255 255 255 255 255 255 255 255 255 
255 255 255 255 255 255 255 255 255 255 255 255 255 255 255 255 255 255 255 255 255 255 255 255 255 255 255 255 255 255 255 255 255 255 255 255 255 255 255 255 255 255 255 255 255 255 255 255 255 255 255 255 255 255 255 255 255 255 255 255 255 255 255 255 255 255 255 255 255 255 255 255 
255 255 255 255 255 255 255 255 255 255 255 255 255 255 255 255 255 255 255 255 255 255 255 255 255 255 255 255 255 255 255 255 255 255 255 255 255 255 255 255 255 255 255 255 255 255 255 255 255 255 255 255 255 255 255 255 255 255 255 255 255 255 255 255 255 255 255 255 255 255 255 255 
255 255 255 255 255 255 255 255 255 255 255 255 255 255 255 255 255 255 255 255 255 255 255 255 255 255 255 255 255 255 255 255 255 255 255 255 255 255 255 255 255 255 255 255 255 255 255 255 255 255 255 255 255 255 255 255 255 255 255 255 255 255 255 255 255 255 255 255 255 255 255 255 
255 255 255 255 255 255 255 255 255 255 255 255 255 255 255 255 255 255 255 255 255 255 255 255 255 255 255 255 255 255 255 255 255 255 255 255 255 255 255 255 255 255 255 255 255 255 255 255 255 255 255 255 255 255 255 255 255 255 255 255 255 255 255 255 255 255 255 255 255 255 255 255 
255 255 255 255 255 255 255 255 255 255 255 255 255 255 255 255 255 255 255 255 255 255 255 255 255 255 255 255 255 255 255 255 255 255 255 255 255 255 255 255 255 255 255 255 255 255 255 255 255 255 255 255 255 255 255 255 255 255 255 255 255 255 255 255 255 255 255 255 255 255 255 255 
255 255 255 255 255 255 255 255 255 255 255 255 255 255 255 255 255 255 255 255 255 255 255 255 255 255 255 255 255 255 255 255 255 255 255 255 255 255 255 255 255 255 255 255 255 255 255 255 255 255 255 255 255 255 255 255 255 255 255 255 255 255 255 255 255 255 255 255 255 255 255 255 
255 255 255 255 255 255 255 255 255 255 255 255 255 255 255 255 255 255 255 255 255 255 255 255 255 255 255 255 255 255 255 255 255 255 255 255 255 255 255 255 255 255 255 255 255 255 255 255 255 255 255 255 255 255 255 255 255 255 255 255 255 255 255 255 255 255 255 255 255 255 255 255 
255 255 255 255 255 255 255 255 255 255 255 255 255 255 255 255 255 255 255 255 255 255 255 255 255 255 255 255 255 255 255 255 255 255 255 255 255 255 255 255 255 255 255 255 255 255 255 255 255 255 255 255 255 255 255 255 255 255 255 255 255 255 255 255 255 255 255 255 255 255 255 255 
255 255 255 255 255 255 255 255 255 255 255 255 255 255 255 255 255 255 255 255 255 255 255 255 255 255 255 255 255 255 255 255 255 255 255 255 255 255 255 255 255 255 255 255 255 255 255 255 255 255 255 255 255 255 255 255 255 255 255 255 255 255 255 255 255 255 255 255 255 255 255 255 
255 255 255 255 255 255 255 255 255 255 255 255 255 255 255 255 255 255 255 255 255 255 255 255 255 255 255 255 255 255 255 255 255 255 255 255 255 255 255 255 255 255 255 255 255 255 255 255 255 255 255 255 255 255 255 255 255 255 255 255 255 255 255 255 255 255 255 255 255 255 255 255 
255 255 255 255 255 255 255 255 255 255 255 255 255 255 255 255 255 255 255 255 255 255 255 255 255 255 255 255 255 255 255 255 255 255 255 255 255 255 255 255 255 255 255 255 255 255 255 255 255 255 255 255 255 255 255 255 255 255 255 255 255 255 255 255 255 255 255 255 255 255 255 255 
255 255 255 255 255 255 255 255 255 255 255 255 255 255 255 255 255 255 255 255 255 255 255 255 255 255 255 255 255 255 255 255 255 255 255 255 255 255 255 255 255 255 255 255 255 255 255 255 255 255 255 255 255 255 255 255 255 255 255 255 255 255 255 255 255 255 255 255 255 255 255 255 
255 255 255 255 255 255 255 255 255 255 255 255 255 255 255 255 255 255 255 255 255 255 255 255 255 255 255 255 255 255 255 255 255 255 255 255 255 255 255 255 255 255 255 255 255 255 255 255 255 255 255 255 255 255 255 255 255 255 255 255 255 255 255 255 255 255 255 255 255 255 255 255 
255 255 255 255 255 255 255 255 255 255 255 255 255 255 255 255 255 255 255 255 255 255 255 255 255 255 255 255 255 255 255 255 255 255 255 255 255 255 255 255 255 255 255 255 255 255 255 255 255 255 255 255 255 255 255 255 255 255 255 255 255 255 255 255 255 255 255 255 255 255 255 255 
255 255 255 255 255 255 255 255 255 255 255 255 255 255 255 255 255 255 255 255 255 255 255 255 255 255 255 255 255 255 255 255 255 255 255 255 255 255 255 255 255 255 255 255 255 255 255 255 255 255 255 255 255 255 255 255 255 255 255 255 255 255 255 255 255 255 255 255 255 255 255 255 
255 255 255 255 255 255 255 255 255 255 255 255 255 255 255 255 255 255 255 255 255 255 255 255 255 255 255 255 255 255 255 255 255 255 255 255 255 255 255 255 255 255 255 255 255 255 255 255 255 255 255 255 255 255 255 255 255 255 255 255 255 255 255 255 255 255 255 255 255 255 255 255 
255 255 255 255 255 255 255 255 255 255 255 255 255 255 255 255 255 255 255 255 255 255 255 255 255 255 255 255 255 255 255 255 255 255 255 255 255 255 255 255 255 255 255 255 255 255 255 255 255 255 255 255 255 255 255 255 255 255 255 255 255 255 255 255 255 255 255 255 255 255 255 255 
255 255 255 255 255 255 255 255 255 255 255 255 255 255 255 255 255 255 255 255 255 255 255 255 255 255 255 255 255 255 255 255 255 255 255 255 255 255 255 255 255 255 255 255 255 255 255 255 255 255 255 255 255 255 255 255 255 255 255 255 255 255 255 255 255 255 255 255 255 255 255 255 
255 255 255 255 255 255 255 255 255 255 255 255 255 255 255 255 255 255 255 255 255 255 255 255 255 255 255 255 255 255 255 255 255 255 255 255 255 255 255 255 255 255 255 255 255 255 255 255 255 255 255 255 255 255 255 255 255 255 255 255 255 255 255 255 255 255 255 255 255 255 255 255 
255 255 255 255 255 255 255 255 255 255 255 255 255 255 255 255 255 255 255 255 255 255 255 255 255 255 255 255 255 255 255 255 255 255 255 255 255 255 254 220 248 255 255 255 255 255 255 255 255 255 186 108 134 143 170 255 255 255 255 255 255 255 255 255 255 255 255 255 255 255 255 255 
255 255 255 255 255 248 142 204 255 255 255 255 255 255 255 255 255 255 255 255 255 255 255 255 255 255 255 255 255 255 255 255 255 255 255 255 255 255 255 010 001 008 032 225 255 255 255 255 255 255 173 000 000 000 166 255 255 255 255 255 255 255 255 255 255 255 255 255 255 255 255 255 
255 255 254 202 121 030 000 036 242 255 255 255 255 255 255 255 255 255 255 255 255 255 255 255 255 255 255 255 255 255 255 255 255 255 255 255 255 255 255 040 000 000 115 255 255 255 255 255 255 255 198 000 000 000 221 255 255 255 255 255 255 255 255 255 255 255 255 255 255 255 255 255 
181 108 028 000 000 000 000 000 078 253 253 167 191 205 206 208 210 207 205 201 180 195 255 255 255 255 255 255 255 255 255 255 255 255 255 255 255 255 255 049 000 000 117 255 255 255 255 255 255 255 202 000 000 000 221 255 255 255 255 255 255 255 255 255 255 255 255 255 255 255 255 255 
000 000 000 000 000 000 000 011 038 150 255 013 000 000 000 000 000 000 000 000 000 106 255 255 255 255 255 255 255 255 255 255 255 255 255 255 255 255 255 051 000 000 117 255 255 255 255 255 255 255 203 000 000 000 221 255 255 255 255 255 255 255 255 255 255 255 255 255 255 255 255 255 
000 000 000 002 053 124 195 250 255 255 255 039 000 000 000 000 000 000 000 000 000 129 255 255 255 255 255 255 255 124 138 156 174 189 192 194 196 198 200 042 000 000 093 202 202 202 202 202 202 202 163 000 000 000 175 199 198 196 194 193 191 185 170 155 139 124 214 255 255 255 255 255 
000 092 182 240 255 255 255 255 255 255 255 047 000 000 034 062 062 062 013 000 000 136 255 255 255 255 255 255 255 005 000 000 000 000 000 000 000 000 000 000 000 000 000 000 000 000 000 000 000 000 000 000 000 000 000 000 000 000 000 000 000 000 000 000 000 000 180 255 255 255 255 255 
000 181 255 255 255 255 255 255 255 255 255 051 000 000 139 255 255 255 055 000 000 138 255 255 255 255 255 255 255 005 000 000 000 000 000 000 000 000 000 000 000 000 000 000 000 000 000 000 000 000 000 000 000 000 000 000 000 000 000 000 000 000 000 000 000 000 180 255 255 255 255 255 
000 181 255 255 199 071 122 153 205 255 255 055 000 000 139 255 255 255 055 000 000 139 255 255 255 255 255 255 255 005 000 000 000 000 000 000 002 007 011 003 000 000 006 014 014 014 014 014 014 014 012 000 000 000 012 011 009 007 004 002 000 000 000 000 000 000 180 255 255 255 255 255 
000 181 255 255 213 000 000 000 127 255 255 055 000 000 139 255 255 255 055 000 000 139 255 255 255 255 255 255 255 180 195 212 229 243 248 253 255 255 255 054 000 000 117 255 255 255 255 255 255 255 206 000 000 000 221 255 255 255 255 255 255 249 233 216 199 183 231 255 255 255 255 255 
000 181 255 255 230 000 000 000 221 255 255 055 000 000 139 255 255 255 055 000 000 139 255 255 255 255 255 255 255 255 255 255 255 255 255 255 255 255 255 054 000 000 117 255 255 255 255 255 255 255 206 000 000 000 221 255 255 255 255 255 255 255 255 255 255 255 255 255 255 255 255 255 
000 181 255 255 232 000 000 001 250 255 255 055 000 000 139 255 255 255 055 000 000 139 255 255 255 255 255 255 255 255 255 255 255 255 255 255 255 255 255 054 000 000 117 255 255 255 255 255 255 255 206 000 000 000 221 255 255 255 255 255 255 255 255 255 255 255 255 255 255 255 255 255 
000 181 255 255 234 000 000 023 255 255 255 055 000 000 139 255 255 255 055 000 000 139 255 255 255 255 255 255 255 255 255 255 255 255 255 255 255 255 255 061 007 007 122 255 255 255 255 255 255 255 236 153 153 153 242 255 255 255 255 255 255 255 255 255 255 255 255 255 255 255 255 255 
000 181 255 255 236 000 000 035 255 255 255 055 000 000 139 255 255 255 055 000 000 139 255 255 255 255 255 255 255 255 255 255 255 255 255 255 255 255 255 229 255 255 255 255 255 255 255 255 205 215 239 245 248 255 255 255 255 255 255 255 255 255 255 255 255 255 255 255 255 255 255 255 
000 181 255 255 238 000 000 038 255 255 255 055 000 000 139 255 255 255 055 000 000 139 255 255 255 255 255 255 255 255 255 255 255 255 255 255 255 255 199 011 161 255 255 255 255 255 255 255 077 000 000 000 000 173 255 255 255 255 255 255 255 255 255 255 255 255 255 255 255 255 255 255 
000 181 255 255 240 000 000 040 255 255 255 055 000 000 139 255 255 255 055 000 000 139 255 255 255 255 255 255 255 255 255 255 255 255 255 255 255 247 047 000 000 074 225 255 255 255 255 255 118 000 000 000 096 255 255 255 255 255 255 231 178 255 255 255 255 255 255 255 255 255 255 255 
000 181 255 255 242 000 000 040 255 255 255 055 000 000 139 255 255 255 055 000 000 139 255 255 255 255 255 255 255 255 255 255 255 255 255 255 255 106 000 000 000 000 085 255 255 255 255 255 137 000 000 000 187 255 255 255 255 255 248 056 001 134 254 255 255 255 255 255 255 255 255 255 
000 181 255 255 244 000 000 041 255 255 255 055 000 000 139 255 255 255 055 000 000 139 255 255 255 255 255 255 255 255 255 255 255 255 255 255 173 000 000 000 001 128 252 255 255 255 255 255 141 000 000 000 202 255 255 255 255 254 091 000 000 000 056 208 255 255 255 255 255 255 255 255 
000 181 255 255 246 000 000 042 255 255 255 055 000 000 139 255 255 255 055 000 000 139 255 255 255 255 255 255 255 255 255 255 255 255 255 197 013 000 000 000 150 255 255 255 255 255 255 255 144 000 000 000 202 255 255 255 255 104 000 000 000 000 005 084 255 255 255 255 255 255 255 255 
000 181 255 255 237 000 000 042 255 255 255 055 000 000 139 255 255 255 055 000 000 139 255 255 255 255 255 255 255 255 255 255 255 255 200 014 000 000 000 125 255 255 255 255 255 255 255 255 147 000 000 000 202 255 255 255 108 000 000 000 000 041 215 255 255 255 255 255 255 255 255 255 
000 181 255 255 227 000 000 045 255 255 255 055 000 000 139 255 255 255 055 000 000 139 255 255 255 255 255 255 255 255 255 255 255 202 015 000 000 000 000 166 255 255 255 255 255 255 255 255 147 000 000 000 202 255 255 112 000 000 000 000 072 242 255 255 255 255 255 255 255 255 255 255 
000 181 255 255 217 000 000 057 255 255 255 055 000 000 139 255 255 255 055 000 000 139 255 255 255 255 255 255 255 255 255 255 171 014 000 000 000 000 000 166 255 255 255 255 255 255 255 255 147 000 000 000 202 254 115 000 000 000 000 093 251 255 255 255 255 255 255 255 255 255 255 255 
000 181 255 255 207 000 000 071 255 255 255 055 000 000 139 255 255 255 055 000 000 139 255 255 255 255 255 255 255 255 248 106 000 000 000 000 000 000 000 166 255 255 255 255 255 255 255 255 147 000 000 000 191 083 000 000 000 000 116 254 255 255 255 255 255 255 255 255 255 255 255 255 
000 181 255 232 099 000 000 085 255 255 255 055 000 000 139 255 255 255 055 000 000 139 255 255 255 255 255 255 255 219 050 000 000 000 000 027 000 000 000 166 255 255 255 255 255 255 255 255 147 000 000 000 022 000 000 000 001 140 255 255 255 255 255 255 255 255 255 255 255 255 255 255 
000 131 093 007 000 000 000 099 255 255 255 055 000 000 139 255 255 255 055 000 000 139 255 255 255 255 255 236 112 007 000 000 000 000 114 147 000 000 000 166 255 255 255 255 255 255 255 255 147 000 000 000 000 000 000 008 164 255 255 255 255 255 255 255 255 255 255 255 255 255 255 255 
000 000 000 000 000 000 000 114 255 255 255 055 000 000 139 255 255 255 055 000 000 139 255 255 255 255 255 232 040 000 000 000 000 134 255 148 000 000 000 166 255 255 255 255 255 255 255 255 144 000 000 000 000 000 036 207 255 255 255 255 255 255 255 255 255 255 255 255 255 255 255 255 
000 000 016 128 106 000 000 140 255 255 255 055 000 000 139 255 255 255 055 000 000 139 255 255 255 255 255 255 230 029 000 008 164 255 255 148 000 000 000 166 255 255 255 255 255 255 248 130 010 000 000 000 000 081 240 255 255 255 255 255 255 255 255 255 255 255 255 255 255 255 255 255 
009 125 240 255 079 000 000 186 255 255 255 055 000 000 139 255 255 255 055 000 000 139 255 255 255 255 255 255 255 198 033 204 255 255 255 148 000 000 000 166 255 255 255 255 244 140 026 000 000 000 000 000 128 255 255 255 255 255 255 255 255 255 255 255 255 255 255 255 255 255 255 255 
223 255 255 244 014 000 000 235 255 255 255 055 000 000 139 255 255 254 028 000 000 140 255 255 255 255 255 255 255 255 250 255 255 255 255 148 000 000 000 166 255 255 236 130 019 000 000 000 000 000 000 000 202 255 255 255 255 255 255 255 255 255 255 255 255 255 255 255 255 255 255 255 
255 255 255 155 000 000 036 255 255 255 255 055 000 000 139 113 080 033 000 000 000 149 255 255 255 255 255 255 255 255 255 255 255 255 255 148 000 000 000 166 253 103 007 000 000 000 000 000 000 000 000 000 202 255 255 255 255 255 255 255 255 255 255 255 255 255 255 255 255 255 255 255 
255 255 255 053 000 000 125 255 255 255 255 055 000 000 139 186 000 000 000 000 000 197 255 255 255 255 255 255 255 255 255 255 255 255 255 148 000 000 000 166 255 210 013 000 000 000 001 092 119 000 000 000 202 255 255 255 255 255 255 255 255 255 249 250 255 255 255 255 255 255 255 255 
255 255 172 000 000 003 226 255 255 255 255 054 000 000 139 253 029 000 000 000 080 252 255 255 255 255 255 255 255 255 255 255 255 255 255 146 000 000 000 166 255 255 178 001 001 075 203 255 147 000 000 000 202 255 255 255 255 255 255 255 255 255 207 100 253 255 255 255 255 255 255 255 
255 206 010 000 000 083 255 255 255 255 255 050 000 000 139 255 112 000 049 157 249 255 255 255 255 255 255 255 255 255 255 255 255 255 255 140 000 000 000 166 255 255 255 150 211 255 255 255 147 000 000 000 202 255 255 255 255 255 255 255 255 255 160 000 061 224 255 255 255 255 255 244 
229 028 000 000 023 231 255 255 255 255 255 046 000 000 139 255 217 219 255 255 255 255 255 255 255 255 255 255 255 255 255 255 255 255 255 135 000 000 000 166 255 255 255 255 255 255 255 255 147 000 000 000 202 255 255 255 255 255 255 255 255 255 077 000 000 011 122 255 255 255 255 047 
023 000 000 002 187 255 255 255 255 255 255 042 000 000 139 255 255 255 255 255 255 255 255 255 255 255 255 255 255 255 255 255 255 255 255 129 000 000 000 166 255 255 255 255 255 255 255 255 147 000 000 000 186 255 255 255 255 255 255 255 255 211 007 000 000 000 143 255 255 255 255 149 
000 000 001 142 255 255 255 255 255 255 255 038 000 000 139 255 255 255 255 255 255 255 255 255 255 255 255 255 255 255 255 255 255 255 255 124 000 000 000 166 255 255 255 255 255 255 255 255 148 000 000 000 051 175 247 254 255 255 250 207 151 014 000 000 000 011 233 255 255 255 255 232 
000 004 160 255 255 255 255 255 255 255 255 022 000 000 139 255 255 255 255 255 255 255 255 255 255 255 255 255 255 255 255 255 255 255 255 113 000 000 000 166 255 255 255 255 255 255 255 255 153 000 000 000 000 000 000 000 004 004 001 000 000 000 000 000 000 125 255 255 255 255 255 255 
010 180 255 255 255 255 255 255 255 255 255 004 000 000 139 255 255 255 255 255 255 255 255 255 255 255 255 255 255 255 255 255 255 255 255 091 000 000 000 166 255 255 255 255 255 255 255 255 219 000 000 000 000 000 000 000 000 000 000 000 000 000 000 000 035 242 255 255 255 255 255 255 
204 255 255 255 255 255 255 255 255 255 240 000 000 000 139 255 255 255 255 255 255 255 255 255 255 255 255 255 255 255 255 255 255 255 255 070 000 000 000 166 255 255 255 255 255 255 255 255 255 154 039 000 000 000 000 000 000 000 000 000 000 003 027 130 247 255 255 255 255 255 255 255 
255 255 255 255 255 255 255 255 255 255 221 000 000 000 139 255 255 255 255 255 255 255 255 255 255 255 255 255 255 255 255 255 255 255 255 048 000 000 000 166 255 255 255 255 255 255 255 255 255 255 255 248 231 213 201 200 199 200 201 206 229 252 255 255 255 255 255 255 255 255 255 255 
255 255 255 255 255 255 255 255 255 255 253 241 241 241 249 255 255 255 255 255 255 255 255 255 255 255 255 255 255 255 255 255 255 255 255 126 107 107 107 204 255 255 255 255 255 255 255 255 255 255 255 255 255 255 255 255 255 255 255 255 255 255 255 255 255 255 255 255 255 255 255 255 
255 255 255 255 255 255 255 255 255 255 255 255 255 255 255 255 255 255 255 255 255 255 255 255 255 255 255 255 255 255 255 255 255 255 255 255 255 255 255 255 255 255 255 255 255 255 255 255 255 255 255 255 255 255 255 255 255 255 255 255 255 255 255 255 255 255 255 255 255 255 255 255 
255 255 255 255 255 255 255 255 255 255 255 255 255 255 255 255 255 255 255 255 255 255 255 255 255 255 255 255 255 255 255 255 255 255 255 255 255 255 255 255 255 255 255 255 255 255 255 255 255 255 255 255 255 255 255 255 255 255 255 255 255 255 255 255 255 255 255 255 255 255 255 255 
255 255 255 255 255 255 255 255 255 255 255 255 255 255 255 255 255 255 255 255 255 255 255 255 255 255 255 255 255 255 255 255 255 255 255 255 255 255 255 255 255 255 255 255 255 255 255 255 255 255 255 255 255 255 255 255 255 255 255 255 255 255 255 255 255 255 255 255 255 255 255 255 
255 255 255 255 255 255 255 255 255 255 255 255 255 255 255 255 255 255 255 255 255 255 255 255 255 255 255 255 255 255 255 255 255 255 255 255 255 255 255 255 255 255 255 255 255 255 255 255 255 255 255 255 255 255 255 255 255 255 255 255 255 255 255 255 255 255 255 255 255 255 255 255 
255 255 255 255 255 255 255 255 255 255 255 255 255 255 255 255 255 255 255 255 255 255 255 255 255 255 255 255 255 255 255 255 255 255 255 255 255 255 255 255 255 255 255 255 255 255 255 255 255 255 255 255 255 255 255 255 255 255 255 255 255 255 255 255 255 255 255 255 255 255 255 255 
255 255 255 255 255 255 255 255 255 255 255 255 255 255 255 255 255 255 255 255 255 255 255 255 255 255 255 255 255 255 255 255 255 255 255 255 255 255 255 255 255 255 255 255 255 255 255 255 255 255 255 255 255 255 255 255 255 255 255 255 255 255 255 255 255 255 255 255 255 255 255 255 
255 255 255 255 255 255 255 255 255 255 255 255 255 255 255 255 255 255 255 255 255 255 255 255 255 255 255 255 255 255 255 255 255 255 255 255 255 255 255 255 255 255 255 255 255 255 255 255 255 255 255 255 255 255 255 255 255 255 255 255 255 255 255 255 255 255 255 255 255 255 255 255 
255 255 255 255 255 255 255 255 255 255 255 255 255 255 255 255 255 255 255 255 255 255 255 255 255 255 255 255 255 255 255 255 255 255 255 255 255 255 255 255 255 255 255 255 255 255 255 255 255 255 255 255 255 255 255 255 255 255 255 255 255 255 255 255 255 255 255 255 255 255 255 255 
255 255 255 255 255 255 255 255 255 255 255 255 255 255 255 255 255 255 255 255 255 255 255 255 255 255 255 255 255 255 255 255 255 255 255 255 255 255 255 255 255 255 255 255 255 255 255 255 255 255 255 255 255 255 255 255 255 255 255 255 255 255 255 255 255 255 255 255 255 255 255 255 
255 255 255 255 255 255 255 255 255 255 255 255 255 255 255 255 255 255 255 255 255 255 255 255 255 255 255 255 255 255 255 255 255 255 255 255 255 255 255 255 255 255 255 255 255 255 255 255 255 255 255 255 255 255 255 255 255 255 255 255 255 255 255 255 255 255 255 255 255 255 255 255 
255 255 255 255 255 255 255 255 255 255 255 255 255 255 255 255 255 255 255 255 255 255 255 255 255 255 255 255 255 255 255 255 255 255 255 255 255 255 255 255 255 255 255 255 255 255 255 255 255 255 255 255 255 255 255 255 255 255 255 255 255 255 255 255 255 255 255 255 255 255 255 255 
255 255 255 255 255 255 255 255 255 255 255 255 255 255 255 255 255 255 255 255 255 255 255 255 255 255 255 255 255 255 255 255 255 255 255 255 255 255 255 255 255 255 255 255 255 255 255 255 255 255 255 255 255 255 255 255 255 255 255 255 255 255 255 255 255 255 255 255 255 255 255 255 
255 255 255 255 255 255 255 255 255 255 255 255 255 255 255 255 255 255 255 255 255 255 255 255 255 255 255 255 255 255 255 255 255 255 255 255 255 255 255 255 255 255 255 255 255 255 255 255 255 255 255 255 255 255 255 255 255 255 255 255 255 255 255 255 255 255 255 255 255 255 255 255 
255 255 255 255 255 255 255 255 255 255 255 255 255 255 255 255 255 255 255 255 255 255 255 255 255 255 255 255 255 255 255 255 255 255 255 255 255 255 255 255 255 255 255 255 255 255 255 255 255 255 255 255 255 255 255 255 255 255 255 255 255 255 255 255 255 255 255 255 255 255 255 255 
255 255 255 255 255 255 255 255 255 255 255 255 255 255 255 255 255 255 255 255 255 255 255 255 255 255 255 255 255 255 255 255 255 255 255 255 255 255 255 255 255 255 255 255 255 255 255 255 255 255 255 255 255 255 255 255 255 255 255 255 255 255 255 255 255 255 255 255 255 255 255 255 
255 255 255 255 255 255 255 255 255 255 255 255 255 255 255 255 255 255 255 255 255 255 255 255 255 255 255 255 255 255 255 255 255 255 255 255 255 255 255 255 255 255 255 255 255 255 255 255 255 255 255 255 255 255 255 255 255 255 255 255 255 255 255 255 255 255 255 255 255 255 255 255 
255 255 255 255 255 255 255 255 255 255 255 255 255 255 255 255 255 255 255 255 255 255 255 255 255 255 255 255 255 255 255 255 255 255 255 255 255 255 255 255 255 255 255 255 255 255 255 255 255 255 255 255 255 255 255 255 255 255 255 255 255 255 255 255 255 255 255 255 255 255 255 255 
255 255 255 255 255 255 255 255 255 255 255 255 255 255 255 255 255 255 255 255 255 255 255 255 255 255 255 255 255 255 255 255 255 255 255 255 255 255 255 255 255 255 255 255 255 255 255 255 255 255 255 255 255 255 255 255 255 255 255 255 255 255 255 255 255 255 255 255 255 255 255 255 
255 255 255 255 255 255 255 255 255 255 255 255 255 255 255 255 255 255 255 255 255 255 255 255 255 255 255 255 255 255 255 255 255 255 255 255 255 255 255 255 255 255 255 255 255 255 255 255 255 255 255 255 255 255 255 255 255 255 255 255 255 255 255 255 255 255 255 255 255 255 255 255 
255 255 255 255 255 255 255 255 255 255 255 255 255 255 255 255 255 255 255 255 255 255 255 255 255 255 255 255 255 255 255 255 255 255 255 255 255 255 255 255 255 255 255 255 255 255 255 255 255 255 255 255 255 255 255 255 255 255 255 255 255 255 255 255 255 255 255 255 255 255 255 255 
255 255 255 255 255 255 255 255 255 255 255 255 255 255 255 255 255 255 255 255 255 255 255 255 255 255 255 255 255 255 255 255 255 255 255 255 255 255 255 255 255 255 255 255 255 255 255 255 255 255 255 255 255 255 255 255 255 255 255 255 255 255 255 255 255 255 255 255 255 255 255 255 
255 255 255 255 255 255 255 255 255 255 255 255 255 255 255 255 255 255 255 255 255 255 255 255 255 255 255 255 255 255 255 255 255 255 255 255 255 255 255 255 255 255 255 255 255 255 255 255 255 255 255 255 255 255 255 255 255 255 255 255 255 255 255 255 255 255 255 255 255 255 255 255 
255 255 255 255 255 255 255 255 255 255 255 255 255 255 255 255 255 255 255 255 255 255 255 255 255 255 255 255 255 255 255 255 255 255 255 255 255 255 255 255 255 255 255 255 255 255 255 255 255 255 255 255 255 255 255 255 255 255 255 255 255 255 255 255 255 255 255 255 255 255 255 255 
255 255 255 255 255 255 255 255 255 255 255 255 255 255 255 255 255 255 255 255 255 255 255 255 255 255 255 255 255 255 255 255 255 255 255 255 255 255 255 255 255 255 255 255 255 255 255 255 255 255 255 255 255 255 255 255 255 255 255 255 255 255 255 255 255 255 255 255 255 255 255 255 
255 255 255 255 255 255 255 255 255 255 255 255 255 255 255 255 255 255 255 255 255 255 255 255 255 255 255 255 255 255 255 255 255 255 255 255 255 255 255 255 255 255 255 255 255 255 255 255 255 255 255 255 255 255 255 255 255 255 255 255 255 255 255 255 255 255 255 255 255 255 255 255 
255 255 255 255 255 255 255 255 255 255 255 255 255 255 255 255 255 255 255 255 255 255 255 255 255 255 255 255 255 255 255 255 255 255 255 255 255 255 255 255 255 255 255 255 255 255 255 255 255 255 255 255 255 255 255 255 255 255 255 255 255 255 255 255 255 255 255 255 255 255 255 255 
255 255 255 255 255 255 255 255 255 255 255 255 255 255 255 255 255 255 255 255 255 255 255 255 255 255 255 255 255 255 255 255 255 255 255 255 255 255 255 255 255 255 255 255 255 255 255 255 255 255 255 255 255 255 255 255 255 255 255 255 255 255 255 255 255 255 255 255 255 255 255 255 
255 255 255 255 255 255 255 255 255 255 255 255 255 255 255 255 255 255 255 255 255 255 255 255 255 255 255 255 255 255 255 255 255 255 255 255 255 255 255 255 255 255 255 255 255 255 255 255 255 255 255 255 255 231 255 255 255 255 255 255 255 255 255 255 255 255 255 255 255 255 255 255 
255 255 255 255 255 255 255 255 255 255 255 255 255 255 255 255 255 255 255 255 255 255 255 255 255 255 255 255 255 255 255 255 255 255 255 255 153 197 255 255 255 255 255 255 255 255 255 255 255 255 221 128 036 021 241 255 255 255 255 255 255 255 255 255 255 255 255 255 255 255 255 255 
253 254 255 153 144 166 188 196 198 200 202 204 206 203 201 199 197 196 182 159 137 189 255 255 255 255 255 255 255 255 255 255 255 255 255 237 020 005 135 249 255 255 255 255 255 255 255 255 255 191 000 000 000 000 120 255 255 255 255 255 255 255 255 255 255 255 255 255 255 255 255 255 
004 240 255 053 000 000 000 000 000 000 000 000 000 000 000 000 000 000 000 000 000 128 255 255 255 255 255 255 255 255 255 255 255 255 255 103 000 000 000 034 179 255 255 255 255 255 255 255 255 255 070 000 000 000 008 229 255 255 255 255 255 255 255 255 255 255 255 255 255 255 255 255 
008 255 255 053 000 000 000 000 000 000 000 000 000 000 000 000 000 000 000 000 000 128 255 255 255 255 255 255 255 255 255 255 255 255 202 002 000 000 000 045 168 255 255 255 255 255 255 255 255 255 195 000 000 000 000 115 255 255 255 255 255 255 255 255 255 255 255 255 255 255 255 251 
025 255 255 060 029 052 068 073 079 085 020 000 000 049 085 082 078 074 066 044 021 131 255 255 255 255 255 255 255 255 255 255 255 244 039 000 000 000 056 241 255 255 255 255 255 255 255 255 255 255 255 052 000 000 000 012 237 255 255 255 255 255 255 255 255 255 255 255 255 255 255 239 
032 255 255 255 255 255 255 255 255 255 030 000 000 189 255 255 255 255 255 255 255 255 255 255 255 255 255 255 255 255 255 255 255 093 000 000 000 044 241 255 255 255 255 255 255 255 255 255 255 255 255 162 000 000 006 086 221 255 255 255 255 255 255 255 255 255 255 255 255 255 255 239 
037 255 255 255 255 255 255 255 255 245 001 000 010 248 255 255 255 255 255 255 255 255 255 255 255 255 255 255 255 255 255 255 144 000 000 000 015 218 255 255 255 255 255 255 255 255 255 255 255 255 255 237 042 140 234 255 255 255 255 255 255 255 255 255 255 255 255 255 255 255 255 239 
037 255 255 255 255 255 255 255 255 198 000 000 064 255 255 255 255 255 255 255 255 255 255 255 255 255 255 255 255 255 255 160 003 000 000 002 178 255 255 255 255 250 047 067 087 107 127 134 136 138 141 143 145 148 147 145 142 140 138 135 133 122 101 081 061 102 255 255 255 255 255 255 
037 255 255 255 255 255 255 255 255 126 000 000 110 255 255 255 255 255 255 255 255 255 255 255 255 255 255 255 255 255 151 001 000 000 000 145 255 255 255 255 255 248 000 000 000 000 000 000 000 000 000 000 000 000 000 000 000 000 000 000 000 000 000 000 000 069 255 255 255 255 255 255 
037 255 255 255 120 136 155 162 169 044 000 000 101 171 169 166 164 154 129 122 255 255 255 255 255 255 255 255 253 135 000 000 000 000 110 255 255 251 255 255 255 248 000 000 000 000 000 000 000 000 000 000 000 000 000 000 000 000 000 000 000 000 000 000 000 069 255 255 255 255 255 255 
037 255 255 255 035 000 000 000 000 000 000 000 000 000 000 000 000 000 000 037 255 255 255 255 255 255 255 255 125 000 000 000 000 096 253 255 198 061 230 255 255 248 000 000 010 032 043 048 054 059 064 019 000 000 000 063 062 059 055 052 048 041 022 003 000 069 255 255 255 255 255 255 
037 255 255 255 054 000 000 000 000 000 000 000 000 000 000 000 000 000 000 052 255 255 255 255 255 255 255 255 255 140 001 000 104 254 255 255 091 000 022 153 251 254 223 245 255 255 255 255 255 255 255 073 000 000 000 242 255 255 255 255 255 255 255 254 237 229 255 255 255 255 255 255 
037 255 255 255 059 000 000 103 175 175 175 175 175 175 175 175 082 000 000 057 255 255 255 255 255 255 255 255 255 255 136 112 255 255 255 215 002 000 000 000 089 255 255 255 255 255 255 255 255 255 255 073 000 000 000 242 255 255 255 255 255 255 255 255 255 255 255 255 255 255 255 255 
033 255 255 255 062 000 000 150 255 255 255 255 255 255 255 255 119 000 000 061 255 255 255 255 255 255 255 255 255 255 254 255 255 255 255 087 000 000 000 089 248 255 255 255 255 255 255 255 255 255 255 073 000 000 000 242 255 255 255 255 255 255 255 255 255 255 255 255 255 255 255 255 
025 255 255 255 066 000 000 150 255 255 164 194 251 255 255 255 119 000 000 064 255 255 255 255 255 255 255 255 255 255 255 255 255 255 205 001 000 000 035 243 255 255 255 255 255 255 255 255 255 255 255 073 000 000 000 242 255 255 255 255 255 255 255 255 255 255 255 255 255 255 255 255 
008 255 255 255 066 000 000 150 255 255 069 000 002 023 201 255 119 000 000 064 255 255 255 255 255 255 255 255 255 255 255 255 255 253 052 000 000 004 200 255 255 255 255 255 255 255 255 255 255 255 255 073 000 000 000 242 255 255 255 255 255 255 255 255 255 255 255 255 255 255 255 255 
050 241 255 255 066 000 000 150 255 255 074 000 000 080 255 255 119 000 000 064 255 255 255 255 255 255 255 255 255 255 255 255 255 131 000 000 000 130 255 255 255 255 255 255 255 255 255 255 255 255 255 073 000 000 000 242 255 255 255 255 255 255 255 255 255 255 255 255 255 255 255 255 
255 255 255 255 066 000 000 150 255 255 079 000 000 113 255 255 119 000 000 064 255 255 255 255 255 255 255 255 255 255 255 255 195 003 000 000 003 252 255 255 255 255 255 255 255 255 255 255 255 255 255 073 000 000 000 242 255 255 255 255 255 255 255 255 255 255 255 255 255 255 255 255 
222 203 255 255 066 000 000 150 255 255 084 000 000 129 255 255 119 000 000 064 255 255 255 255 255 255 255 255 255 255 255 214 019 000 000 000 003 255 255 255 255 255 255 253 255 255 255 255 255 255 255 073 000 000 000 242 255 255 255 255 255 255 255 253 255 255 255 255 255 255 255 255 
000 013 255 255 066 000 000 150 255 255 080 000 000 144 255 255 119 000 000 063 255 255 255 255 255 255 255 255 255 255 226 029 000 000 000 000 003 255 255 255 255 255 255 041 022 047 070 078 084 090 096 029 000 000 000 093 093 087 082 076 065 041 018 063 255 255 255 255 255 255 255 255 
000 013 255 255 065 000 000 150 255 255 063 000 000 163 255 255 119 000 000 059 255 255 255 255 255 255 255 255 255 235 040 000 000 000 000 000 003 255 255 255 255 255 255 038 000 000 000 000 000 000 000 000 000 000 000 000 000 000 000 000 000 000 000 061 255 255 255 255 255 255 255 255 
000 013 255 255 062 000 000 150 255 255 045 000 000 195 255 255 119 000 000 055 255 255 255 255 255 255 255 255 228 049 000 000 000 000 000 000 003 255 255 255 255 255 255 038 000 000 000 000 000 000 000 000 000 000 000 000 000 000 000 000 000 000 000 061 255 255 255 255 255 255 255 255 
228 208 255 255 058 000 000 150 255 255 024 000 000 228 255 255 119 000 000 048 255 255 255 255 255 255 255 216 026 000 000 000 012 041 000 000 003 255 255 255 255 255 255 039 014 039 061 070 076 082 088 026 000 000 000 085 085 079 074 068 056 033 010 061 255 255 255 255 255 255 255 255 
255 255 255 255 054 000 000 150 255 242 000 000 008 254 255 255 119 000 000 030 255 255 255 255 255 255 255 245 043 000 000 001 175 078 000 000 003 255 255 255 255 255 255 248 255 255 255 255 255 255 255 073 000 000 000 242 255 255 255 255 255 255 255 248 255 255 255 255 255 255 255 255 
255 255 255 255 037 000 000 150 255 168 000 000 045 255 255 255 119 000 000 012 255 255 255 255 255 255 255 255 211 002 000 135 255 078 000 000 003 255 255 255 255 255 255 255 255 255 255 255 255 255 255 073 000 000 000 242 255 255 255 255 255 255 255 255 255 255 255 255 255 255 255 255 
157 177 255 255 019 000 000 150 255 066 000 000 101 255 255 255 202 154 154 155 255 255 255 255 255 255 255 255 255 083 104 255 255 078 000 000 003 255 255 255 255 255 255 255 255 255 255 255 255 255 255 073 000 000 000 242 255 255 255 255 255 255 255 255 255 255 255 255 255 255 255 255 
000 092 255 255 100 096 096 190 206 001 000 000 207 255 155 204 255 255 255 255 255 255 255 255 255 255 255 255 255 225 252 255 255 078 000 000 003 255 255 255 255 255 255 255 255 255 255 255 255 255 255 073 000 000 000 242 255 255 255 255 255 255 255 255 255 255 255 255 255 255 255 255 
000 092 255 255 255 255 255 227 028 000 000 070 255 170 001 002 106 245 255 255 255 255 255 255 255 255 255 255 255 255 255 255 255 078 000 000 003 255 255 255 255 255 255 255 255 255 255 255 255 255 255 073 000 000 000 242 255 255 255 255 255 255 255 255 255 255 255 255 255 255 255 255 
119 152 255 255 255 255 230 044 000 000 011 209 249 036 000 000 000 039 205 255 255 255 255 255 255 255 255 255 255 255 255 255 255 078 000 000 003 255 255 255 255 255 255 255 255 255 255 255 255 255 255 073 000 000 000 242 255 255 255 255 255 255 255 255 255 255 255 255 255 255 255 255 
255 255 255 255 255 159 016 000 000 001 174 255 255 237 079 000 000 000 005 145 255 255 255 255 255 255 255 255 255 255 255 255 255 078 000 000 003 255 255 255 255 255 255 255 255 255 255 255 255 255 255 073 000 000 000 242 255 255 255 255 255 255 255 255 255 255 255 255 255 255 255 255 
255 255 255 216 074 000 000 000 002 144 255 255 255 255 254 117 000 000 000 000 163 255 255 255 255 255 255 255 255 255 255 255 255 078 000 000 003 255 255 255 255 255 255 255 255 255 255 255 255 255 255 073 000 000 000 242 255 255 255 255 255 255 255 255 255 255 255 255 255 255 255 255 
255 255 167 003 000 000 000 016 181 255 255 255 255 255 255 255 152 004 000 058 247 255 255 255 255 255 255 255 255 255 255 255 255 078 000 000 003 255 255 255 255 255 255 255 255 255 255 255 255 255 255 073 000 000 000 242 255 255 255 255 255 255 255 255 255 255 255 255 255 255 255 255 
255 255 255 185 024 000 048 219 255 255 255 255 255 255 255 255 255 171 040 235 255 255 255 255 255 255 255 255 255 255 255 255 255 078 000 000 003 255 255 255 255 255 255 255 255 255 255 255 255 255 255 073 000 000 000 242 255 255 255 255 255 255 255 255 255 255 255 255 255 255 255 255 
255 255 255 255 218 147 252 255 255 255 255 255 255 255 255 255 255 255 248 255 255 255 255 255 255 255 255 255 255 255 255 255 255 075 000 000 003 255 255 255 231 184 203 222 241 255 255 255 255 255 255 073 000 000 000 242 255 255 255 255 255 255 250 231 213 194 188 255 255 255 255 255 
229 253 255 255 255 255 255 255 255 255 255 255 255 255 255 255 244 230 214 188 163 137 161 255 255 255 255 255 255 255 255 255 255 070 000 000 003 255 255 255 179 000 000 000 000 000 003 008 012 017 021 007 000 000 000 023 020 017 014 011 008 005 000 000 000 000 034 255 255 255 255 255 
000 004 029 056 063 066 068 071 073 076 075 061 046 032 017 004 000 000 000 000 000 000 171 255 255 255 255 255 255 255 255 255 255 065 000 000 003 255 255 255 179 000 000 000 000 000 000 000 000 000 000 000 000 000 000 000 000 000 000 000 000 000 000 000 000 000 034 255 255 255 255 255 
000 000 000 000 000 000 000 000 000 000 000 000 000 000 000 000 000 000 000 000 000 022 252 255 255 255 255 255 255 255 255 255 255 057 000 000 003 255 255 255 179 000 000 000 000 000 000 000 000 000 000 000 000 000 000 000 000 000 000 000 000 000 000 000 000 000 034 255 255 255 255 255 
000 000 000 000 000 000 000 000 000 000 000 000 000 000 000 000 000 000 000 000 000 076 255 255 255 255 255 255 255 255 255 255 255 034 000 000 003 255 255 255 204 093 111 129 147 165 175 177 179 181 183 186 188 190 189 187 185 182 180 178 176 173 157 139 121 103 110 255 255 255 255 255 
191 166 141 119 113 108 104 099 095 090 086 081 077 078 083 089 094 100 105 111 116 182 255 255 255 255 255 255 255 255 255 255 255 011 000 000 003 255 255 255 255 255 255 255 255 255 255 255 255 255 255 255 255 255 255 255 255 255 255 255 255 255 255 255 255 255 255 255 255 255 255 255 
255 255 255 255 255 255 255 255 255 255 255 255 255 255 255 255 255 255 255 255 255 255 255 255 255 255 255 255 255 255 255 255 245 030 030 030 034 255 255 255 255 255 255 255 255 255 255 255 255 255 255 255 255 255 255 255 255 255 255 255 255 255 255 255 255 255 255 255 255 255 255 255 
255 255 255 255 255 255 255 255 255 255 255 255 255 255 255 255 255 255 255 255 255 255 255 255 255 255 255 255 255 255 255 255 255 255 255 255 255 255 255 255 255 255 255 255 255 255 255 255 255 255 255 255 255 255 255 255 255 255 255 255 255 255 255 255 255 255 255 255 255 255 255 255 
255 255 255 255 255 255 255 255 255 255 255 255 255 255 255 255 255 255 255 255 255 255 255 255 255 255 255 255 255 255 255 255 255 255 255 255 255 255 255 255 255 255 255 255 255 255 255 255 255 255 255 255 255 255 255 255 255 255 255 255 255 255 255 255 255 255 255 255 255 255 255 255 
255 255 255 255 255 255 255 255 255 255 255 255 255 255 255 255 255 255 255 255 255 255 255 255 255 255 255 255 255 255 255 255 255 255 255 255 255 255 255 255 255 255 255 255 255 255 255 255 255 255 255 255 255 255 255 255 255 255 255 255 255 255 255 255 255 255 255 255 255 255 255 255 
