255 255 255 255 255 255 255 255 255 255 255 255 255 255 255 255 255 255 255 255 255 255 255 255 255 255 255 255 255 255 255 255 255 255 255 255 255 255 255 255 255 255 255 255 255 255 255 255 255 255 255 255 255 255 255 255 255 255 255 255 255 255 255 255 255 255 255 255 255 255 255 255 
255 255 255 255 255 255 255 255 255 255 255 255 255 255 255 255 255 255 255 255 255 255 255 255 255 255 255 255 255 255 255 255 255 255 255 255 255 255 255 255 255 255 255 255 255 255 255 255 255 255 255 255 255 255 255 255 255 255 255 255 255 255 255 255 255 255 255 255 255 255 255 255 
255 255 255 255 255 255 255 255 255 255 255 255 255 255 255 255 255 255 255 255 255 255 255 255 255 255 255 255 255 255 255 255 255 255 255 255 255 255 255 255 255 255 255 255 255 255 255 255 255 255 255 255 255 255 255 255 255 255 255 255 255 255 255 255 255 255 255 255 255 255 255 255 
255 255 255 255 255 255 255 255 255 255 255 255 255 255 255 255 255 255 255 255 255 255 255 255 255 255 255 255 255 255 255 255 255 255 255 255 255 255 255 255 255 255 255 255 255 255 255 255 255 255 255 255 255 255 255 255 255 255 255 255 255 255 255 255 255 255 255 255 255 255 255 255 
255 255 255 255 255 255 255 255 255 255 255 255 255 255 255 255 255 255 255 255 255 255 255 255 255 255 255 255 255 255 255 255 255 255 255 255 255 255 255 255 255 255 255 255 255 255 255 255 255 255 255 255 255 255 255 255 255 255 255 255 255 255 255 255 255 255 255 255 255 255 255 255 
255 255 255 255 255 255 255 255 255 255 255 255 255 255 255 255 255 255 255 255 255 255 255 255 255 255 255 255 255 255 255 255 255 255 255 255 255 255 255 255 255 255 255 255 255 255 255 255 255 255 255 255 255 255 255 255 255 255 255 255 255 255 255 255 255 255 255 255 255 255 255 255 
255 255 255 255 255 255 255 255 255 255 255 255 255 255 255 255 255 255 255 255 255 255 255 255 255 255 255 255 255 255 255 255 255 255 255 255 255 255 255 255 255 255 255 255 255 255 255 255 255 255 255 255 255 255 255 255 255 255 255 255 255 255 255 255 255 255 255 255 255 255 255 255 
255 255 255 255 255 255 255 255 255 255 255 255 255 255 255 255 255 255 255 255 255 255 255 255 255 255 255 255 255 255 255 255 255 255 255 255 255 255 255 255 255 255 255 255 255 255 255 255 255 255 255 255 255 255 255 255 255 255 255 255 255 255 255 255 255 255 255 255 255 255 255 255 
255 255 255 255 255 255 255 255 255 255 255 255 255 255 255 255 255 255 255 255 255 255 255 255 255 255 255 255 255 255 255 255 255 255 255 255 255 255 255 255 255 255 255 255 255 255 255 255 255 255 255 255 255 255 255 255 255 255 255 255 255 255 255 255 255 255 255 255 255 255 255 255 
255 255 255 255 255 255 255 255 255 255 255 255 255 255 255 255 255 255 255 255 255 255 255 255 255 255 255 255 255 255 255 255 255 255 255 255 255 255 255 255 255 255 255 255 255 255 255 255 255 255 255 255 255 255 255 255 255 255 255 255 255 255 255 255 255 255 255 255 255 255 255 255 
255 255 255 255 255 255 255 255 255 255 255 255 255 255 255 255 255 255 255 255 255 255 255 255 255 255 255 255 255 255 255 255 255 255 255 255 255 255 255 255 255 255 255 255 255 255 255 255 255 255 255 255 255 255 255 255 255 255 255 255 255 255 255 255 255 255 255 255 255 255 255 255 
255 255 255 255 255 255 255 255 255 255 255 255 255 255 255 255 255 255 255 255 255 255 255 255 255 255 255 255 255 255 255 255 255 255 255 255 255 255 255 255 255 255 255 255 255 255 255 255 255 255 255 255 255 255 255 255 255 255 255 255 255 255 255 255 255 255 255 255 255 255 255 255 
255 255 255 255 255 255 255 255 255 255 255 255 255 255 255 255 255 255 255 255 255 255 255 255 255 255 255 255 255 255 255 255 255 255 255 255 255 255 255 255 255 255 255 255 255 255 255 255 255 255 255 255 255 255 255 255 255 255 255 255 255 255 255 255 255 255 255 255 255 255 255 255 
255 255 255 255 255 255 255 255 255 255 255 255 255 255 255 255 255 255 255 255 255 255 255 255 255 255 255 255 255 255 255 255 255 255 255 255 255 255 255 255 255 255 255 255 255 255 255 255 255 255 255 255 255 255 255 255 255 255 255 255 255 255 255 255 255 255 255 255 255 255 255 255 
255 255 255 255 255 255 255 255 255 255 255 255 255 255 255 255 255 255 255 255 255 255 255 255 255 255 255 255 255 255 255 255 255 255 255 255 255 255 255 255 255 255 255 255 255 255 255 255 255 255 255 255 255 255 255 255 255 255 255 255 255 255 255 255 255 255 255 255 255 255 255 255 
255 255 255 255 255 255 255 255 255 255 255 255 255 255 255 255 255 255 255 255 255 255 255 255 255 255 255 255 255 255 255 255 255 255 255 255 255 255 255 255 255 255 255 255 255 255 255 255 255 255 255 255 255 255 255 255 255 255 255 255 255 255 255 255 255 255 255 255 255 255 255 255 
255 255 255 255 255 255 255 255 255 255 255 255 255 255 255 255 255 255 255 255 255 255 255 255 255 255 255 255 255 255 255 255 255 255 255 255 255 255 255 255 255 255 255 255 255 255 255 255 255 255 255 255 255 255 255 255 255 255 255 255 255 255 255 255 255 255 255 255 255 255 255 255 
255 255 255 255 255 255 255 255 255 255 255 255 255 255 255 255 255 255 255 255 255 255 255 255 255 255 255 255 255 255 255 255 255 255 255 255 255 255 255 255 255 255 255 255 255 255 255 255 255 255 255 255 255 255 255 255 255 255 255 255 255 255 255 255 255 255 255 255 255 255 255 255 
255 255 255 255 255 255 255 255 255 255 255 255 255 255 255 255 255 255 255 255 255 255 255 255 255 255 255 255 255 255 255 255 255 255 255 255 255 255 255 255 255 255 255 255 255 255 255 255 255 255 255 255 255 255 255 255 255 255 255 255 255 255 255 255 255 255 255 255 255 255 255 255 
255 255 255 255 255 255 255 255 255 255 255 255 255 255 255 255 255 255 255 255 255 255 255 255 255 255 255 255 255 255 255 255 255 255 255 255 255 255 255 255 255 255 255 255 255 255 255 255 255 255 255 255 255 255 255 255 255 255 255 255 255 255 255 255 255 255 255 255 255 255 255 255 
255 255 255 255 255 255 255 255 255 255 255 255 255 255 255 255 255 255 255 255 255 255 255 255 255 255 255 255 255 255 255 255 255 255 255 255 255 255 255 255 255 255 255 255 255 255 255 255 255 255 255 255 255 255 255 255 255 255 255 255 255 255 255 255 255 255 255 255 255 255 255 255 
255 255 255 255 255 255 255 255 255 255 255 255 255 255 255 255 255 255 255 255 255 255 255 255 255 255 255 255 255 255 255 255 255 255 255 255 255 255 255 255 255 255 255 255 255 255 255 255 255 255 255 255 255 255 255 255 255 255 255 255 255 255 255 255 255 255 255 255 255 255 255 255 
255 255 255 255 255 255 255 255 255 255 255 255 255 255 255 255 255 255 255 255 255 255 255 255 255 255 255 255 255 255 255 255 255 255 255 255 255 255 255 255 255 255 255 255 255 255 255 255 255 255 255 255 255 255 255 255 255 255 255 255 255 255 255 255 255 255 255 255 255 255 255 255 
255 255 255 255 255 255 255 255 255 255 255 255 255 255 255 255 255 255 255 255 255 255 255 255 255 255 255 255 255 255 255 255 255 255 255 255 255 255 255 255 255 255 255 255 255 255 255 255 255 255 255 255 255 255 255 255 255 255 255 255 255 255 255 255 255 255 255 255 255 255 255 255 
255 255 255 255 255 255 255 255 255 255 255 255 255 255 255 255 255 255 255 255 255 255 255 255 255 255 255 255 255 255 255 255 255 255 255 255 255 255 255 255 255 255 255 255 255 255 255 255 255 255 255 255 255 255 255 255 255 255 255 255 255 255 255 255 255 255 255 255 255 255 255 255 
255 255 255 255 255 255 255 255 255 255 255 255 255 255 255 255 255 227 053 190 255 255 255 255 255 255 255 255 255 255 255 255 255 255 255 255 255 255 255 255 255 255 255 255 255 255 255 255 255 255 255 255 255 255 255 255 255 255 255 255 255 255 254 255 255 255 255 255 255 255 255 255 
255 255 255 255 255 255 255 255 255 255 255 255 255 255 255 255 255 144 000 000 049 141 246 255 255 255 255 255 255 255 255 255 255 255 255 255 255 255 255 255 255 255 255 255 255 255 255 255 255 255 255 255 255 255 255 255 255 255 255 255 255 238 030 128 225 255 255 255 255 255 255 255 
170 159 136 113 135 255 255 255 255 255 255 255 255 255 255 255 255 060 000 000 000 069 241 255 255 255 255 234 241 255 255 255 255 255 255 255 255 255 255 255 255 255 255 255 255 255 255 250 230 251 255 255 255 255 255 255 255 255 255 255 255 162 000 000 000 022 093 255 255 228 109 133 
000 000 000 000 087 255 255 255 255 255 255 255 255 255 255 255 230 002 000 000 023 242 255 255 255 255 255 077 000 005 024 044 052 054 055 057 059 061 062 061 060 059 058 057 052 032 013 000 000 235 255 255 255 255 255 255 255 255 255 255 255 082 000 000 000 048 232 255 255 211 000 000 
000 000 000 000 112 255 255 255 255 255 255 255 255 255 255 255 148 000 000 000 154 255 255 255 255 255 255 077 000 000 000 000 000 000 000 000 000 000 000 000 000 000 000 000 000 000 000 000 003 253 255 255 255 255 255 255 255 255 255 255 245 011 000 000 003 204 255 255 255 211 000 000 
073 000 000 000 137 255 255 255 255 255 255 255 255 255 255 255 064 000 000 046 253 255 255 255 255 255 255 077 000 000 000 000 000 000 000 000 000 000 000 000 000 000 000 000 000 000 000 000 019 255 255 255 255 255 255 255 255 255 255 255 166 000 000 000 113 255 255 255 255 217 046 068 
230 000 000 000 163 255 255 255 255 255 255 255 255 255 255 210 000 000 000 187 255 255 255 246 255 255 255 077 000 000 132 209 209 209 209 209 011 000 000 185 209 209 209 209 209 114 000 000 023 255 255 255 255 255 255 255 255 255 255 255 074 000 000 032 244 255 255 255 255 255 255 255 
208 000 000 000 190 255 255 255 255 255 255 255 255 255 255 093 000 000 075 255 255 255 255 058 157 255 255 077 000 000 161 255 255 255 255 255 013 000 000 225 255 255 255 255 255 139 000 000 025 255 255 255 255 255 255 255 255 255 255 233 004 000 000 182 255 255 255 255 255 255 255 255 
185 000 000 000 228 255 255 255 255 255 255 255 255 255 225 004 000 004 215 255 255 255 201 000 000 090 223 077 000 000 161 255 255 255 255 255 013 000 000 225 255 255 255 255 255 139 000 000 027 255 255 255 255 255 255 255 255 255 255 145 000 000 076 255 255 255 253 255 255 255 255 096 
141 000 000 011 255 255 255 255 255 255 255 255 255 255 111 000 000 107 255 255 255 255 078 000 000 000 082 077 000 000 161 255 255 255 255 255 013 000 000 225 255 255 255 255 255 139 000 000 029 255 255 255 255 255 255 255 255 255 254 045 000 005 217 255 255 255 091 193 255 255 255 124 
090 000 000 048 255 255 255 255 255 255 255 255 255 237 011 000 016 236 255 255 255 200 000 000 000 076 253 077 000 000 161 255 058 067 081 090 005 000 000 081 083 072 048 204 255 139 000 000 031 255 255 255 255 255 255 255 255 255 170 000 000 112 255 255 255 243 006 000 089 216 255 202 
035 000 000 086 255 255 255 255 255 255 255 255 255 093 000 000 140 255 255 255 255 068 000 000 017 230 255 077 000 000 161 255 018 000 000 000 000 000 000 000 000 000 000 196 255 139 000 000 032 255 255 255 255 255 255 255 255 253 042 000 019 239 255 255 255 167 000 000 000 000 166 250 
000 000 000 126 255 255 255 255 255 255 255 255 159 000 000 008 147 133 113 093 070 000 000 000 163 255 255 077 000 000 161 255 020 021 036 048 003 000 000 044 039 026 005 196 255 139 000 000 032 255 255 255 255 255 255 255 254 104 000 000 148 255 255 255 255 059 000 000 000 168 255 255 
000 000 000 189 255 255 255 255 255 255 255 204 005 000 000 000 000 000 000 000 000 000 000 078 255 255 255 077 000 000 161 255 252 255 255 255 013 000 000 225 255 255 254 253 255 139 000 000 032 255 255 255 255 255 255 255 081 000 000 029 210 200 187 174 143 000 000 000 103 255 255 252 
000 000 062 255 255 255 255 255 255 255 255 250 030 000 000 000 000 000 000 000 000 000 018 231 255 255 255 077 000 000 161 255 255 255 255 255 013 000 000 225 255 255 255 255 255 139 000 000 032 255 255 255 255 255 255 255 096 000 000 000 000 000 000 000 000 000 000 042 246 213 103 022 
041 129 247 255 255 255 255 255 255 255 255 255 104 000 034 083 126 166 199 029 000 000 164 255 255 255 255 077 000 000 161 255 255 255 255 255 013 000 000 225 255 255 255 255 255 139 000 000 032 255 255 255 255 255 255 255 156 000 000 000 000 000 000 000 000 000 008 210 255 237 027 000 
255 255 255 255 255 255 255 255 255 255 255 255 208 210 255 255 255 255 139 000 000 079 255 255 255 255 255 077 000 000 161 243 201 225 237 247 013 000 000 220 241 233 220 199 245 139 000 000 032 255 255 255 255 255 255 255 191 026 079 104 126 146 160 013 000 000 148 255 255 255 158 000 
115 093 063 047 255 255 255 255 255 255 255 255 255 255 255 255 255 232 014 000 018 231 255 255 255 255 255 077 000 000 161 207 000 000 000 000 000 000 000 000 000 000 000 000 217 139 000 000 032 255 255 255 255 255 255 255 250 255 255 255 255 255 129 000 000 072 255 255 255 255 252 101 
000 000 000 040 255 255 255 255 255 255 255 255 255 255 255 255 255 087 000 000 165 255 255 255 255 255 255 077 000 000 161 207 000 000 000 000 000 000 000 000 000 000 000 000 217 139 000 000 032 255 255 255 255 255 255 255 255 255 255 255 255 218 007 000 011 224 255 255 255 255 255 255 
000 000 000 065 255 255 255 255 255 255 255 255 255 255 255 255 136 000 000 080 255 255 255 255 255 255 255 074 000 000 162 218 068 089 105 110 114 119 118 114 110 105 088 067 226 139 000 000 032 255 255 255 255 255 255 255 255 255 255 255 255 066 000 000 143 255 255 255 255 255 255 255 
029 000 000 076 255 255 255 255 255 255 255 255 255 255 255 178 002 000 019 232 255 255 255 255 255 255 255 070 000 000 165 255 255 255 255 255 255 255 255 255 255 255 255 255 255 139 000 000 032 255 255 255 255 255 255 255 255 255 255 255 158 000 000 054 253 255 255 255 255 255 255 255 
057 000 000 082 255 255 255 255 255 255 255 255 255 255 178 013 000 000 166 249 228 204 168 132 160 255 255 066 000 000 169 255 255 255 255 255 255 255 255 255 255 255 255 255 255 139 000 000 032 255 255 255 255 255 255 255 255 255 255 208 009 000 004 209 255 255 255 255 255 255 255 242 
057 000 000 089 255 255 255 255 255 255 255 255 241 112 001 000 000 000 015 000 000 000 000 000 101 255 255 061 000 000 173 255 232 136 165 175 178 182 180 176 173 152 162 255 255 139 000 000 032 255 255 255 255 255 255 255 255 255 237 033 000 000 121 255 255 255 255 255 255 215 121 016 
057 000 000 089 255 255 255 255 255 255 255 255 223 002 000 000 000 000 000 000 000 000 000 000 099 255 255 033 000 000 187 255 220 000 000 000 000 000 000 000 000 000 080 255 255 139 000 000 032 255 255 255 255 255 255 255 255 243 068 000 000 037 247 255 255 255 252 223 228 108 000 000 
057 000 000 084 255 255 255 255 255 255 255 255 255 058 000 000 000 000 014 037 061 084 108 131 189 255 251 004 000 000 217 255 231 000 000 000 000 000 000 000 000 000 096 255 255 139 000 000 032 255 255 255 255 255 255 255 201 037 000 000 000 057 088 072 055 032 004 000 214 255 158 005 
027 000 000 078 255 255 255 255 255 255 255 255 255 120 099 164 204 240 255 255 255 255 255 255 255 255 222 000 000 000 247 255 237 000 000 060 178 178 178 162 000 000 105 255 255 139 000 000 032 255 255 255 255 255 255 255 228 004 000 000 000 000 000 000 000 000 000 002 254 255 255 175 
000 000 000 065 255 255 255 255 255 255 255 255 255 255 255 255 255 255 255 255 255 255 255 255 255 255 188 000 000 021 255 255 238 000 000 086 255 255 255 231 000 000 106 255 255 139 000 000 032 255 255 255 255 255 255 255 255 074 000 000 000 000 000 000 000 000 004 028 245 255 255 255 
000 000 000 037 255 255 255 255 255 255 255 255 255 255 255 255 255 255 255 255 255 255 255 255 255 255 155 000 000 051 255 255 240 000 000 086 255 255 255 231 000 000 108 255 255 139 000 000 032 255 255 255 255 255 255 255 255 152 009 065 097 126 153 180 206 232 253 255 255 255 237 126 
158 140 113 095 255 255 255 255 255 255 255 255 255 255 255 255 255 255 255 255 255 255 218 159 229 255 115 000 000 081 255 255 241 000 000 086 255 255 255 231 000 000 108 255 255 139 000 000 032 255 255 255 255 255 255 255 255 240 246 255 255 255 255 255 255 255 255 255 255 255 255 159 
255 255 255 255 255 255 255 255 255 255 255 255 255 255 255 255 255 236 190 140 081 022 000 000 232 254 032 000 000 131 255 255 237 000 000 086 255 255 255 231 000 000 106 255 255 139 000 000 032 255 255 255 255 255 255 255 255 255 255 255 255 255 255 255 255 255 255 255 255 255 255 255 
239 150 216 255 255 255 255 255 255 255 255 219 188 164 118 072 026 000 000 000 000 000 000 000 248 195 000 000 000 207 255 255 233 000 000 067 197 197 197 179 000 000 105 255 255 139 000 000 032 255 255 255 255 255 255 255 255 255 255 255 255 255 255 255 255 255 251 200 137 220 255 255 
008 000 070 255 255 255 255 255 255 255 255 126 000 000 000 000 000 000 000 000 000 000 001 037 239 104 000 000 028 255 255 255 227 000 000 000 000 000 000 000 000 000 099 255 255 139 000 000 032 255 255 255 255 255 255 255 255 255 255 255 255 255 233 186 131 068 011 000 000 239 255 255 
000 000 000 175 255 255 255 255 255 255 255 202 000 000 000 000 000 000 019 091 144 194 242 255 250 019 000 000 102 255 255 255 213 000 000 000 000 000 000 000 000 000 083 255 255 139 000 000 032 255 255 255 255 255 255 250 218 198 166 118 071 024 000 000 000 000 000 000 001 254 251 131 
000 000 000 032 245 255 255 255 255 255 255 254 020 000 000 028 108 189 251 255 255 255 255 255 131 000 000 000 179 255 255 255 221 105 131 141 147 152 152 151 149 131 148 255 255 139 000 000 032 255 255 255 255 255 255 238 008 000 000 000 000 000 000 000 000 000 000 024 092 249 255 229 
029 000 000 000 107 255 255 255 255 255 255 255 084 091 201 254 255 255 255 255 255 255 255 208 005 000 000 041 252 255 255 255 255 255 255 255 255 255 255 255 255 255 255 255 255 135 000 000 032 255 255 255 255 255 255 255 089 000 000 000 000 000 000 011 074 142 211 255 255 255 255 255 
145 000 000 000 001 186 255 255 255 255 255 255 249 255 255 255 255 255 255 255 255 255 249 046 000 000 000 171 255 255 255 255 255 255 255 255 255 255 255 255 255 255 255 255 235 053 000 000 033 255 255 255 255 255 255 255 168 000 000 000 013 091 175 247 255 255 255 255 255 255 255 255 
242 013 000 000 000 028 239 255 255 255 255 255 255 255 255 255 255 255 255 255 255 255 115 000 000 000 051 254 255 255 255 255 255 255 255 255 255 255 255 255 255 100 050 035 008 000 000 000 039 255 255 255 255 255 255 255 213 001 081 177 248 255 255 255 255 255 255 255 255 255 255 255 
255 107 000 000 019 131 242 255 255 255 255 255 255 255 255 255 255 255 255 255 255 139 000 000 000 000 185 255 255 255 255 255 255 255 255 255 255 255 255 255 255 204 000 000 000 000 000 000 079 255 255 255 255 255 255 255 251 202 255 255 255 255 255 255 255 255 255 255 255 255 185 130 
255 215 025 139 244 255 255 255 255 255 255 255 255 255 255 255 255 255 255 255 251 154 073 002 000 093 255 255 255 255 255 255 255 255 255 255 255 255 255 255 255 255 051 000 000 000 000 003 165 255 255 255 255 255 255 255 255 255 255 255 255 255 255 255 255 255 255 255 255 255 230 019 
255 255 250 255 255 255 255 255 255 255 255 255 255 255 255 255 255 255 255 255 255 255 255 221 103 242 255 255 255 255 255 255 255 255 255 255 255 255 255 255 255 255 127 000 015 059 109 192 255 255 255 255 255 255 255 255 255 255 255 255 255 255 255 255 255 255 255 255 255 255 255 159 
255 255 255 255 255 255 255 255 255 255 255 255 255 255 255 255 255 255 255 255 255 255 255 255 255 255 255 255 255 255 255 255 255 255 255 255 255 255 255 255 255 255 244 244 255 255 255 255 255 255 255 255 255 255 255 255 255 255 255 255 255 255 255 255 255 255 255 255 255 255 255 253 
255 255 255 255 255 255 255 255 255 255 255 255 255 255 255 255 255 255 255 255 255 255 255 255 255 255 255 255 255 255 255 255 255 255 255 255 255 255 255 255 255 255 255 255 255 255 255 255 255 255 255 255 255 255 255 255 255 255 255 255 255 255 255 255 255 255 255 255 255 255 255 255 
255 255 255 255 255 255 255 255 255 255 255 255 255 255 255 255 255 255 255 255 255 255 255 255 255 255 255 255 255 255 255 255 255 255 255 255 255 255 255 255 255 255 255 255 255 255 255 255 255 255 255 255 255 255 255 255 255 255 255 255 255 255 255 255 255 255 255 255 255 255 255 255 
255 255 255 255 255 255 255 255 255 255 255 255 255 255 255 255 255 255 255 255 255 255 255 255 255 255 255 255 255 255 255 255 255 255 255 255 255 255 255 255 255 255 255 255 255 255 255 255 255 255 255 255 255 255 255 255 255 255 255 255 255 255 255 255 255 255 255 255 255 255 255 255 
255 255 255 255 255 255 255 255 255 255 255 255 255 255 255 255 255 255 255 255 255 255 255 255 255 255 255 255 255 255 255 255 255 255 255 255 255 255 255 255 255 255 255 255 255 255 255 255 255 255 255 255 255 255 255 255 255 255 255 255 255 255 255 255 255 255 255 255 255 255 255 255 
255 255 255 255 255 255 255 255 255 255 255 255 255 255 255 255 255 255 255 255 255 255 255 255 255 255 255 255 255 255 255 255 255 255 255 255 255 255 255 255 255 255 255 255 255 255 255 255 255 255 255 255 255 255 255 255 255 255 255 255 255 255 255 255 255 255 255 255 255 255 255 255 
255 255 255 255 255 255 255 255 255 255 255 255 255 255 255 255 255 255 255 255 255 255 255 255 255 255 255 255 255 255 255 255 255 255 255 255 255 255 255 255 255 255 255 255 255 255 255 255 255 255 255 255 255 255 255 255 255 255 255 255 255 255 255 255 255 255 255 255 255 255 255 255 
255 255 255 255 255 255 255 255 255 255 255 255 255 255 255 255 255 255 255 255 255 255 255 255 255 255 255 255 255 255 255 255 255 255 255 255 255 255 255 255 255 255 255 255 255 255 255 255 255 255 255 255 255 255 255 255 255 255 255 255 255 255 255 255 255 255 255 255 255 255 255 255 
255 255 255 255 255 255 255 255 255 255 255 255 255 255 255 255 255 255 255 255 255 255 255 255 255 255 255 255 255 255 255 255 255 255 255 255 255 255 255 255 255 255 255 255 255 255 255 255 255 255 255 255 255 255 255 255 255 255 255 255 255 255 255 255 255 255 255 255 255 255 255 255 
255 255 255 255 255 255 255 255 255 255 255 255 255 255 255 255 255 255 255 255 255 255 255 255 255 255 255 255 255 255 255 255 255 255 255 255 255 255 255 255 255 255 255 255 255 255 255 255 255 255 255 255 255 255 255 255 255 255 255 255 255 255 255 255 255 255 255 255 255 255 255 255 
255 255 255 255 255 255 255 255 255 255 255 255 255 255 255 255 255 255 255 255 255 255 255 255 255 255 255 255 255 255 255 255 255 255 255 255 255 255 255 255 255 255 255 255 255 255 255 255 255 255 255 255 255 255 255 255 255 255 255 255 255 255 255 255 255 255 255 255 255 255 255 255 
255 255 255 255 255 255 255 255 255 255 255 255 255 255 255 255 255 255 255 255 255 255 255 255 255 255 255 255 255 255 255 255 255 255 255 255 255 255 255 255 255 255 255 255 255 255 255 255 255 255 255 255 255 255 255 255 255 255 255 255 255 255 255 255 255 255 255 255 255 255 255 255 
255 255 255 255 255 255 255 255 255 255 255 255 255 255 255 255 255 255 255 255 255 255 255 255 255 255 255 255 255 255 255 255 255 255 255 255 255 255 255 255 255 255 255 255 255 255 255 255 255 255 255 255 255 255 255 255 255 255 255 255 255 255 255 255 255 255 255 255 255 255 255 255 
255 255 255 255 255 255 255 255 255 255 255 255 255 255 255 255 255 255 255 255 255 255 255 255 255 255 255 255 255 255 255 255 255 255 255 255 255 255 255 255 255 255 255 255 255 255 255 255 255 255 255 255 255 255 255 255 255 255 255 255 255 255 255 255 255 255 255 255 255 255 255 255 
255 255 255 255 255 255 255 255 255 255 255 255 255 255 255 255 255 255 255 255 255 255 255 255 255 255 255 255 255 255 255 255 255 255 255 255 255 255 255 255 255 255 255 255 255 255 255 255 255 255 255 255 255 255 255 255 255 255 255 255 255 255 255 255 255 255 255 255 255 255 255 255 
255 255 255 255 255 255 255 255 255 255 255 255 255 255 255 255 255 255 255 255 255 255 255 255 255 255 255 255 255 255 255 255 255 255 255 255 255 255 255 255 255 255 255 255 255 255 255 255 255 255 255 255 255 255 255 255 255 255 255 255 255 255 255 255 255 255 255 255 255 255 255 255 
255 255 255 255 255 255 255 255 255 255 255 255 255 255 255 255 255 255 255 255 255 255 255 255 255 255 255 255 255 255 255 255 255 255 255 255 255 255 255 255 255 255 255 255 255 255 255 255 255 255 255 255 255 255 255 255 255 255 255 255 255 255 255 255 255 255 255 255 255 255 255 255 
255 255 255 255 255 255 255 255 255 255 255 255 255 255 255 255 255 255 255 255 255 255 255 255 255 255 255 255 255 255 255 255 255 255 255 255 255 255 255 255 255 255 255 255 255 255 255 255 255 255 255 255 255 255 255 255 255 255 255 255 255 255 255 255 255 255 255 255 255 255 255 255 
255 255 255 255 255 255 255 255 255 255 255 255 255 255 255 255 255 255 255 255 255 255 255 255 255 255 255 255 255 255 255 255 255 255 255 255 255 255 255 255 255 255 255 255 255 255 255 255 255 255 255 255 255 255 255 255 255 255 255 255 255 255 255 255 255 255 255 255 255 255 255 255 
255 255 255 255 255 255 255 255 255 255 255 255 255 255 255 255 255 255 255 255 255 255 255 255 255 255 255 255 255 255 255 255 255 255 255 255 255 255 255 255 255 255 255 255 255 255 255 255 255 255 255 255 255 255 255 255 255 255 255 255 255 255 255 255 255 255 255 255 255 255 255 255 
255 255 255 255 255 255 255 255 255 255 255 255 255 255 255 255 255 255 255 255 255 255 255 255 255 255 255 255 255 255 255 255 255 255 255 255 255 255 255 255 255 255 255 255 255 255 255 255 255 255 255 255 255 255 255 255 255 255 255 255 255 255 255 255 255 255 255 255 255 255 255 255 
255 255 255 255 255 255 255 255 255 255 255 255 255 255 255 255 255 255 255 255 255 255 255 255 255 255 255 255 255 255 255 255 255 255 255 255 255 255 255 255 255 255 255 255 255 255 255 255 255 255 255 255 255 255 255 255 255 255 255 255 255 255 255 255 255 255 255 255 255 255 255 255 
255 255 255 255 255 255 255 255 255 255 255 255 255 255 255 255 255 255 255 255 255 255 255 255 255 255 255 255 255 255 255 255 255 255 255 255 255 255 255 255 255 255 255 255 255 255 255 255 255 255 255 255 255 255 255 255 255 255 255 255 255 255 255 255 255 255 255 255 255 255 255 255 
255 255 255 255 255 255 255 255 255 255 255 255 255 255 255 255 255 255 255 255 255 255 255 255 255 255 255 255 255 255 255 255 255 255 255 255 255 255 255 255 255 255 255 255 255 255 255 255 255 255 255 255 255 255 255 255 255 255 255 255 255 255 255 255 255 255 255 255 255 255 255 255 
255 255 255 255 255 255 255 255 255 255 255 255 255 255 255 255 255 255 255 255 255 255 255 255 255 255 255 255 255 255 255 255 255 255 255 255 255 255 255 255 255 255 255 255 255 255 255 255 255 255 255 255 255 255 255 255 255 255 255 255 255 255 255 255 255 255 255 255 255 255 255 255 
255 255 255 255 255 255 255 255 255 255 255 255 255 255 255 255 255 255 255 255 255 255 255 255 255 255 255 255 255 255 255 255 255 255 255 255 255 255 255 255 255 255 255 255 255 255 255 255 255 255 255 255 255 255 255 255 255 255 255 255 255 255 255 255 255 255 255 255 255 255 255 255 
255 255 255 255 255 255 255 255 255 255 255 255 255 255 255 255 255 255 255 255 255 255 255 255 255 255 255 255 255 255 255 255 255 255 255 255 255 255 255 255 255 255 255 255 255 255 255 255 255 255 255 255 255 255 255 255 255 255 255 255 255 255 255 255 255 255 255 255 255 255 255 255 
255 255 255 255 255 255 255 255 255 255 255 255 255 255 255 255 255 255 255 255 255 255 255 255 255 255 255 255 255 255 255 255 255 255 255 255 255 255 255 255 255 255 255 255 255 255 255 255 255 255 255 255 255 255 255 255 255 255 255 255 255 255 255 255 255 255 255 255 255 255 255 255 
255 255 255 255 255 255 255 255 255 255 255 255 255 255 255 255 255 255 255 255 255 255 255 255 255 255 255 255 255 255 255 255 255 255 255 255 255 255 255 255 255 255 255 255 255 255 255 255 207 255 255 255 255 255 255 255 255 255 255 255 255 255 255 255 255 255 255 255 255 255 255 255 
255 255 255 255 255 255 255 255 255 255 255 255 255 255 255 255 255 255 255 255 255 255 255 255 255 255 255 255 255 255 255 255 255 255 255 255 255 255 255 255 255 255 255 255 255 255 255 219 000 054 133 177 229 255 255 255 255 255 255 255 255 255 255 255 255 255 255 255 255 255 255 255 
255 255 255 255 255 255 255 255 255 255 255 255 255 255 255 255 255 255 255 255 255 255 255 255 255 255 255 255 255 255 255 255 255 255 255 255 255 255 255 255 255 255 255 255 255 255 255 164 000 000 000 000 086 255 255 255 255 255 255 255 255 255 255 255 255 255 255 255 255 255 255 255 
255 255 255 255 255 255 255 255 255 255 255 255 255 255 255 255 255 255 255 255 255 255 255 255 255 255 255 255 255 255 255 255 255 255 255 255 255 255 255 255 255 255 255 255 255 255 255 109 000 000 000 039 241 255 255 255 255 255 255 255 255 255 255 255 255 255 255 255 255 255 255 255 
255 255 255 255 255 255 255 255 255 255 255 255 255 255 255 255 255 255 255 255 255 255 255 255 255 255 255 255 255 255 255 255 255 255 255 255 255 255 255 255 255 255 255 255 255 255 255 050 000 000 000 173 255 143 034 050 066 083 099 102 103 104 104 105 105 106 107 106 106 105 105 104 
255 255 255 255 255 255 255 255 255 255 255 255 255 255 255 255 255 255 255 255 255 255 255 255 255 255 255 255 255 255 255 255 255 255 255 255 255 255 255 255 255 255 255 255 255 255 222 000 000 000 031 252 255 132 000 000 000 000 000 000 000 000 000 000 000 000 000 000 000 000 000 000 
255 255 255 255 255 255 255 255 255 255 255 255 255 255 255 255 255 255 255 255 255 255 255 255 255 255 255 255 255 255 255 255 255 255 255 255 255 255 255 255 255 255 255 255 255 255 135 000 000 000 137 255 255 132 000 000 000 000 000 000 000 000 000 000 000 000 000 000 000 000 000 000 
255 255 255 255 255 255 255 255 255 255 255 255 255 255 255 255 255 255 255 255 255 255 255 255 255 255 255 255 255 255 255 255 255 255 255 255 255 255 255 255 255 255 255 255 255 255 047 000 000 010 238 255 255 143 033 047 062 076 091 105 114 114 114 113 113 112 112 111 111 110 110 107 
255 255 255 255 255 255 255 255 255 255 255 255 255 255 255 255 255 255 255 255 255 255 255 255 255 255 255 255 255 255 255 255 255 255 255 255 255 255 255 255 255 255 255 255 255 214 000 000 000 101 255 255 255 255 255 255 255 255 255 255 255 255 255 255 255 255 255 255 255 255 255 250 
255 255 255 255 255 255 255 255 255 255 255 255 255 255 255 255 255 255 255 255 255 255 255 255 255 255 255 255 255 255 255 255 255 255 255 255 255 255 255 255 255 255 255 255 255 110 000 000 000 189 255 255 255 255 255 255 255 255 255 255 255 255 255 255 255 255 255 255 255 255 255 250 
255 255 255 255 255 255 255 255 255 255 255 255 255 255 255 255 255 255 255 255 255 255 255 255 255 255 255 255 255 255 255 255 255 255 255 255 255 255 255 255 255 255 255 255 244 015 000 000 000 196 255 255 255 255 255 255 255 255 255 255 255 255 255 255 255 255 255 255 255 255 255 250 
137 124 112 156 255 255 255 255 255 255 255 255 255 255 255 255 255 255 255 255 255 255 255 255 255 255 255 255 255 255 255 255 255 255 255 255 255 255 255 255 255 255 255 255 151 000 000 000 000 196 255 255 255 255 255 255 255 255 255 255 255 255 255 255 255 255 255 255 255 255 255 250 
000 000 000 089 255 255 255 255 255 255 255 255 255 255 255 255 255 255 255 255 255 255 255 255 255 255 255 255 255 255 255 255 255 255 255 255 255 255 255 255 255 255 255 242 026 000 000 000 000 196 255 255 255 255 247 253 255 255 255 255 255 255 255 255 255 255 251 250 255 255 255 250 
000 000 000 089 255 255 255 255 255 255 255 255 255 255 255 255 255 255 255 255 255 255 255 255 255 255 255 255 255 255 255 255 255 255 255 255 255 255 255 255 255 255 255 113 000 000 000 000 000 196 255 255 255 255 126 003 016 018 019 020 022 022 022 022 022 020 002 198 255 255 255 250 
000 000 000 089 255 255 255 255 255 255 255 255 255 255 255 255 255 255 255 255 255 255 255 255 255 255 255 255 255 255 255 255 255 255 255 255 255 255 255 255 255 255 211 004 000 000 000 000 000 196 255 255 255 255 149 000 000 000 000 000 000 000 000 000 000 000 000 219 255 255 255 250 
193 180 167 191 255 255 255 255 255 255 255 255 255 255 255 255 255 255 255 255 255 255 255 255 255 255 255 255 255 255 255 255 255 255 255 255 255 255 255 255 255 255 061 000 000 000 000 000 000 196 255 255 255 255 153 000 000 000 005 005 005 005 005 004 000 000 000 222 255 255 255 250 
255 255 255 255 255 255 255 255 255 255 255 255 255 255 255 255 255 255 255 255 255 255 255 255 255 255 255 255 255 255 255 255 255 255 255 255 255 255 255 255 255 142 000 000 000 025 000 000 000 196 255 255 255 255 156 000 000 038 255 255 255 255 255 192 000 000 000 224 255 255 255 250 
255 255 255 255 255 255 255 255 255 255 255 255 255 255 255 255 255 255 255 255 255 255 255 255 255 255 255 255 255 255 255 255 255 255 255 255 255 255 255 255 176 002 000 000 004 156 000 000 000 196 255 255 255 255 156 000 000 038 255 255 255 255 255 192 000 000 000 224 255 255 255 250 
255 255 255 255 255 255 255 255 255 255 255 255 255 255 255 255 255 255 255 255 255 255 255 255 255 255 255 255 255 255 255 255 255 255 255 255 255 255 255 255 140 003 000 000 108 197 000 000 000 196 255 255 255 255 156 000 000 038 255 255 255 255 255 192 000 000 000 224 255 255 255 250 
255 255 255 255 255 255 255 255 255 255 255 255 255 255 255 255 255 255 255 255 255 255 255 255 255 255 255 255 255 255 255 255 255 255 255 255 255 255 255 255 255 163 002 025 239 197 000 000 000 196 255 255 255 255 156 000 000 038 255 255 255 255 255 192 000 000 000 224 255 255 255 250 
255 255 255 255 255 255 255 255 255 255 255 255 255 255 255 255 255 255 255 255 255 255 255 255 255 255 255 255 255 255 255 255 255 255 255 255 255 255 255 255 255 255 135 175 255 197 000 000 000 196 255 255 255 255 156 000 000 038 255 255 255 255 255 192 000 000 000 224 255 255 255 250 
255 255 255 255 255 255 255 255 255 255 255 255 255 255 255 255 255 255 255 255 255 255 255 255 255 255 255 255 255 255 255 255 255 255 255 255 255 255 255 255 255 255 254 255 255 197 000 000 000 196 255 255 255 255 156 000 000 038 255 255 255 255 255 192 000 000 000 224 255 255 255 250 
255 255 255 255 255 255 255 255 255 255 255 255 255 255 255 255 255 255 255 255 255 255 255 255 255 255 255 255 255 255 255 255 255 255 255 255 255 255 255 255 255 255 255 255 255 197 000 000 000 196 255 255 255 255 156 000 000 038 255 255 255 255 255 192 000 000 000 224 255 255 255 250 
255 255 255 255 255 255 255 255 255 255 255 255 255 255 255 255 255 255 255 255 255 255 255 255 255 255 255 255 255 255 255 255 255 255 255 255 255 255 255 255 255 255 255 255 255 197 000 000 000 196 255 255 255 255 156 000 000 038 255 255 255 255 255 192 000 000 000 224 255 255 255 250 
255 255 255 255 255 255 255 255 255 255 255 255 255 255 255 255 255 255 255 255 255 255 255 255 255 255 255 255 255 255 255 255 255 255 255 255 255 255 255 255 255 255 255 255 255 197 000 000 000 196 255 255 255 255 156 000 000 038 255 255 255 255 255 192 000 000 000 224 255 255 255 250 
255 255 255 255 255 255 255 255 255 255 255 255 255 255 255 255 255 255 255 255 255 255 255 255 255 255 255 255 255 255 255 255 255 255 255 255 255 255 255 255 255 255 255 255 255 197 000 000 000 196 255 255 255 255 156 000 000 031 209 209 209 209 209 158 000 000 000 224 255 255 255 250 
255 255 255 255 255 255 255 255 255 255 255 255 255 255 255 255 255 255 255 255 255 255 255 255 255 255 255 255 255 255 255 255 255 255 255 255 255 255 255 255 255 255 255 255 255 197 000 000 000 196 255 255 255 255 156 000 000 000 000 000 000 000 000 000 000 000 000 224 255 255 255 250 
255 255 255 255 255 255 255 255 255 255 255 255 255 255 255 255 255 255 255 255 255 255 255 255 255 255 255 255 255 255 255 255 255 255 255 255 255 255 255 255 255 255 255 255 255 197 000 000 000 196 255 255 255 255 156 000 000 000 000 000 000 000 000 000 000 000 000 222 255 255 255 250 
115 229 255 255 255 255 255 255 255 255 255 255 255 255 255 255 255 255 255 255 255 255 255 255 255 255 255 255 255 255 255 255 255 255 255 255 255 255 255 255 255 255 255 255 255 197 000 000 000 196 255 255 255 255 154 000 000 014 096 096 096 096 096 073 000 000 000 219 255 255 255 250 
000 007 101 184 243 255 255 255 255 255 255 255 255 255 255 255 255 255 255 255 255 255 255 255 255 255 255 255 255 255 255 255 255 255 255 255 255 255 255 255 255 255 255 255 255 197 000 000 000 196 255 255 255 255 152 000 000 038 255 255 255 255 255 192 000 000 000 206 255 255 255 250 
000 000 000 000 006 193 255 255 255 255 255 255 248 218 194 169 144 120 185 255 255 255 255 255 255 255 255 255 255 255 255 255 255 255 255 255 255 255 255 255 255 255 255 255 255 197 000 000 000 196 255 255 255 255 149 000 000 038 255 255 255 255 255 192 000 000 000 183 255 255 255 250 
000 000 000 000 148 255 255 255 255 255 255 255 134 000 000 000 000 000 207 255 255 255 255 255 255 255 255 255 255 255 255 255 255 255 255 255 255 255 255 255 255 255 255 255 255 195 000 000 000 196 255 255 255 255 137 000 000 038 255 255 255 255 255 215 091 091 091 197 255 255 255 250 
000 000 000 097 255 255 255 255 255 255 255 255 094 000 000 000 000 036 255 255 255 255 255 255 255 255 255 255 255 255 255 255 255 255 255 255 255 255 255 255 255 255 255 255 255 189 000 000 000 196 255 255 255 255 123 000 000 038 255 255 255 255 255 255 255 255 255 255 255 255 255 250 
021 000 045 246 255 255 255 255 255 255 255 255 052 000 000 000 000 128 255 255 255 255 255 255 255 255 255 255 255 255 255 255 255 255 255 255 255 255 255 255 255 255 255 255 255 183 000 000 000 196 255 255 255 255 194 143 143 161 255 255 255 255 255 255 255 255 255 255 255 255 255 250 
237 102 190 255 255 255 255 255 255 255 255 246 005 000 000 000 005 230 255 255 255 255 255 255 255 255 255 255 255 255 255 255 255 255 255 255 255 255 255 255 255 255 255 255 255 178 000 000 000 196 255 255 255 255 255 255 255 255 255 255 255 255 255 255 255 255 255 255 255 255 255 229 
255 255 255 255 255 255 255 255 255 255 255 194 000 000 000 000 087 255 255 255 255 255 255 255 255 255 255 255 255 255 255 255 255 255 255 255 255 255 255 255 255 255 255 255 255 172 000 000 000 196 255 255 255 255 255 255 255 255 255 255 255 255 255 255 255 255 255 240 255 255 249 110 
255 255 255 255 255 255 255 255 255 255 255 137 000 000 000 000 195 255 255 255 255 255 255 255 255 255 255 255 255 255 255 255 255 255 255 255 255 255 255 255 255 255 255 255 255 161 000 000 000 196 255 255 255 255 255 255 255 255 255 255 255 255 255 255 255 255 255 104 019 028 018 000 
255 255 255 255 255 255 255 255 255 255 255 079 000 000 000 047 255 255 255 255 255 255 255 255 255 255 255 255 255 255 255 255 255 255 255 255 255 255 255 255 255 255 255 255 255 139 000 000 000 196 255 255 255 255 255 255 255 255 255 255 255 255 255 255 255 255 255 216 000 000 000 000 
255 255 255 255 255 255 255 255 255 255 255 022 000 000 000 155 255 255 255 255 255 255 255 255 255 255 255 255 255 255 255 255 255 255 255 255 255 255 255 255 255 255 255 255 255 118 000 000 000 196 255 255 255 255 255 255 255 255 255 255 255 255 255 255 255 255 255 255 049 000 000 000 
255 255 255 255 255 255 255 255 255 255 209 000 000 000 039 250 255 255 255 255 255 255 255 255 255 255 255 255 255 255 255 255 255 255 255 255 255 255 255 255 255 255 255 255 255 096 000 000 000 196 255 255 255 255 255 255 255 255 255 255 255 255 255 255 255 255 255 255 123 000 000 011 
255 255 255 255 255 255 255 255 255 255 131 000 003 027 183 255 255 255 255 255 255 255 255 255 255 255 255 255 255 255 255 255 255 255 255 255 255 255 255 255 255 255 255 255 255 164 121 121 121 225 255 255 255 255 255 255 255 255 255 255 255 255 255 255 255 255 255 255 234 215 232 254 
255 255 255 255 255 255 255 255 255 255 223 230 253 255 255 255 255 255 255 255 255 255 255 255 255 255 255 255 255 255 255 255 255 255 255 255 255 255 255 255 255 255 255 255 255 255 255 255 255 255 255 255 255 255 255 255 255 255 255 255 255 255 255 255 255 255 255 255 255 255 255 255 
255 255 255 255 255 255 255 255 255 255 255 255 255 255 255 255 255 255 255 255 255 255 255 255 255 255 255 255 255 255 255 255 255 255 255 255 255 255 255 255 255 255 255 255 255 255 255 255 255 255 255 255 255 255 255 255 255 255 255 255 255 255 255 255 255 255 255 255 255 255 255 255 
255 255 255 255 255 255 255 255 255 255 255 255 255 255 255 255 255 255 255 255 255 255 255 255 255 255 255 255 255 255 255 255 255 255 255 255 255 255 255 255 255 255 255 255 255 255 255 255 255 255 255 255 255 255 255 255 255 255 255 255 255 255 255 255 255 255 255 255 255 255 255 255 
255 255 255 255 255 255 255 255 255 255 255 255 255 255 255 255 255 255 255 255 255 255 255 255 255 255 255 255 255 255 255 255 255 255 255 255 255 255 255 255 255 255 255 255 255 255 255 255 255 255 255 255 255 255 255 255 255 255 255 255 255 255 255 255 255 255 255 255 255 255 255 255 
255 255 255 255 255 255 255 255 255 255 255 255 255 255 255 255 255 255 255 255 255 255 255 255 255 255 255 255 255 255 255 255 255 255 255 255 255 255 255 255 255 255 255 255 255 255 255 255 255 255 255 255 255 255 255 255 255 255 255 255 255 255 255 255 255 255 255 255 255 255 255 255 
255 255 255 255 255 255 255 255 255 255 255 255 255 255 255 255 255 255 255 255 255 255 255 255 255 255 255 255 255 255 255 255 255 255 255 255 255 255 255 255 255 255 255 255 255 255 255 255 255 255 255 255 255 255 255 255 255 255 255 255 255 255 255 255 255 255 255 255 255 255 255 255 
255 255 255 255 255 255 255 255 255 255 255 255 255 255 255 255 255 255 255 255 255 255 255 255 255 255 255 255 255 255 255 255 255 255 255 255 255 255 255 255 255 255 255 255 255 255 255 255 255 255 255 255 255 255 255 255 255 255 255 255 255 255 255 255 255 255 255 255 255 255 255 255 
255 255 255 255 255 255 255 255 255 255 255 255 255 255 255 255 255 255 255 255 255 255 255 255 255 255 255 255 255 255 255 255 255 255 255 255 255 255 255 255 255 255 255 255 255 255 255 255 255 255 255 255 255 255 255 255 255 255 255 255 255 255 255 255 255 255 255 255 255 255 255 255 
255 255 255 255 255 255 255 255 255 255 255 255 255 255 255 255 255 255 255 255 255 255 255 255 255 255 255 255 255 255 255 255 255 255 255 255 255 255 255 255 255 255 255 255 255 255 255 255 255 255 255 255 255 255 255 255 255 255 255 255 255 255 255 255 255 255 255 255 255 255 255 255 
255 255 255 255 255 255 255 255 255 255 255 255 255 255 255 255 255 255 255 255 255 255 255 255 255 255 255 255 255 255 255 255 255 255 255 255 255 255 255 255 255 255 255 255 255 255 255 255 255 255 255 255 255 255 255 255 255 255 255 255 255 255 255 255 255 255 255 255 255 255 255 255 
255 255 255 255 255 255 255 255 255 255 255 255 255 255 255 255 255 255 255 255 255 255 255 255 255 255 255 255 255 255 255 255 255 255 255 255 255 255 255 255 255 255 255 255 255 255 255 255 255 255 255 255 255 255 255 255 255 255 255 255 255 255 255 255 255 255 255 255 255 255 255 255 
255 255 255 255 255 255 255 255 255 255 255 255 255 255 255 255 255 255 255 255 255 255 255 255 255 255 255 255 255 255 255 255 255 255 255 255 255 255 255 255 255 255 255 255 255 255 255 255 255 255 255 255 255 255 255 255 255 255 255 255 255 255 255 255 255 255 255 255 255 255 255 255 
255 255 255 255 255 255 255 255 255 255 255 255 255 255 255 255 255 255 255 255 255 255 255 255 255 255 255 255 255 255 255 255 255 255 255 255 255 255 255 255 255 255 255 255 255 255 255 255 255 255 255 255 255 255 255 255 255 255 255 255 255 255 255 255 255 255 255 255 255 255 255 255 
255 255 255 255 255 255 255 255 255 255 255 255 255 255 255 255 255 255 255 255 255 255 255 255 255 255 255 255 255 255 255 255 255 255 255 255 255 255 255 255 255 255 255 255 255 255 255 255 255 255 255 255 255 255 255 255 255 255 255 255 255 255 255 255 255 255 255 255 255 255 255 255 
255 255 255 255 255 255 255 255 255 255 255 255 255 255 255 255 255 255 255 255 255 255 255 255 255 255 255 255 255 255 255 255 255 255 255 255 255 255 255 255 255 255 255 255 255 255 255 255 255 255 255 255 255 255 255 255 255 255 255 255 255 255 255 255 255 255 255 255 255 255 255 255 
255 255 255 255 255 255 255 255 255 255 255 255 255 255 255 255 255 255 255 255 255 255 255 255 255 255 255 255 255 255 255 255 255 255 255 255 255 255 255 255 255 255 255 255 255 255 255 255 255 255 255 255 255 255 255 255 255 255 255 255 255 255 255 255 255 255 255 255 255 255 255 255 
255 255 255 255 255 255 255 255 255 255 255 255 255 255 255 255 255 255 255 255 255 255 255 255 255 255 255 255 255 255 255 255 255 255 255 255 255 255 255 255 255 255 255 255 255 255 255 255 255 255 255 255 255 255 255 255 255 255 255 255 255 255 255 255 255 255 255 255 255 255 255 255 
255 255 255 255 255 255 255 255 255 255 255 255 255 255 255 255 255 255 255 255 255 255 255 255 255 255 255 255 255 255 255 255 255 255 255 255 255 255 255 255 255 255 255 255 255 255 255 255 255 255 255 255 255 255 255 255 255 255 255 255 255 255 255 255 255 255 255 255 255 255 255 255 
255 255 255 255 255 255 255 255 255 255 255 255 255 255 255 255 255 255 255 255 255 255 255 255 255 255 255 255 255 255 255 255 255 255 255 255 255 255 255 255 255 255 255 255 255 255 255 255 255 255 255 255 255 255 255 255 255 255 255 255 255 255 255 255 255 255 255 255 255 255 255 255 
255 255 255 255 255 255 255 255 255 255 255 255 255 255 255 255 255 255 255 255 255 255 255 255 255 255 255 255 255 255 255 255 255 255 255 255 255 255 255 255 255 255 255 255 255 255 255 255 255 255 255 255 255 255 255 255 255 255 255 255 255 255 255 255 255 255 255 255 255 255 255 255 
255 255 255 255 255 255 255 255 255 255 255 255 255 255 255 255 255 255 255 255 255 255 255 255 255 255 255 255 255 255 255 255 255 255 255 255 255 255 255 255 255 255 255 255 255 255 255 255 255 255 255 255 255 255 255 255 255 255 255 255 255 255 255 255 255 255 255 255 255 255 255 255 
255 255 255 255 255 255 255 255 255 255 255 255 255 255 255 255 255 255 255 255 255 255 255 255 255 255 255 255 255 255 255 255 255 255 255 255 255 255 255 255 255 255 255 255 255 255 255 255 255 255 255 255 255 255 255 255 255 255 255 255 255 255 255 255 255 255 255 255 255 255 255 255 
255 255 255 255 255 255 255 255 255 255 255 255 255 255 255 255 255 255 255 255 255 255 255 255 255 255 255 255 255 255 255 255 255 255 255 255 255 255 255 255 255 255 255 255 255 255 255 255 255 255 255 255 255 255 255 255 255 255 255 255 255 255 255 255 255 255 255 255 255 255 255 255 
255 255 255 255 255 255 255 255 255 255 255 255 255 255 255 255 255 255 255 255 255 255 255 255 255 255 255 255 255 255 255 255 255 255 255 255 255 255 255 255 255 255 255 255 255 255 255 255 255 255 255 255 255 255 255 255 255 255 255 255 255 255 255 255 255 255 255 255 255 255 255 255 
255 255 255 255 255 255 255 255 255 255 255 255 255 255 255 255 255 255 255 255 255 255 255 255 255 255 255 255 255 255 255 255 255 255 255 255 255 255 255 255 255 255 255 255 255 255 255 255 255 255 255 255 255 255 255 255 255 255 255 255 255 255 255 255 255 255 255 255 255 255 255 255 
255 255 255 255 255 255 255 255 255 255 255 255 255 255 255 255 255 255 255 255 255 255 255 255 255 255 255 255 255 255 255 255 255 255 255 255 255 255 255 255 255 255 255 255 255 255 255 255 255 255 255 255 255 255 255 255 255 255 255 255 255 255 255 255 255 255 255 255 255 255 255 255 
255 255 255 255 255 255 255 255 255 255 255 255 255 255 255 255 255 255 255 255 255 255 255 255 255 255 255 255 255 255 255 255 255 255 255 255 255 255 255 255 255 255 255 255 255 255 255 255 255 255 255 255 255 255 255 255 255 255 255 255 255 255 255 255 255 255 255 255 255 255 255 255 
255 255 255 255 255 255 255 255 255 255 255 255 255 255 255 255 255 255 255 255 255 255 255 240 238 255 255 251 236 255 255 255 255 255 255 255 255 255 255 255 255 255 255 255 255 255 255 255 255 255 255 255 255 255 255 255 255 255 255 255 255 255 255 255 255 255 255 255 255 255 255 255 
255 255 255 255 255 255 255 255 255 255 255 255 255 255 242 255 255 255 255 255 255 255 255 166 000 012 018 001 043 254 255 255 255 255 255 255 255 255 255 255 255 255 255 255 255 255 255 255 225 178 214 221 237 255 255 255 255 255 236 144 192 219 240 255 255 255 255 255 255 255 255 255 
255 255 255 255 255 255 255 255 255 255 255 253 192 085 038 248 255 255 255 255 255 255 255 188 000 000 000 000 182 255 255 255 255 255 255 255 255 255 255 255 255 255 255 255 255 255 255 255 212 000 000 000 141 255 255 255 255 255 250 006 000 000 044 253 255 255 255 255 255 255 255 255 
255 255 255 255 255 255 255 255 248 192 107 024 000 000 000 127 255 255 255 255 255 255 255 210 000 000 000 000 239 255 255 255 255 255 255 255 255 255 255 255 255 255 255 255 255 255 255 255 251 006 000 000 243 255 255 255 255 255 255 030 000 000 206 255 255 255 225 043 069 095 106 109 
255 255 254 233 198 151 104 055 006 000 000 000 000 000 000 001 156 255 255 255 255 255 255 232 000 000 000 034 255 255 255 255 255 255 255 255 255 255 255 255 255 255 255 255 255 255 255 255 255 015 000 000 247 255 255 255 255 255 255 033 000 000 231 255 255 255 247 000 000 000 000 000 
175 032 006 000 000 000 000 000 000 000 000 000 000 007 043 081 090 226 255 255 255 255 255 252 000 000 000 074 255 255 255 255 255 255 255 255 255 255 255 255 255 255 255 255 255 255 255 255 255 019 000 000 247 255 255 255 255 255 255 036 000 000 231 255 255 255 255 019 000 000 000 000 
247 026 000 000 000 000 000 000 000 000 088 151 210 253 255 255 255 255 255 255 255 255 255 255 001 000 000 088 255 255 255 255 255 255 255 255 255 255 255 255 255 255 255 255 255 199 191 219 234 021 000 000 236 243 243 243 243 243 243 037 000 000 205 211 179 236 255 029 000 000 107 156 
255 109 000 000 027 073 091 000 000 000 235 255 255 255 255 255 255 255 255 255 255 255 255 255 002 000 000 098 255 255 255 255 255 255 255 255 255 255 255 255 255 255 255 255 255 097 000 000 000 000 000 000 000 000 000 000 000 000 000 000 000 000 000 000 000 204 255 035 000 000 174 255 
255 224 198 238 255 255 203 000 000 000 235 255 255 255 255 255 255 255 255 255 255 255 255 255 003 000 000 104 255 255 255 255 233 146 221 253 255 255 255 255 255 255 255 255 255 097 000 000 000 000 000 000 000 000 000 000 000 000 000 000 000 000 000 000 000 204 255 041 000 000 174 255 
255 255 255 255 255 255 203 000 000 000 235 255 255 255 255 255 255 234 219 249 255 255 255 255 004 000 000 110 255 255 255 255 176 000 000 005 035 232 255 255 255 255 255 255 255 097 000 000 001 000 000 000 017 017 017 017 017 017 017 002 000 000 001 000 000 204 255 042 000 000 174 255 
255 255 255 255 255 255 203 000 000 000 235 255 255 255 255 255 255 147 000 001 070 255 255 255 004 000 000 117 255 255 255 255 125 000 000 000 134 255 255 255 255 255 255 255 255 211 210 238 253 024 000 000 247 255 255 255 255 255 255 040 000 000 228 232 198 240 255 042 000 000 174 255 
255 255 255 255 255 255 203 000 000 000 235 255 255 255 255 255 255 124 000 000 074 255 255 255 005 000 000 123 255 255 255 255 070 000 000 014 243 255 255 255 255 255 255 255 255 255 255 255 255 024 000 000 247 255 255 255 255 255 255 040 000 000 231 255 255 255 255 042 000 000 174 255 
255 255 255 255 255 255 203 000 000 000 235 255 255 255 255 255 255 101 000 000 098 255 255 255 006 000 000 138 255 255 255 238 005 000 000 108 255 255 255 255 255 255 255 255 255 255 255 255 255 024 000 000 247 255 255 255 255 255 255 040 000 000 231 255 255 255 255 042 000 000 174 255 
224 251 255 255 255 255 203 000 000 000 235 255 255 253 228 229 255 078 000 000 123 255 255 255 007 000 000 157 255 255 255 157 000 000 000 215 255 255 255 255 255 255 255 255 255 255 255 255 255 024 000 000 193 199 199 199 199 199 199 032 000 000 231 255 255 255 255 042 000 000 090 132 
000 002 017 021 024 028 025 000 000 000 027 021 012 003 000 115 255 055 000 000 147 255 255 255 007 000 000 176 255 255 255 070 000 000 067 255 255 255 255 255 255 255 255 255 255 255 255 255 255 024 000 000 000 000 000 000 000 000 000 000 000 000 231 255 255 255 255 042 000 000 000 000 
000 000 000 000 000 000 000 000 000 000 000 000 000 000 000 115 255 028 000 000 172 255 255 255 008 000 000 195 255 255 234 004 000 000 165 255 255 255 255 255 255 255 255 255 255 255 255 255 255 024 000 000 000 000 000 000 000 000 000 000 000 000 231 255 255 255 255 042 000 000 000 000 
000 000 000 000 000 000 000 000 000 000 000 000 000 000 000 115 239 000 000 000 204 255 255 255 006 000 000 214 255 255 151 000 000 012 245 255 255 255 255 255 255 255 255 255 255 255 255 255 255 024 000 000 180 185 185 185 185 185 185 029 000 000 231 255 255 255 255 042 000 000 127 185 
176 207 225 229 233 215 001 000 000 000 207 217 209 198 175 201 194 000 000 000 241 255 255 238 000 000 000 223 255 254 044 000 000 094 255 255 255 255 255 255 255 255 255 255 255 255 255 255 255 024 000 000 247 255 255 255 255 255 255 040 000 000 231 255 255 255 255 042 000 000 174 255 
255 255 255 255 255 158 000 000 000 000 235 255 255 255 255 255 149 000 000 022 255 255 255 212 000 000 000 185 255 169 000 000 000 186 255 255 255 255 255 255 255 255 255 255 255 255 255 255 255 024 000 000 247 255 255 255 255 255 255 040 000 000 231 255 255 255 255 042 000 000 174 255 
