076 255 255 255 255 255 255 255 255 255 255 255 255 255 255 255 255 255 255 255 255 255 255 255 255 255 255 255 255 255 255 255 255 255 255 255 255 255 255 255 255 255 255 255 255 255 255 255 244 000 000 000 000 000 000 000 000 000 000 001 254 141 009 021 033 041 043 045 047 049 051 011 
076 255 255 255 255 255 255 255 255 255 255 255 255 255 255 255 255 255 255 255 255 255 255 255 255 255 255 255 255 255 255 255 255 255 255 255 255 255 255 255 255 255 255 255 255 255 255 255 247 000 000 000 130 151 151 151 118 000 000 006 255 255 255 255 255 255 255 255 255 255 255 049 
076 255 255 255 255 255 255 255 255 255 255 255 255 255 255 255 255 255 255 255 255 255 255 255 255 255 255 255 255 255 255 255 255 255 255 255 255 255 255 255 255 255 255 255 255 255 255 255 251 000 000 000 218 255 255 255 199 000 000 011 255 255 255 255 255 255 255 255 255 255 255 042 
076 255 255 255 255 255 255 255 234 203 225 255 255 255 255 255 255 255 255 255 255 255 255 255 255 255 255 255 255 255 255 255 255 255 255 255 255 255 255 255 255 255 255 255 255 255 255 255 254 000 000 000 218 255 255 255 199 000 000 016 255 255 255 255 141 098 120 130 133 136 138 019 
012 038 035 031 028 025 021 011 000 000 149 255 255 255 255 255 255 255 255 255 255 255 255 255 255 255 255 255 255 255 255 255 255 255 255 255 255 255 255 255 255 255 255 255 255 255 255 255 254 000 000 000 218 255 255 255 199 000 000 016 255 255 255 255 108 000 000 000 000 000 000 000 
000 000 000 000 000 000 000 000 000 000 149 255 255 255 255 255 255 255 255 255 255 255 255 255 255 255 255 255 255 255 255 255 255 255 255 255 255 255 255 255 255 255 255 255 255 255 255 255 254 000 000 000 218 255 255 255 199 000 000 016 255 255 255 255 124 000 000 000 000 000 000 000 
000 000 000 000 000 000 000 000 000 000 149 255 255 255 255 255 255 255 255 255 255 255 255 255 255 255 255 255 255 255 255 255 255 255 255 255 255 255 255 255 255 255 255 255 255 255 255 255 254 000 000 000 218 255 255 255 199 000 000 016 255 255 255 255 127 000 000 079 243 243 243 243 
035 117 114 112 109 107 104 097 078 058 168 255 255 255 255 255 255 255 255 255 255 255 255 255 255 255 255 255 255 255 255 255 255 255 255 255 255 255 255 255 255 255 255 255 255 255 255 255 254 000 000 000 218 255 255 255 199 000 000 016 255 255 255 255 130 000 000 082 255 255 255 255 
076 255 255 255 255 255 255 255 255 255 255 255 255 255 255 255 255 255 255 255 255 255 255 255 255 255 255 255 255 255 255 255 255 255 255 255 255 255 255 255 255 255 255 255 255 255 255 255 254 000 000 000 218 255 255 255 199 000 000 016 255 255 255 255 134 000 000 041 126 126 126 126 
076 255 255 255 255 255 255 255 255 255 255 255 255 255 255 255 255 255 255 255 255 255 255 255 255 255 255 255 255 255 255 255 255 255 255 255 255 255 255 255 255 255 255 255 255 255 255 255 254 000 000 000 218 255 255 255 199 000 000 016 255 255 255 255 134 000 000 000 000 000 000 000 
076 255 255 255 255 255 255 255 255 255 255 255 255 255 255 255 255 255 255 255 255 255 255 255 255 255 255 255 255 255 255 255 255 255 255 255 255 255 255 255 255 255 255 255 255 255 255 255 254 000 000 000 218 255 255 255 199 000 000 016 255 255 255 255 134 000 000 000 002 002 002 002 
076 255 255 255 255 255 255 255 255 255 255 255 255 255 255 255 255 255 255 255 255 255 255 255 255 255 255 255 255 255 255 255 255 255 255 255 255 255 255 255 255 255 255 255 255 255 255 255 254 000 000 000 218 255 255 255 199 000 000 016 255 255 255 255 134 000 000 082 255 255 255 255 
076 255 255 255 255 255 255 255 255 255 255 255 255 255 255 255 255 255 255 255 255 255 255 255 255 255 255 255 255 255 255 255 255 255 255 255 255 255 255 255 255 255 255 255 255 255 255 255 254 000 000 000 218 255 255 255 199 000 000 016 255 255 255 255 134 000 000 082 255 255 255 255 
076 255 255 255 255 255 255 255 255 255 255 255 255 255 255 255 255 255 255 255 255 255 255 255 255 255 255 255 255 255 255 255 255 255 255 255 255 255 255 255 255 255 255 255 255 255 255 255 254 000 000 000 218 255 255 255 199 000 000 016 255 255 255 255 134 000 000 036 112 112 112 112 
076 255 255 255 255 255 255 255 255 255 255 255 255 255 255 255 255 255 255 255 255 255 255 255 255 255 255 255 255 255 255 255 255 255 255 255 255 255 255 255 255 255 255 255 255 255 255 255 254 000 000 000 218 255 255 255 199 000 000 016 255 255 255 255 134 000 000 000 000 000 000 000 
076 255 255 255 255 255 255 255 255 255 255 255 255 255 255 255 255 255 255 255 255 255 255 255 255 255 255 255 255 255 255 255 255 255 255 255 255 255 255 255 255 255 255 255 255 255 255 255 254 000 000 000 218 255 255 255 199 000 000 016 255 255 255 255 134 000 000 005 016 016 016 016 
076 255 255 255 255 255 255 255 255 255 255 255 255 255 255 255 255 255 255 255 255 255 255 255 255 255 255 255 255 255 255 255 255 255 255 255 255 255 255 255 255 255 255 255 255 255 255 255 254 000 000 000 218 255 255 255 199 000 000 016 255 255 255 255 134 000 000 082 255 255 255 255 
076 255 255 255 255 255 255 255 255 255 255 255 255 255 255 255 255 255 255 255 255 255 255 255 255 255 255 255 255 255 255 255 255 255 255 255 255 255 255 255 255 255 255 255 255 255 255 255 254 000 000 000 218 255 255 255 199 000 000 016 255 255 255 255 134 000 000 082 255 255 255 255 
076 255 255 255 255 255 255 255 255 255 255 255 255 255 255 255 255 255 255 255 255 255 255 255 255 255 255 255 255 255 255 255 255 255 255 255 255 255 255 255 255 255 255 255 255 255 255 255 254 000 000 000 094 109 109 109 085 000 000 016 255 255 255 255 134 000 000 032 098 098 098 098 
076 255 255 255 255 255 255 255 255 255 255 255 255 255 255 255 255 255 255 255 255 255 255 255 255 255 255 255 255 255 255 255 255 255 255 255 255 255 255 255 255 255 255 255 255 255 255 255 254 000 000 000 000 000 000 000 000 000 000 014 255 255 255 255 134 000 000 000 000 000 000 000 
076 255 255 255 255 255 255 255 255 255 255 255 255 255 255 255 255 255 255 255 255 255 255 255 255 255 255 255 255 255 255 255 255 255 255 255 255 255 255 255 255 255 255 255 255 255 255 255 254 000 000 000 000 000 000 000 000 000 000 010 255 255 255 255 134 000 000 006 019 019 019 019 
076 255 255 255 255 255 255 255 255 255 255 255 255 255 255 255 255 255 255 255 255 255 255 255 255 255 255 255 255 255 255 255 255 255 255 255 255 255 255 255 255 255 255 255 255 255 255 255 253 000 000 000 159 185 185 185 145 000 000 005 255 255 255 255 134 000 000 082 255 255 255 255 
076 255 255 255 255 255 255 255 255 255 255 255 255 255 255 255 255 255 255 227 154 143 170 247 255 255 255 255 255 255 255 255 255 255 255 255 255 255 255 255 255 255 255 255 255 255 255 255 248 000 000 000 218 255 255 255 199 000 000 000 245 255 255 255 134 000 000 082 255 255 255 255 
076 255 255 255 255 255 255 255 255 255 255 255 255 255 255 255 255 241 085 003 000 000 000 019 140 255 255 255 255 255 255 255 255 255 255 255 255 255 255 255 255 255 255 255 255 255 255 255 244 000 000 000 218 255 255 255 199 000 000 000 227 098 063 080 048 000 000 034 106 106 106 106 
076 255 255 255 255 255 255 255 255 255 255 255 255 255 255 255 242 055 000 045 141 165 115 017 000 126 255 255 255 255 255 255 255 255 255 255 255 255 255 255 255 255 255 255 255 255 255 255 228 000 000 000 218 255 255 255 217 079 079 079 226 062 000 000 000 000 000 000 000 000 000 000 
076 255 255 255 255 255 255 255 255 255 255 255 255 255 255 255 131 000 092 252 255 255 255 225 033 000 213 255 255 255 255 255 255 255 255 255 255 255 255 255 255 255 255 255 255 255 255 255 207 000 000 000 218 255 255 255 255 255 255 255 255 062 000 000 000 000 000 000 000 000 000 000 
076 255 255 255 255 255 255 255 255 255 255 255 255 255 255 253 029 015 244 255 255 255 255 255 177 000 107 255 255 255 255 255 255 255 255 255 255 255 255 255 255 255 255 255 255 255 255 255 189 009 009 009 220 255 255 255 255 255 255 255 255 177 168 186 199 201 202 204 164 185 207 208 
076 255 255 255 255 255 255 255 255 255 255 255 255 255 255 232 000 083 255 255 255 255 255 255 253 007 056 255 255 255 255 255 255 255 255 255 255 255 255 255 255 255 255 255 255 255 255 255 255 255 255 255 255 255 255 255 255 255 255 255 255 255 255 255 255 255 255 176 019 038 221 255 
076 255 255 255 255 255 255 255 255 255 255 255 255 255 255 233 000 083 255 255 255 255 255 255 254 009 055 255 255 255 255 255 255 255 255 255 255 255 255 255 255 255 255 255 255 255 255 255 255 255 255 255 255 255 255 255 255 255 255 255 255 255 255 255 255 234 093 000 000 000 014 166 
076 255 255 255 255 255 255 255 255 255 255 255 255 255 255 253 032 013 242 255 255 255 255 255 188 000 095 255 255 255 255 255 255 255 255 255 255 255 255 255 255 255 255 255 255 255 255 255 255 255 255 255 255 255 255 255 255 255 255 255 255 255 255 226 109 009 000 000 000 003 066 160 
078 255 255 255 255 255 255 255 255 255 255 255 255 255 255 255 137 000 087 252 255 255 255 236 047 000 202 255 255 255 255 255 255 255 255 255 255 255 255 255 255 255 255 255 255 255 255 255 255 255 255 255 255 255 255 255 255 255 255 255 254 202 097 005 000 000 000 006 102 221 255 255 
120 255 255 255 255 255 255 255 255 255 255 255 255 255 255 255 245 062 000 044 145 171 127 028 000 095 255 255 255 255 255 255 255 255 255 255 255 255 255 255 255 255 255 255 255 255 255 255 255 255 255 255 255 255 255 255 255 255 251 122 025 000 000 000 000 010 112 228 255 255 255 255 
223 255 255 255 255 255 255 255 255 255 255 255 255 255 255 255 255 244 089 004 000 000 000 009 120 254 255 255 255 255 255 255 255 255 255 255 255 255 255 255 255 255 255 255 255 255 255 255 255 255 255 255 255 255 255 255 255 255 255 238 061 000 000 008 114 234 255 255 255 255 255 255 
255 255 255 255 255 255 255 255 255 255 255 255 255 255 255 255 255 255 255 227 150 137 164 242 255 255 255 255 255 255 255 255 255 255 255 255 255 255 255 255 255 255 255 255 255 255 255 255 255 255 255 255 255 255 255 255 255 255 255 255 247 039 103 228 255 255 255 255 255 255 255 255 
255 255 255 255 255 255 255 255 255 255 255 255 255 255 255 255 255 255 255 255 255 255 255 255 255 255 255 255 255 255 255 255 255 255 255 255 255 255 255 255 255 255 255 255 255 255 255 255 255 255 255 255 255 255 255 255 255 255 255 255 255 250 255 255 255 255 255 255 255 255 255 255 
255 255 255 255 255 255 255 255 255 255 255 255 255 255 255 255 255 255 255 255 255 255 255 255 255 255 255 255 255 255 255 255 255 255 255 255 255 255 255 255 255 255 255 255 255 255 255 255 255 255 255 255 255 255 255 255 255 255 255 255 255 255 255 255 255 255 255 255 255 255 255 255 
255 255 255 255 255 255 255 255 255 255 255 255 255 255 255 255 255 255 255 255 255 255 255 255 255 255 255 255 255 255 255 255 255 255 255 255 255 255 255 255 255 255 255 255 255 255 255 255 255 255 255 255 255 255 255 255 255 255 255 255 255 255 255 255 255 255 255 255 255 255 255 255 
255 255 255 255 255 255 255 255 255 255 255 255 255 255 255 255 255 255 255 255 255 255 255 255 255 255 255 255 255 255 255 255 255 255 255 255 255 255 255 255 255 255 255 255 255 255 255 255 255 255 255 255 255 255 255 255 255 255 255 255 255 255 255 255 255 255 255 255 255 255 255 255 
255 255 255 255 255 255 255 255 255 255 255 255 255 255 255 255 255 255 255 255 255 255 255 255 255 255 255 255 255 255 255 255 255 255 255 255 255 255 255 255 255 255 255 255 255 255 255 255 255 255 255 255 255 255 255 255 255 255 255 255 255 255 255 255 255 255 255 255 255 255 255 255 
255 255 255 255 255 255 255 255 255 255 255 255 255 255 255 255 255 255 255 255 255 255 255 255 255 255 255 255 255 255 255 255 255 255 255 255 255 255 255 255 255 255 255 255 255 255 255 255 255 255 255 255 255 255 255 255 255 255 255 255 255 255 255 255 255 255 255 255 255 255 255 255 
255 255 255 255 255 255 255 255 255 255 255 255 255 255 255 255 255 255 255 255 255 255 255 255 255 255 255 255 255 255 255 255 255 255 255 255 255 255 255 255 255 255 255 255 255 255 255 255 255 255 255 255 255 255 255 255 255 255 255 255 255 255 255 255 255 255 255 255 255 255 255 255 
255 255 255 255 255 255 255 255 255 255 255 255 255 255 255 255 255 255 255 255 255 255 255 255 255 255 255 255 255 255 255 255 255 255 255 255 255 255 255 255 255 255 255 255 255 255 255 255 255 255 255 255 255 255 255 255 255 255 255 255 255 255 255 255 255 255 255 255 255 255 255 255 
255 255 255 255 255 255 255 255 255 255 255 255 255 255 255 255 255 255 255 255 255 255 255 255 255 255 255 255 255 255 255 255 255 255 255 255 255 255 255 255 255 255 255 255 255 255 255 255 255 255 255 255 255 255 255 255 255 255 255 255 255 255 255 255 255 255 255 255 255 255 255 255 
255 255 255 255 255 255 255 255 255 255 255 255 255 255 255 255 255 255 255 255 255 255 255 255 255 255 255 255 255 255 255 255 255 255 255 255 255 255 255 255 255 255 255 255 255 255 255 255 255 255 255 255 255 255 255 255 255 255 255 255 255 255 255 255 255 255 255 255 255 255 255 255 
255 255 255 255 255 255 255 255 255 255 255 255 255 255 255 255 255 255 255 255 255 255 255 255 255 255 255 255 255 255 255 255 255 255 255 255 255 255 255 255 255 255 255 255 255 255 255 255 255 255 255 255 255 255 255 255 255 255 255 255 255 255 255 255 255 255 255 255 255 255 255 255 
255 255 255 255 255 255 255 255 255 255 255 255 255 255 255 255 255 255 255 255 255 255 255 255 255 255 255 255 255 255 255 255 255 255 255 255 255 255 255 255 255 255 255 255 255 255 255 255 255 255 255 255 255 255 255 255 255 255 255 255 255 255 255 255 255 255 255 255 255 255 255 255 
255 255 255 255 255 255 255 255 255 255 255 255 255 255 255 255 255 255 255 255 255 255 255 255 255 255 255 255 255 255 255 255 255 255 255 255 255 255 255 255 255 255 255 255 255 255 255 255 255 255 255 255 255 255 255 255 255 255 255 255 255 255 255 255 255 255 255 255 255 255 255 255 
255 255 255 255 255 255 255 255 255 255 255 255 255 255 255 255 255 255 255 255 255 255 255 255 255 255 255 255 255 255 255 255 255 255 255 255 255 255 255 255 255 255 255 255 255 255 255 255 255 255 255 255 255 255 255 255 255 255 255 255 255 255 255 255 255 255 255 255 255 255 255 255 
255 255 255 255 255 255 255 255 255 255 255 255 255 255 255 255 255 255 255 255 255 255 255 255 255 255 255 255 255 255 255 255 255 255 255 255 255 255 255 255 255 255 255 255 255 255 255 255 255 255 255 255 255 255 255 255 255 255 255 255 255 255 255 255 255 255 255 255 255 255 255 255 
255 255 255 255 255 255 255 255 255 255 255 255 255 255 255 255 255 255 255 255 255 255 255 255 255 255 255 255 255 255 255 255 255 255 255 255 255 255 255 255 255 255 255 255 255 255 255 255 255 255 255 255 255 255 255 255 255 255 255 255 255 255 255 255 255 255 255 255 255 255 255 255 
255 255 255 255 255 255 255 255 255 255 255 255 255 255 255 255 255 255 255 255 255 255 255 255 255 255 255 255 255 255 255 255 255 255 255 255 255 255 255 255 255 255 255 255 255 255 255 255 255 255 255 255 255 255 255 255 255 255 255 255 255 255 255 255 255 255 255 255 255 255 255 255 
255 255 255 255 255 255 255 255 255 255 255 255 255 255 255 255 255 255 255 255 255 255 255 255 255 255 255 255 255 255 255 255 255 255 255 255 255 255 255 255 255 255 255 255 255 255 255 255 255 255 255 255 255 255 255 255 255 255 255 255 255 255 255 255 255 255 255 255 255 255 255 255 
255 255 255 255 255 255 255 255 255 255 255 255 255 255 255 255 255 255 255 255 255 255 255 255 255 255 255 255 255 255 255 255 255 255 255 255 255 255 255 255 255 255 255 255 255 255 255 255 255 255 255 255 255 255 255 255 255 255 255 255 255 255 255 255 255 255 255 255 255 255 255 255 
255 255 255 255 255 255 255 255 255 255 255 255 255 255 255 255 255 255 255 255 255 255 255 255 255 255 255 255 255 255 255 255 255 255 255 255 255 255 255 255 255 255 255 255 255 255 255 255 255 255 255 255 255 255 255 255 255 255 255 255 255 255 255 255 255 255 255 255 255 255 255 255 
255 255 255 255 255 255 255 255 255 255 255 255 255 255 255 255 255 255 255 255 255 255 255 255 255 255 255 255 255 255 255 255 255 255 255 255 255 255 255 255 255 255 255 255 255 255 255 255 255 255 255 255 255 255 255 255 255 255 255 255 255 255 255 255 255 255 255 255 255 255 255 255 
255 255 255 255 255 255 255 255 255 255 255 255 255 255 255 255 255 255 255 255 255 255 255 255 255 255 255 255 255 255 255 255 255 255 255 255 255 255 255 255 255 255 255 255 255 255 255 255 255 255 255 255 255 255 255 255 255 255 255 255 255 255 255 255 255 255 255 255 255 255 255 255 
255 255 255 255 255 255 255 255 255 255 255 255 255 255 255 255 255 255 255 255 255 255 255 255 255 255 255 255 255 255 255 255 255 255 255 255 255 255 255 255 255 255 255 255 255 255 255 255 255 255 255 255 255 255 255 255 255 255 255 255 255 255 255 255 255 255 255 255 255 255 255 255 
255 255 255 255 255 255 255 255 255 255 255 255 255 255 255 255 255 255 255 255 255 255 255 255 255 255 255 255 255 255 255 255 255 255 255 255 255 255 255 255 255 255 255 255 255 255 255 255 255 255 255 255 255 255 255 255 255 255 255 255 255 255 255 255 255 255 255 255 255 255 255 255 
255 255 255 255 255 255 255 255 255 255 255 255 255 255 255 255 255 255 255 255 255 255 255 255 255 255 255 255 255 255 255 255 255 255 255 255 255 255 255 255 255 255 255 255 255 255 255 255 255 255 255 255 255 255 255 255 255 255 255 255 255 255 255 255 255 255 255 255 255 255 255 255 
255 255 255 255 255 255 255 255 255 255 255 255 255 255 255 255 255 255 255 255 255 255 255 255 255 255 255 255 255 255 255 255 255 255 255 255 255 255 255 255 255 255 255 255 255 255 255 255 255 255 255 255 255 255 255 255 255 255 255 255 255 255 255 255 255 255 255 255 255 255 255 255 
255 255 255 255 255 255 255 255 255 255 255 255 255 255 255 255 255 255 255 255 255 255 255 255 255 255 255 255 255 255 255 255 255 255 255 255 255 255 255 255 255 255 255 255 255 255 255 255 255 255 255 255 255 255 255 255 255 255 255 255 255 255 255 255 255 255 255 255 255 255 255 255 
255 255 255 255 255 255 255 255 255 255 255 255 255 255 255 255 255 255 255 255 255 255 255 255 255 255 255 255 255 255 255 255 255 255 255 255 255 255 255 255 255 255 255 255 255 255 255 255 255 255 255 255 255 255 255 255 255 255 255 255 255 255 255 255 255 255 255 255 255 255 255 255 
255 255 255 255 255 255 255 255 255 255 255 255 255 255 255 255 255 255 255 255 255 255 255 255 255 255 255 255 255 255 255 255 255 255 255 255 255 255 255 255 255 255 255 255 229 217 242 252 255 255 255 255 255 255 255 255 222 236 255 255 255 255 255 255 255 255 255 255 255 255 255 255 
255 255 255 255 255 255 255 255 255 255 255 255 255 255 255 255 255 255 255 255 255 255 255 255 255 255 255 255 255 255 255 255 255 255 255 255 255 255 255 255 255 255 255 255 153 000 000 000 049 252 255 255 255 255 255 255 077 000 003 009 128 255 255 255 255 255 255 255 255 255 255 255 
255 255 255 255 255 255 255 255 255 255 255 255 255 255 255 255 255 255 255 255 255 255 255 255 255 255 255 255 255 255 255 255 255 255 255 255 255 255 255 255 255 255 255 255 176 000 000 000 166 255 255 255 255 255 255 255 109 000 000 000 248 255 255 255 255 255 255 255 255 255 255 255 
167 165 159 124 184 255 255 255 189 036 047 057 066 068 070 071 072 073 071 070 069 068 060 050 039 125 255 255 255 255 255 255 255 255 255 255 255 255 255 255 255 255 255 255 186 000 000 000 168 255 255 255 255 255 255 255 116 000 000 000 250 255 255 255 255 255 255 255 255 255 255 255 
000 000 000 000 153 255 255 255 203 000 000 000 000 000 000 000 000 000 000 000 000 000 000 000 000 136 255 255 255 255 255 255 255 255 255 255 255 255 255 255 255 255 255 255 193 000 000 000 168 255 255 255 255 255 255 255 118 000 000 000 250 255 255 255 255 255 255 255 255 255 255 255 
000 000 000 000 165 255 255 255 220 000 000 000 000 000 000 000 000 000 000 000 000 000 000 000 000 155 255 255 255 255 255 255 245 165 182 199 215 232 239 240 241 241 242 243 191 000 000 000 161 244 244 244 244 244 244 244 115 000 000 000 239 241 240 238 237 235 234 226 210 194 179 163 
041 000 000 000 168 255 255 255 221 000 000 000 069 120 120 120 120 120 120 120 120 084 000 000 000 157 255 255 255 255 255 255 229 000 000 000 000 000 000 000 000 000 000 000 000 000 000 000 000 000 000 000 000 000 000 000 000 000 000 000 000 000 000 000 000 000 000 000 000 000 000 000 
246 000 000 000 170 255 255 255 223 000 000 000 146 255 255 255 255 255 255 255 255 178 000 000 000 158 255 255 255 255 255 255 229 000 000 000 000 000 000 000 000 000 000 000 000 000 000 000 000 000 000 000 000 000 000 000 000 000 000 000 000 000 000 000 000 000 000 000 000 000 000 000 
246 000 000 000 170 255 255 255 225 000 000 000 146 255 255 255 255 255 255 255 255 178 000 000 000 159 255 255 255 255 255 255 229 000 000 000 000 000 000 000 000 000 000 000 000 000 000 000 000 000 000 000 000 000 000 000 000 000 000 000 000 000 000 000 000 000 000 000 000 000 000 000 
246 000 000 000 170 255 255 255 225 000 000 000 146 255 255 255 255 255 255 255 255 178 000 000 000 159 255 255 255 255 255 255 244 149 166 183 199 216 224 226 229 231 233 236 190 000 000 000 157 238 238 238 238 238 238 238 113 000 000 000 233 235 233 231 228 226 224 215 198 182 165 148 
246 000 000 000 170 255 255 255 225 000 000 000 146 255 255 255 255 255 255 255 255 178 000 000 000 159 255 255 255 255 255 255 255 255 255 255 255 255 255 255 255 255 255 255 203 000 000 000 168 255 255 255 255 255 255 255 121 000 000 000 250 255 255 255 255 255 255 255 255 255 255 255 
246 000 000 000 170 255 255 255 225 000 000 000 146 255 255 255 255 255 255 255 255 178 000 000 000 159 255 255 255 255 255 255 255 255 255 255 255 255 255 255 255 255 255 255 203 000 000 000 168 255 255 255 255 255 255 255 121 000 000 000 250 255 255 255 255 255 255 255 255 255 255 255 
246 000 000 000 170 255 255 255 225 000 000 000 146 255 255 255 255 255 255 255 255 178 000 000 000 159 255 255 255 255 255 255 255 255 255 255 255 255 255 255 255 255 255 255 203 000 000 000 168 255 255 255 255 255 255 255 121 000 000 000 250 255 255 255 255 255 255 255 255 255 255 255 
246 000 000 000 170 255 255 255 225 000 000 000 000 000 000 000 000 000 000 000 000 000 000 000 000 159 255 255 255 255 255 255 255 255 255 255 255 255 255 255 255 255 255 255 203 000 000 000 168 255 255 255 255 255 255 255 121 000 000 000 250 255 255 255 255 255 255 255 255 255 255 255 
153 000 000 000 170 255 255 255 225 000 000 000 000 000 000 000 000 000 000 000 000 000 000 000 000 159 255 255 255 255 255 255 255 255 255 255 255 255 255 255 255 255 255 255 248 219 219 219 243 255 255 255 255 255 255 255 231 208 208 208 255 255 255 255 255 255 255 255 255 255 255 255 
000 000 000 000 170 255 255 255 225 000 000 000 000 000 000 000 000 000 000 000 000 000 000 000 000 159 255 255 255 255 255 255 255 255 255 255 255 255 255 255 255 255 255 255 255 255 255 255 255 255 255 255 255 255 255 255 255 255 255 255 255 255 255 255 255 255 255 255 255 255 255 255 
000 000 000 000 170 255 255 255 225 000 000 000 111 193 193 193 193 193 193 193 193 135 000 000 000 159 255 255 255 255 255 255 255 255 255 255 147 137 152 167 183 198 202 204 206 208 209 211 213 215 218 216 214 212 209 207 205 202 200 198 196 185 171 156 142 128 213 255 255 255 255 255 
066 000 000 000 170 255 255 255 225 000 000 000 146 255 255 255 255 255 255 255 255 178 000 000 000 159 255 255 255 255 255 255 255 255 255 255 045 000 000 000 000 000 000 000 000 000 000 000 000 000 000 000 000 000 000 000 000 000 000 000 000 000 000 000 000 000 183 255 255 255 255 255 
246 000 000 000 170 255 255 255 225 000 000 000 146 255 255 255 255 255 255 255 255 178 000 000 000 159 255 255 255 255 255 255 255 255 255 255 045 000 000 000 000 000 000 000 000 000 000 000 000 000 000 000 000 000 000 000 000 000 000 000 000 000 000 000 000 000 193 255 255 255 255 255 
246 000 000 000 170 255 255 255 225 000 000 000 146 255 255 255 255 255 255 255 255 178 000 000 000 159 255 255 255 255 255 255 255 255 255 255 045 000 000 000 001 006 009 012 015 018 012 000 000 000 014 020 020 020 020 020 020 020 020 020 020 020 010 000 000 000 202 255 255 255 255 255 
246 000 000 000 170 255 255 255 225 000 000 000 146 255 255 255 255 255 255 255 255 178 000 000 000 159 255 255 255 255 255 255 255 255 255 255 196 200 218 236 253 255 255 255 255 255 161 000 000 000 176 255 255 255 255 255 255 255 255 255 255 255 126 000 000 000 211 255 255 255 255 255 
246 000 000 000 170 255 255 255 225 000 000 000 146 255 255 255 255 255 255 255 255 178 000 000 000 159 255 255 255 255 255 255 255 255 255 255 255 255 255 255 255 255 255 255 255 255 161 000 000 000 176 255 255 255 255 255 255 255 255 255 255 255 120 000 000 000 220 255 255 255 255 255 
246 000 000 000 170 255 255 255 222 000 000 000 086 149 149 149 149 149 149 149 149 104 000 000 000 159 255 255 255 255 255 255 255 255 255 255 255 255 255 255 255 255 255 255 255 255 161 000 000 000 176 255 255 255 255 255 255 255 255 255 255 255 115 000 000 000 229 255 255 255 255 255 
246 000 000 000 170 255 255 255 216 000 000 000 000 000 000 000 000 000 000 000 000 000 000 000 000 159 255 255 255 255 255 255 255 255 255 255 255 255 255 255 255 255 255 255 255 255 161 000 000 000 176 255 255 255 255 255 255 255 255 255 255 255 109 000 000 000 238 255 255 255 255 255 
246 000 000 000 170 255 255 255 186 000 000 000 000 000 000 000 000 000 000 000 000 000 000 000 000 159 255 255 255 255 255 255 255 255 255 255 255 255 255 255 255 255 255 255 255 255 161 000 000 000 176 255 255 255 255 255 255 255 255 255 255 255 103 000 000 000 247 255 255 255 255 255 
246 000 000 000 170 255 255 255 149 000 000 000 045 066 066 066 066 066 066 066 066 046 000 000 000 159 255 255 255 255 255 255 255 255 255 255 255 255 255 255 255 255 255 255 255 255 161 000 000 000 176 255 255 255 255 255 255 255 255 255 255 255 097 000 000 002 255 255 255 255 255 255 
021 000 000 000 169 255 255 255 112 000 000 000 188 255 255 255 255 255 255 255 255 178 000 000 000 159 255 255 255 255 255 255 255 255 255 255 255 255 255 255 255 255 255 255 255 255 161 000 000 000 176 255 255 255 255 255 255 255 255 255 255 255 092 000 000 010 255 255 255 255 255 255 
000 000 000 000 166 255 255 255 076 000 000 000 215 255 255 255 255 255 255 255 255 178 000 000 000 159 255 255 255 255 255 255 255 255 255 255 255 255 255 255 255 255 255 255 255 255 161 000 000 000 176 255 255 255 255 255 255 255 255 255 255 255 086 000 000 019 255 255 255 255 255 255 
000 000 000 000 162 255 255 245 013 000 000 017 253 255 255 255 255 255 255 255 255 178 000 000 000 159 255 255 255 255 255 255 255 255 255 255 255 255 255 255 255 255 255 255 255 255 161 000 000 000 176 255 255 255 255 255 255 255 255 255 255 255 069 000 000 028 255 255 255 255 255 255 
188 000 000 000 154 255 255 163 000 000 000 078 255 255 255 255 255 255 255 255 255 178 000 000 000 159 255 255 255 255 255 255 255 255 255 255 255 255 255 255 255 255 255 255 255 255 161 000 000 000 176 255 255 255 255 255 255 255 255 255 255 242 008 000 000 038 255 255 255 255 255 255 
246 000 000 000 138 255 255 068 000 000 000 141 255 255 255 255 255 255 255 255 255 178 000 000 000 159 255 255 255 255 255 255 255 255 255 255 255 255 255 255 255 255 255 255 255 255 161 000 000 000 176 255 255 255 255 255 198 183 202 195 173 046 000 000 000 058 255 255 255 255 255 255 
247 012 012 012 129 255 227 002 000 000 000 214 255 255 255 255 255 255 255 255 255 178 000 000 000 159 255 255 255 255 255 255 255 255 255 255 255 255 255 255 255 255 255 255 255 255 161 000 000 000 176 255 255 255 255 255 208 000 000 000 000 000 000 000 000 115 255 255 255 255 255 255 
255 255 255 255 255 255 104 000 000 000 073 255 255 255 255 255 255 255 255 255 255 178 000 000 000 159 255 255 255 255 255 255 255 255 255 255 255 255 255 255 255 255 255 255 255 255 161 000 000 000 176 255 255 255 255 255 255 047 000 000 000 000 000 000 010 197 255 255 255 255 255 255 
255 255 255 255 255 179 000 000 000 000 192 255 255 255 255 255 255 255 255 255 255 178 000 000 000 159 255 255 255 255 255 255 255 255 255 255 255 255 255 255 255 255 255 255 255 255 159 000 000 000 174 255 255 255 255 255 255 131 000 000 000 000 005 061 210 255 255 255 255 255 255 255 
255 255 255 255 232 021 000 000 000 055 255 255 255 255 255 255 255 255 255 255 255 145 000 000 000 159 255 255 255 255 255 255 255 255 255 255 255 255 255 255 255 255 255 255 255 255 152 000 000 000 168 255 255 255 255 255 255 189 047 087 131 190 246 255 255 255 255 255 255 255 255 255 
255 255 255 240 057 000 000 000 003 197 255 255 255 255 255 255 199 211 207 195 140 020 000 000 000 159 255 255 255 255 255 255 255 255 255 255 255 255 255 255 255 255 255 255 255 255 146 000 000 000 162 255 255 255 255 255 255 255 255 255 255 255 255 255 255 255 255 255 255 255 255 255 
255 255 235 049 000 000 000 000 127 255 255 255 255 255 255 255 156 000 000 000 000 000 000 000 000 162 255 255 255 255 255 255 255 255 255 255 255 255 255 255 255 255 255 255 255 255 139 000 000 000 154 255 255 255 255 255 255 255 255 255 255 255 255 255 255 255 255 255 255 255 255 255 
255 213 029 000 000 000 000 058 252 255 255 255 255 255 255 255 254 036 000 000 000 000 000 000 000 213 255 255 255 255 255 255 255 255 255 255 255 255 255 255 255 255 255 255 255 255 119 000 000 000 135 255 255 255 255 255 255 255 255 255 255 255 255 255 255 255 255 255 255 255 255 255 
255 254 163 026 000 000 016 222 255 255 255 255 255 255 255 255 255 138 000 000 000 000 000 013 144 255 255 255 255 255 255 255 255 255 255 255 255 255 255 255 255 255 255 255 255 255 096 000 000 000 112 255 255 255 255 255 255 255 255 255 255 255 255 255 255 255 255 255 255 255 255 255 
255 255 255 235 055 012 199 255 255 255 255 255 255 255 255 255 255 209 000 016 054 111 169 235 255 255 255 255 255 255 255 255 255 255 255 255 255 255 255 255 255 255 255 255 255 255 074 000 000 000 090 255 255 255 255 255 255 255 255 255 255 255 255 255 255 255 255 255 255 255 255 255 
255 255 255 255 245 204 255 255 255 255 255 255 255 255 255 255 255 252 241 255 255 255 255 255 255 255 255 255 255 255 255 255 255 255 255 255 255 255 255 255 255 255 255 255 255 255 133 098 098 098 143 255 255 255 255 255 255 255 255 255 255 255 255 255 255 255 255 255 255 255 255 255 
255 255 255 255 255 255 255 255 255 255 255 255 255 255 255 255 255 255 255 255 255 255 255 255 255 255 255 255 255 255 255 255 255 255 255 255 255 255 255 255 255 255 255 255 255 255 255 255 255 255 255 255 255 255 255 255 255 255 255 255 255 255 255 255 255 255 255 255 255 255 255 255 
255 255 255 255 255 255 255 255 255 255 255 255 255 255 255 255 255 255 255 255 255 255 255 255 255 255 255 255 255 255 255 255 255 255 255 255 255 255 255 255 255 255 255 255 255 255 255 255 255 255 255 255 255 255 255 255 255 255 255 255 255 255 255 255 255 255 255 255 255 255 255 255 
255 255 255 255 255 255 255 255 255 255 255 255 255 255 255 255 255 255 255 255 255 255 255 255 255 255 255 255 255 255 255 255 255 255 255 255 255 255 255 255 255 255 255 255 255 255 255 255 255 255 255 255 255 255 255 255 255 255 255 255 255 255 255 255 255 255 255 255 255 255 255 255 
255 255 255 255 255 255 255 255 255 255 255 255 255 255 255 255 255 255 255 255 255 255 255 255 255 255 255 255 255 255 255 255 255 255 255 255 255 255 255 255 255 255 255 255 255 255 255 255 255 255 255 255 255 255 255 255 255 255 255 255 255 255 255 255 255 255 255 255 255 255 255 255 
255 255 255 255 255 255 255 255 255 255 255 255 255 255 255 255 255 255 255 255 255 255 255 255 255 255 255 255 255 255 255 255 255 255 255 255 255 255 255 255 255 255 255 255 255 255 255 255 255 255 255 255 255 255 255 255 255 255 255 255 255 255 255 255 255 255 255 255 255 255 255 255 
255 255 255 255 255 255 255 255 255 255 255 255 255 255 255 255 255 255 255 255 255 255 255 255 255 255 255 255 255 255 255 255 255 255 255 255 255 255 255 255 255 255 255 255 255 255 255 255 255 255 255 255 255 255 255 255 255 255 255 255 255 255 255 255 255 255 255 255 255 255 255 255 
255 255 255 255 255 255 255 255 255 255 255 255 255 255 255 255 255 255 255 255 255 255 255 255 255 255 255 255 255 255 255 255 255 255 255 255 255 255 255 255 255 255 255 255 255 255 255 255 255 255 255 255 255 255 255 255 255 255 255 255 255 255 255 255 255 255 255 255 255 255 255 255 
255 255 255 255 255 255 255 255 255 255 255 255 255 255 255 255 255 255 255 255 255 255 255 255 255 255 255 255 255 255 255 255 255 255 255 255 255 255 255 255 255 255 255 255 255 255 255 255 255 255 255 255 255 255 255 255 255 255 255 255 255 255 255 255 255 255 255 255 255 255 255 255 
255 255 255 255 255 255 255 255 255 255 255 255 255 255 255 255 255 255 255 255 255 255 255 255 255 255 255 255 255 255 255 255 255 255 255 255 255 255 255 255 255 255 255 255 255 255 255 255 255 255 255 255 255 255 255 255 255 255 255 255 255 255 255 255 255 255 255 255 255 255 255 255 
255 255 255 255 255 255 255 255 255 255 255 255 255 255 255 255 255 255 255 255 255 255 255 255 255 255 255 255 255 255 255 255 255 255 255 255 255 255 255 255 255 255 255 255 255 255 255 255 255 255 255 255 255 255 255 255 255 255 255 255 255 255 255 255 255 255 255 255 255 255 255 255 
255 255 255 255 255 255 255 255 255 255 255 255 255 255 255 255 255 255 255 255 255 255 255 255 255 255 255 255 255 255 255 255 255 255 255 255 255 255 255 255 255 255 255 255 255 255 255 255 255 255 255 255 255 255 255 255 255 255 255 255 255 255 255 255 255 255 255 255 255 255 255 255 
255 255 255 255 255 255 255 255 255 255 255 255 255 255 255 255 255 255 255 255 255 255 255 255 255 255 255 255 255 255 255 255 255 255 255 255 255 255 255 255 255 255 255 255 255 255 255 255 255 255 255 255 255 255 255 255 255 255 255 255 255 255 255 255 255 255 255 255 255 255 255 255 
255 255 255 255 255 255 255 255 255 255 255 255 255 255 255 255 255 255 255 255 255 255 255 255 255 255 255 255 255 255 255 255 255 255 255 255 255 255 255 255 255 255 255 255 255 255 255 255 255 255 255 255 255 255 255 255 255 255 255 255 255 255 255 255 255 255 255 255 255 255 255 255 
255 255 255 255 255 255 255 255 255 255 255 255 255 255 255 255 255 255 255 255 255 255 255 255 255 255 255 255 255 255 255 255 255 255 255 255 255 255 255 255 255 255 255 255 255 255 255 255 255 255 255 255 255 255 255 255 255 255 255 255 255 255 255 255 255 255 255 255 255 255 255 255 
255 255 255 255 255 255 255 255 255 255 255 255 255 255 255 255 255 255 255 255 255 255 255 255 255 255 255 255 255 255 255 255 255 255 255 255 255 255 255 255 255 255 255 255 255 255 255 255 255 255 255 255 255 255 255 255 255 255 255 255 255 255 255 255 255 255 255 255 255 255 255 255 
255 255 255 255 255 255 255 255 255 255 255 255 255 255 255 255 255 255 255 255 255 255 255 255 255 255 255 255 255 255 255 255 255 255 255 255 255 255 255 255 255 255 255 255 255 255 255 255 255 255 255 255 255 255 255 255 255 255 255 255 255 255 255 255 255 255 255 255 255 255 255 255 
255 255 255 255 255 255 255 255 255 255 255 255 255 255 255 255 255 255 255 255 255 255 255 255 255 255 255 255 255 255 255 255 255 255 255 255 255 255 255 255 255 255 255 255 255 255 255 255 255 255 255 255 255 255 255 255 255 255 255 255 255 255 255 255 255 255 255 255 255 255 255 255 
255 255 255 255 255 255 255 255 255 255 255 255 255 255 255 255 255 255 255 255 255 255 255 255 255 255 255 255 255 255 255 255 255 255 255 255 255 255 255 255 255 255 255 255 255 255 255 255 255 255 255 255 255 255 255 255 255 255 255 255 255 255 255 255 255 255 255 255 255 255 255 255 
255 255 255 255 255 255 255 255 255 255 255 255 255 255 255 255 255 255 255 255 255 255 255 255 255 255 255 255 255 255 255 255 255 255 255 255 255 255 255 255 255 255 255 255 255 255 255 255 255 255 255 255 255 255 255 255 255 255 255 255 255 255 255 255 255 255 255 255 255 255 255 255 
255 255 255 255 255 255 255 255 255 255 255 255 255 255 255 255 255 255 255 255 255 255 255 255 255 255 255 255 255 255 255 255 255 255 255 255 255 255 255 255 255 255 255 255 255 255 255 255 255 255 255 255 255 255 255 255 255 255 255 255 255 255 255 255 255 255 255 255 255 255 255 255 
255 255 255 255 255 255 255 255 255 255 255 255 255 255 255 255 255 255 255 255 255 255 255 255 255 255 255 255 255 255 255 255 255 255 255 255 255 255 255 255 255 255 255 255 255 255 255 255 255 255 255 255 255 255 255 255 255 255 255 255 255 255 255 255 255 255 255 255 255 255 255 255 
255 255 255 255 255 255 255 255 255 255 255 255 255 255 255 255 255 255 255 255 255 255 255 255 255 255 255 255 255 255 255 255 255 255 255 255 255 255 255 255 255 255 255 255 255 255 255 255 255 255 255 255 255 255 255 255 255 255 255 255 255 255 255 255 255 255 255 255 255 255 255 255 
255 255 255 255 255 255 255 255 255 255 255 255 255 255 255 255 255 255 255 255 255 255 255 255 255 255 255 255 255 255 255 255 255 255 255 255 255 255 255 255 255 255 255 255 255 255 255 255 255 255 255 255 255 255 255 255 255 255 255 255 255 255 255 255 255 255 255 255 255 255 255 255 
255 255 255 255 255 255 255 255 255 255 255 255 255 255 255 255 255 255 255 255 255 255 255 255 255 255 255 255 255 255 255 255 255 255 255 255 255 255 255 255 255 255 255 255 255 255 255 255 255 255 255 255 255 255 255 255 255 255 255 255 255 255 255 255 255 255 255 255 255 255 255 255 
255 255 255 255 255 255 255 255 255 255 255 255 255 255 255 255 255 255 255 255 255 255 255 255 255 255 255 255 255 255 255 255 255 255 255 255 255 255 255 255 255 255 255 255 255 255 255 255 255 255 255 255 255 255 255 255 255 255 255 255 255 255 255 255 255 255 255 255 255 255 255 255 
255 255 255 255 255 255 255 255 255 255 255 255 255 255 255 255 255 255 255 255 255 255 255 255 255 255 255 255 255 255 255 255 255 255 255 255 255 255 255 255 255 255 255 255 255 255 255 255 255 255 255 255 255 255 255 255 255 255 255 255 255 255 255 255 255 255 255 255 255 255 255 255 
255 255 255 255 255 255 255 255 255 255 255 255 255 255 255 255 255 255 255 255 255 255 255 255 255 255 255 255 255 255 255 255 255 255 255 255 255 255 255 255 255 255 255 255 255 255 255 255 255 255 255 255 255 255 255 255 255 255 255 255 255 255 255 255 255 255 255 255 255 255 255 255 
255 255 255 222 238 255 255 255 255 255 255 255 255 255 255 255 255 255 255 255 255 255 255 255 255 255 255 255 255 255 255 255 255 255 255 255 255 255 255 255 255 255 255 255 255 255 255 255 255 255 255 255 255 255 224 247 255 255 255 255 255 255 255 255 255 255 255 255 255 255 255 255 
255 255 255 153 000 022 057 075 099 255 255 255 255 255 255 255 255 255 255 255 255 255 255 255 255 255 255 255 255 255 255 255 255 255 255 255 255 255 255 255 255 255 255 255 255 255 255 255 255 255 255 255 255 255 082 001 023 033 043 208 255 255 255 255 255 255 255 255 255 255 255 255 
255 255 255 185 000 000 000 000 148 255 255 255 255 255 255 255 255 255 255 255 255 255 255 255 255 255 255 255 255 255 255 255 255 255 255 255 255 255 255 255 255 255 255 255 255 255 255 255 255 255 255 255 255 255 126 000 000 000 090 255 255 255 255 255 255 255 255 255 255 255 255 255 
255 255 255 210 000 000 000 001 243 255 255 255 255 255 255 255 255 255 255 255 255 255 255 255 255 255 255 255 255 255 255 255 255 255 255 255 255 255 255 255 255 255 255 255 255 255 255 255 255 255 255 255 255 255 142 000 000 000 169 255 255 255 255 255 255 255 255 255 255 255 255 255 
255 255 255 213 000 000 000 031 255 255 255 255 255 255 255 255 255 255 255 255 255 255 255 255 255 255 255 255 255 255 255 255 255 255 255 255 255 255 255 255 255 255 255 255 255 255 255 255 255 255 255 255 255 255 146 000 000 000 186 255 255 255 255 255 255 255 255 255 255 255 255 255 
255 255 255 214 000 000 000 066 255 228 024 052 081 108 115 118 121 123 126 129 127 123 119 114 110 106 099 070 038 065 255 255 255 255 255 255 255 255 255 255 255 255 255 255 255 255 255 255 255 255 255 255 255 255 150 000 000 000 186 255 255 255 255 255 255 255 255 255 255 255 255 255 
255 255 255 216 000 000 000 079 255 226 000 000 000 000 000 000 000 000 000 000 000 000 000 000 000 000 000 000 000 084 255 255 255 255 255 255 255 255 255 255 255 255 255 255 255 255 255 255 255 255 255 255 255 255 154 000 000 000 186 255 255 255 255 255 255 255 255 255 255 255 255 255 
255 255 255 218 000 000 000 089 255 226 000 000 000 000 000 000 000 000 000 000 000 000 000 000 000 000 000 000 000 110 255 255 255 255 255 255 255 255 255 255 255 255 255 255 255 255 255 255 255 255 255 255 255 255 158 000 000 000 186 255 255 255 255 255 255 255 255 255 255 255 255 255 
255 255 255 220 000 000 000 093 255 226 000 000 010 028 031 032 033 034 035 035 036 037 038 039 040 027 000 000 000 118 255 255 255 255 255 255 255 255 255 255 255 164 038 055 073 090 107 115 118 120 123 126 129 132 085 000 000 000 098 130 126 122 119 115 111 107 092 076 059 042 108 255 
255 255 255 221 000 000 000 097 255 250 221 244 255 255 255 255 255 255 255 255 255 255 255 255 255 173 000 000 000 122 255 255 255 255 255 255 255 255 255 255 255 153 000 000 000 000 000 000 000 000 000 000 000 000 000 000 000 000 000 000 000 000 000 000 000 000 000 000 000 000 089 255 
255 255 255 223 000 000 000 101 255 255 255 255 255 255 255 255 255 255 255 255 255 255 255 255 255 173 000 000 000 126 255 255 255 255 255 255 255 255 255 255 255 153 000 000 000 000 000 000 000 000 000 000 000 000 000 000 000 000 000 000 000 000 000 000 000 000 000 000 000 000 089 255 
255 255 255 225 000 000 000 105 255 255 255 255 255 255 255 255 255 255 255 255 255 255 255 255 255 173 000 000 000 130 255 255 255 255 255 255 255 255 255 255 255 153 000 003 019 036 053 061 064 066 069 072 075 078 051 000 000 000 058 076 072 068 065 061 057 052 038 022 005 000 089 255 
255 255 255 227 000 000 000 109 255 255 255 255 255 255 255 255 255 255 255 255 255 255 255 255 255 173 000 000 000 131 255 255 255 255 255 255 255 255 255 255 255 245 240 254 255 255 255 255 255 255 255 255 255 255 163 000 000 000 186 255 255 255 255 255 255 255 255 255 255 244 239 255 
255 255 255 228 000 000 000 113 255 255 255 255 255 255 255 255 255 255 255 255 255 255 255 255 255 173 000 000 000 131 255 255 255 255 255 255 255 255 255 255 255 255 255 255 255 255 255 255 255 255 255 255 255 255 163 000 000 000 186 255 255 255 255 255 255 255 255 255 255 255 255 255 
255 255 255 228 000 000 000 118 255 255 255 255 255 255 255 255 255 255 255 255 255 255 255 255 255 173 000 000 000 131 255 255 255 255 255 255 255 255 255 255 255 255 255 255 255 255 255 255 255 255 255 255 255 255 163 000 000 000 186 255 255 255 255 255 255 255 255 255 255 255 255 255 
255 255 255 228 000 000 000 125 255 255 255 255 255 255 255 255 255 255 255 255 255 255 255 255 255 173 000 000 000 131 255 255 255 255 255 255 255 255 255 255 255 255 255 255 255 255 255 255 255 255 255 255 255 255 163 000 000 000 186 255 255 255 255 255 255 255 255 255 255 255 255 255 
255 255 255 228 000 000 000 134 255 255 255 255 255 255 255 255 255 255 255 255 255 255 255 255 255 173 000 000 000 131 255 255 255 255 255 255 255 255 255 255 255 255 255 255 255 255 255 255 255 255 255 255 255 255 163 000 000 000 186 255 255 255 255 255 255 255 255 255 255 255 255 255 
255 255 255 222 000 000 000 142 255 255 255 255 255 255 255 255 255 255 255 255 255 255 255 255 255 173 000 000 000 131 255 255 255 255 255 255 255 255 255 255 255 255 255 255 255 255 255 255 255 255 255 255 255 255 163 000 000 000 186 255 255 255 255 255 255 255 255 255 255 255 255 255 
255 255 255 211 000 000 000 150 255 255 225 066 090 111 119 127 134 142 150 158 160 161 161 162 162 111 000 000 000 131 255 255 255 255 255 255 255 205 202 216 230 243 255 255 255 255 255 255 255 255 255 255 255 255 163 000 000 000 186 255 255 255 255 255 255 255 255 255 255 255 249 236 
255 255 255 201 000 000 000 159 255 255 217 000 000 000 000 000 000 000 000 000 000 000 000 000 000 000 000 000 000 131 255 255 255 255 255 255 255 058 000 000 000 000 003 015 026 027 028 030 031 033 034 036 037 039 026 000 000 000 029 038 036 034 031 029 027 025 023 021 018 006 000 000 
255 255 255 190 000 000 000 167 255 255 217 000 000 000 000 000 000 000 000 000 000 000 000 000 000 000 000 000 000 131 255 255 255 255 255 255 255 058 000 000 000 000 000 000 000 000 000 000 000 000 000 000 000 000 000 000 000 000 000 000 000 000 000 000 000 000 000 000 000 000 000 000 
255 255 255 180 000 000 000 176 255 255 217 000 000 000 008 024 027 028 030 032 033 035 036 038 040 028 000 000 000 131 255 255 255 255 255 255 255 058 000 000 000 000 000 000 000 000 000 000 000 000 000 000 000 000 000 000 000 000 000 000 000 000 000 000 000 000 000 000 000 000 000 000 
255 255 255 169 000 000 000 187 255 255 245 200 221 242 255 255 255 255 255 255 255 255 255 255 255 173 000 000 000 131 255 255 255 255 255 255 255 111 079 092 105 117 130 143 155 159 160 162 163 165 166 168 127 171 172 174 174 173 172 170 169 167 166 164 163 161 160 158 150 138 125 112 
255 255 255 158 000 000 000 209 255 255 255 255 255 255 255 255 255 255 255 255 255 255 255 255 255 173 000 000 000 131 255 255 255 255 255 255 255 255 255 255 255 255 255 255 255 255 255 255 255 255 255 181 000 089 204 254 255 255 255 255 255 255 255 255 255 255 255 255 255 255 255 255 
255 255 255 129 000 000 000 234 255 255 255 255 255 255 255 255 255 255 255 255 255 255 255 255 255 173 000 000 000 131 255 255 255 255 255 255 255 255 255 255 255 255 255 255 255 255 255 255 255 255 243 030 000 000 000 027 183 255 255 255 255 255 255 255 255 255 255 255 255 255 255 255 
255 255 255 094 000 000 006 254 255 255 255 255 255 255 255 255 255 255 255 255 255 255 255 255 255 173 000 000 000 131 255 255 255 255 255 255 255 255 255 255 255 255 255 255 255 255 255 255 255 255 091 000 000 000 000 105 239 255 255 255 255 255 238 255 255 255 255 255 255 255 255 255 
255 255 255 059 000 000 038 255 255 255 255 255 255 255 255 255 255 255 255 255 255 255 255 255 255 173 000 000 000 131 255 255 255 255 255 255 255 255 255 255 255 255 255 255 255 255 255 255 255 149 000 000 000 000 143 255 255 255 255 255 237 109 007 171 255 255 255 255 255 255 255 255 
255 255 255 017 000 000 077 255 255 255 255 255 255 255 255 255 255 255 255 255 255 255 255 255 255 173 000 000 000 131 255 255 255 255 255 255 255 255 255 255 255 255 255 255 255 255 255 255 200 006 000 000 000 143 255 255 255 255 255 184 018 000 000 006 186 255 255 255 255 255 255 255 
255 255 220 000 000 000 150 255 255 255 255 255 255 255 255 255 255 255 255 255 255 255 255 255 255 173 000 000 000 131 255 255 255 255 255 255 255 255 255 255 255 255 255 255 255 255 255 235 029 000 000 000 143 255 255 255 255 255 255 244 062 000 000 000 011 203 255 255 255 255 255 255 
255 255 124 000 000 001 229 255 255 255 255 255 255 255 255 255 255 255 255 255 255 255 255 255 255 173 000 000 000 131 255 255 255 255 255 255 255 255 255 255 255 255 255 255 255 255 238 050 000 000 000 143 255 255 255 255 255 255 255 255 243 060 000 000 000 025 227 255 255 255 255 255 
255 242 016 000 000 053 255 255 255 255 255 255 255 255 255 255 255 255 255 255 255 255 255 255 255 173 000 000 000 131 255 255 255 255 255 255 255 255 255 255 255 255 255 255 255 239 052 000 000 000 143 255 255 255 255 255 255 255 255 255 255 241 039 000 000 000 049 244 255 255 255 255 
255 135 000 000 000 140 255 255 248 249 255 255 255 255 255 255 255 255 255 255 255 255 255 255 255 173 000 000 000 131 255 255 255 255 255 255 255 255 255 255 255 255 255 255 240 054 000 000 000 143 255 255 255 255 255 255 255 255 255 255 255 255 212 011 000 000 000 079 253 255 255 255 
184 005 000 000 034 247 255 255 169 000 016 033 038 044 049 055 060 065 071 073 073 073 073 073 073 050 000 000 000 126 255 255 255 255 255 255 255 255 255 255 255 255 255 209 037 000 000 000 143 255 255 255 255 255 255 255 255 255 255 255 255 255 255 166 000 000 000 000 116 255 255 255 
011 000 000 000 179 255 255 255 169 000 000 000 000 000 000 000 000 000 000 000 000 000 000 000 000 000 000 000 000 121 255 255 255 255 255 255 255 255 255 255 255 255 157 009 000 000 000 143 255 255 255 255 255 255 255 255 255 245 222 198 175 152 129 106 016 000 000 000 000 156 255 255 
000 000 000 076 255 255 255 255 169 000 000 000 000 000 000 000 000 000 000 000 000 000 000 000 000 000 000 000 000 115 255 255 255 255 255 255 255 255 255 255 231 073 000 000 000 000 061 149 135 120 106 092 077 063 049 034 012 000 000 000 000 000 000 000 000 000 000 000 000 005 193 255 
000 000 022 223 255 255 255 255 170 017 041 056 062 067 073 078 084 089 095 096 096 096 097 097 097 066 000 000 000 109 255 255 255 255 255 255 255 255 255 255 246 023 000 000 000 000 000 000 000 000 000 000 000 000 000 000 000 000 000 000 000 000 000 000 000 000 000 000 000 000 024 231 
000 018 210 255 255 255 255 255 255 255 255 255 255 255 255 255 255 255 255 255 255 255 255 255 255 173 000 000 000 092 255 255 255 255 255 255 255 255 255 255 255 139 000 000 000 000 000 000 000 000 000 000 000 000 000 000 000 008 028 048 068 088 108 128 148 167 117 000 000 000 000 064 
014 202 255 255 255 255 255 255 255 255 255 255 255 255 255 255 255 255 255 255 255 255 255 255 255 173 000 000 000 071 255 255 255 255 255 255 255 255 255 255 255 228 000 000 000 000 003 039 076 100 124 144 164 184 204 224 244 255 255 255 255 255 255 255 255 255 252 054 000 000 000 000 
194 255 255 255 255 255 255 255 255 255 255 255 255 255 255 255 255 255 255 255 255 255 255 255 255 173 000 000 000 051 255 255 255 255 255 255 255 255 255 255 255 255 059 101 158 203 246 255 255 255 255 255 255 255 255 255 255 255 255 255 255 255 255 255 255 255 255 209 004 000 002 099 
255 255 255 255 255 255 255 255 255 255 255 255 255 255 255 255 255 255 255 255 255 255 255 255 255 217 135 135 135 152 255 255 255 255 255 255 255 255 255 255 255 255 255 255 255 255 255 255 255 255 255 255 255 255 255 255 255 255 255 255 255 255 255 255 255 255 255 255 113 055 203 255 
255 255 255 255 255 255 255 255 255 255 255 255 255 255 255 255 255 255 255 255 255 255 255 255 255 255 255 255 255 255 255 255 255 255 255 255 255 255 255 255 255 255 255 255 255 255 255 255 255 255 255 255 255 255 255 255 255 255 255 255 255 255 255 255 255 255 255 255 249 254 255 255 
255 255 255 255 255 255 255 255 255 255 255 255 255 255 255 255 255 255 255 255 255 255 255 255 255 255 255 255 255 255 255 255 255 255 255 255 255 255 255 255 255 255 255 255 255 255 255 255 255 255 255 255 255 255 255 255 255 255 255 255 255 255 255 255 255 255 255 255 255 255 255 255 
255 255 255 255 255 255 255 255 255 255 255 255 255 255 255 255 255 255 255 255 255 255 255 255 255 255 255 255 255 255 255 255 255 255 255 255 255 255 255 255 255 255 255 255 255 255 255 255 255 255 255 255 255 255 255 255 255 255 255 255 255 255 255 255 255 255 255 255 255 255 255 255 
255 255 255 255 255 255 255 255 255 255 255 255 255 255 255 255 255 255 255 255 255 255 255 255 255 255 255 255 255 255 255 255 255 255 255 255 255 255 255 255 255 255 255 255 255 255 255 255 255 255 255 255 255 255 255 255 255 255 255 255 255 255 255 255 255 255 255 255 255 255 255 255 
255 255 255 255 255 255 255 255 255 255 255 255 255 255 255 255 255 255 255 255 255 255 255 255 255 255 255 255 255 255 255 255 255 255 255 255 255 255 255 255 255 255 255 255 255 255 255 255 255 255 255 255 255 255 255 255 255 255 255 255 255 255 255 255 255 255 255 255 255 255 255 255 
255 255 255 255 255 255 255 255 255 255 255 255 255 255 255 255 255 255 255 255 255 255 255 255 255 255 255 255 255 255 255 255 255 255 255 255 255 255 255 255 255 255 255 255 255 255 255 255 255 255 255 255 255 255 255 255 255 255 255 255 255 255 255 255 255 255 255 255 255 255 255 255 
255 255 255 255 255 255 255 255 255 255 255 255 255 255 255 255 255 255 255 255 255 255 255 255 255 255 255 255 255 255 255 255 255 255 255 255 255 255 255 255 255 255 255 255 255 255 255 255 255 255 255 255 255 255 255 255 255 255 255 255 255 255 255 255 255 255 255 255 255 255 255 255 
255 255 255 255 255 255 255 255 255 255 255 255 255 255 255 255 255 255 255 255 255 255 255 255 255 255 255 255 255 255 255 255 255 255 255 255 255 255 255 255 255 255 255 255 255 255 255 255 255 255 255 255 255 255 255 255 255 255 255 255 255 255 255 255 255 255 255 255 255 255 255 255 
255 255 255 255 255 255 255 255 255 255 255 255 255 255 255 255 255 255 255 255 255 255 255 255 255 255 255 255 255 255 255 255 255 255 255 255 255 255 255 255 255 255 255 255 255 255 255 255 255 255 255 255 255 255 255 255 255 255 255 255 255 255 255 255 255 255 255 255 255 255 255 255 
255 255 255 255 255 255 255 255 255 255 255 255 255 255 255 255 255 255 255 255 255 255 255 255 255 255 255 255 255 255 255 255 255 255 255 255 255 255 255 255 255 255 255 255 255 255 255 255 255 255 255 255 255 255 255 255 255 255 255 255 255 255 255 255 255 255 255 255 255 255 255 255 
