255 047 000 000 113 255 255 194 000 000 000 231 255 255 112 000 000 115 255 255 255 179 000 000 000 226 255 255 255 255 255 255 255 255 255 255 255 255 204 007 000 000 028 238 214 000 000 000 100 255 255 255 255 255 255 255 255 217 000 000 000 138 255 255 255 255 255 077 000 000 000 232 
255 047 000 000 113 255 255 113 000 000 036 255 255 255 112 000 000 047 171 206 203 141 000 000 000 226 255 255 255 255 255 255 255 255 255 255 255 255 255 149 000 000 000 086 127 000 000 000 181 255 255 255 255 255 255 255 255 175 000 000 000 180 255 255 255 255 255 063 000 000 000 245 
255 047 000 000 113 255 249 029 000 000 096 255 255 255 113 000 000 000 000 000 000 000 000 000 000 226 255 255 255 255 255 255 255 255 255 255 255 255 255 255 086 000 000 000 012 000 000 014 249 255 255 255 255 255 255 255 255 134 000 000 000 222 255 255 255 255 255 048 000 000 003 255 
255 047 000 000 113 255 136 000 000 000 162 255 255 255 155 000 000 000 000 000 000 000 000 000 000 226 255 255 255 255 255 255 255 255 255 255 255 255 255 255 242 033 000 000 000 000 000 089 255 255 255 255 255 255 255 255 255 092 000 000 010 254 255 255 255 255 255 034 000 000 015 255 
255 047 000 000 113 218 012 000 000 024 248 255 255 255 251 157 080 060 047 038 043 034 000 000 000 226 255 255 255 255 255 255 255 255 255 255 255 255 255 255 255 187 000 000 000 000 000 183 255 255 255 255 255 255 255 255 255 050 000 000 050 255 255 255 255 255 255 020 000 000 028 255 
255 047 000 000 113 189 067 001 000 137 255 255 255 255 255 255 255 255 255 255 255 179 000 000 000 226 255 255 255 255 255 255 255 255 255 255 255 255 255 255 255 255 094 000 000 000 039 255 255 255 255 255 255 255 255 255 250 010 000 000 092 255 255 255 255 255 255 006 000 000 041 255 
255 047 000 000 113 255 255 194 070 247 255 255 255 255 255 255 255 255 255 255 255 179 000 000 000 226 255 255 255 255 255 255 255 255 255 255 255 255 255 255 255 253 054 000 000 000 009 217 255 255 255 255 255 255 255 255 187 000 000 000 138 255 255 255 255 255 247 000 000 000 054 255 
255 047 000 000 113 255 255 255 255 255 255 255 255 255 255 255 255 255 255 255 255 179 000 000 000 226 255 255 255 255 255 255 255 255 255 255 255 255 255 255 255 135 000 000 000 000 000 056 252 255 255 255 255 255 255 255 107 000 000 000 209 255 255 255 255 255 233 000 000 000 067 255 
255 047 000 000 074 166 166 166 166 166 166 166 166 166 166 166 166 166 166 166 166 117 000 000 000 226 255 255 255 255 255 255 255 255 255 255 255 255 255 255 189 003 000 000 000 000 000 000 136 255 255 255 255 255 255 255 029 000 000 029 255 255 255 255 255 255 219 000 000 000 080 255 
255 047 000 000 000 000 000 000 000 000 000 000 000 000 000 000 000 000 000 000 000 000 000 000 000 226 255 255 255 255 255 255 255 255 255 255 255 255 255 227 021 000 000 000 083 003 000 000 007 214 255 255 255 255 255 181 000 000 000 104 255 255 255 255 255 255 204 000 000 000 093 255 
255 047 000 000 000 000 000 000 000 000 000 000 000 000 000 000 000 000 000 000 000 000 000 000 000 226 255 255 255 255 255 255 255 255 255 255 255 255 236 045 000 000 000 046 249 102 000 000 000 061 254 255 255 255 255 058 000 000 000 199 255 255 255 255 255 255 190 000 000 000 106 255 
255 047 000 000 052 117 117 117 117 117 117 117 117 117 117 117 117 117 117 117 117 082 000 000 000 226 255 255 255 255 255 255 255 255 255 255 255 239 049 000 000 000 009 209 255 232 012 000 000 000 155 255 255 255 191 000 000 000 058 255 255 255 255 255 255 255 176 000 000 000 119 255 
255 047 000 000 113 255 255 255 255 255 255 255 255 255 255 255 255 255 255 255 255 179 000 000 000 226 255 255 255 255 255 255 255 255 255 255 236 054 000 000 000 006 183 255 255 255 119 000 000 065 204 255 255 246 042 000 000 000 173 255 255 255 255 255 255 255 162 000 000 000 132 255 
255 047 000 000 113 255 255 255 255 255 255 255 255 255 255 255 255 255 255 255 255 179 000 000 000 225 255 255 255 255 255 255 255 255 255 201 030 000 000 000 003 171 255 255 255 255 235 057 182 255 255 255 255 107 000 000 000 056 253 255 255 255 255 255 255 255 142 000 000 000 145 255 
255 047 000 000 113 255 255 255 255 255 255 255 255 255 255 255 255 255 255 255 255 179 000 000 000 224 255 255 255 255 255 255 255 251 145 006 000 000 000 001 157 255 255 255 255 255 255 255 255 255 255 255 168 000 000 000 006 213 255 255 255 255 255 255 255 255 083 000 000 000 160 255 
255 047 000 000 044 099 099 099 099 099 099 099 099 099 099 099 099 099 099 099 099 070 000 000 000 222 255 255 255 255 255 255 255 155 004 000 000 000 000 143 255 255 255 255 255 255 255 255 255 255 255 167 004 000 000 000 130 255 255 255 255 255 255 255 255 233 007 000 000 000 181 255 
255 047 000 000 000 000 000 000 000 000 000 000 000 000 000 000 000 000 000 000 000 000 000 000 000 217 255 255 255 255 255 255 255 255 183 010 000 005 151 255 255 255 255 255 255 255 255 255 255 255 154 003 000 000 000 087 254 255 255 255 226 238 231 209 161 024 000 000 000 002 227 255 
255 044 000 000 000 000 000 000 000 000 000 000 000 000 000 000 000 000 000 000 000 000 000 000 000 207 255 255 255 255 255 255 255 255 255 191 028 196 255 255 255 255 255 255 255 255 255 255 236 084 000 000 000 000 066 249 255 255 255 255 116 000 000 000 000 000 000 000 000 071 255 255 
255 035 000 000 081 183 183 183 183 183 183 183 183 183 183 183 183 183 183 183 183 129 000 000 000 196 255 255 255 255 255 255 255 255 255 255 247 255 255 255 255 255 255 255 255 255 254 165 025 000 000 000 000 048 241 255 255 255 255 255 240 011 000 000 000 000 000 000 002 179 255 255 
255 027 000 000 113 255 255 255 255 255 255 255 255 255 255 255 255 255 255 255 255 179 000 000 000 185 255 255 255 255 255 255 255 255 255 255 255 255 255 255 255 255 255 255 255 255 220 078 000 000 000 000 045 231 255 255 255 255 255 255 255 096 000 000 000 000 000 021 185 255 255 255 
255 020 000 000 113 255 255 255 255 255 255 255 255 255 255 255 255 255 255 255 255 200 068 068 068 197 255 255 255 255 255 255 255 255 255 255 255 255 255 255 255 255 255 255 255 255 255 255 168 017 000 076 243 255 255 255 255 255 255 255 255 179 000 000 024 089 155 233 255 255 255 255 
255 162 156 156 201 255 255 255 255 255 255 255 255 255 255 255 255 255 255 255 255 255 255 255 255 255 255 255 255 255 255 255 255 255 255 255 255 255 255 255 255 255 255 255 255 255 255 255 255 212 122 253 255 255 255 255 255 255 255 255 255 240 200 232 255 255 255 255 255 255 255 255 
255 255 255 255 255 255 255 255 255 255 255 255 255 255 255 255 255 255 255 255 255 255 255 255 255 255 255 255 255 255 255 255 255 255 255 255 255 255 255 255 255 255 255 255 255 255 255 255 255 255 255 255 255 255 255 255 255 255 255 255 255 255 255 255 255 255 255 255 255 255 255 255 
255 255 255 255 255 255 255 255 255 255 255 255 255 255 255 255 255 255 255 255 255 255 255 255 255 255 255 255 255 255 255 255 255 255 255 255 255 255 255 255 255 255 255 255 255 255 255 255 255 255 255 255 255 255 255 255 255 255 255 255 255 255 255 255 255 255 255 255 255 255 255 255 
255 255 255 255 255 255 255 255 255 255 255 255 255 255 255 255 255 255 255 255 255 255 255 255 255 255 255 255 255 255 255 255 255 255 255 255 255 255 255 255 255 255 255 255 255 255 255 255 255 255 255 255 255 255 255 255 255 255 255 255 255 255 255 255 255 255 255 255 255 255 255 255 
255 255 255 255 255 255 255 255 255 255 255 255 255 255 255 255 255 255 255 255 255 255 255 255 255 255 255 255 255 255 255 255 255 255 255 255 255 255 255 255 255 255 255 255 255 255 255 255 255 255 255 255 255 255 255 255 255 255 255 255 255 255 255 255 255 255 255 255 255 255 255 255 
255 255 255 255 255 255 255 255 255 255 255 255 255 255 255 255 255 255 255 255 255 255 255 255 255 255 255 255 255 255 255 255 255 255 255 255 255 255 255 255 255 255 255 255 255 255 255 255 255 255 255 255 255 255 255 255 255 255 255 255 255 255 255 255 255 255 255 255 255 255 255 255 
255 255 255 255 255 255 255 255 255 255 255 255 255 255 255 255 255 255 255 255 255 255 255 255 255 255 255 255 255 255 255 255 255 255 255 255 255 255 255 255 255 255 255 255 255 255 255 255 255 255 255 255 255 255 255 255 255 255 255 255 255 255 255 255 255 255 255 255 255 255 255 255 
255 255 255 255 255 255 255 255 255 255 255 255 255 255 255 255 255 255 255 255 255 255 255 255 255 255 255 255 255 255 255 255 255 255 255 255 255 255 255 255 255 255 255 255 255 255 255 255 255 255 255 255 255 255 255 255 255 255 255 255 255 255 255 255 255 255 255 255 255 255 255 255 
255 255 255 255 255 255 255 255 255 255 255 255 255 255 255 255 255 255 255 255 255 255 255 255 255 255 255 255 255 255 255 255 255 255 255 255 255 255 255 255 255 255 255 255 255 255 255 255 255 255 255 255 255 255 255 255 255 255 255 255 255 255 255 255 255 255 255 255 255 255 255 255 
255 255 255 255 255 255 255 255 255 255 255 255 255 255 255 255 255 255 255 255 255 255 255 255 255 255 255 255 255 255 255 255 255 255 255 255 255 255 255 255 255 255 255 255 255 255 255 255 255 255 255 255 255 255 255 255 255 255 255 255 255 255 255 255 255 255 255 255 255 255 255 255 
255 255 255 255 255 255 255 255 255 255 255 255 255 255 255 255 255 255 255 255 255 255 255 255 255 255 255 255 255 255 255 255 255 255 255 255 255 255 255 255 255 255 255 255 255 255 255 255 255 255 255 255 255 255 255 255 255 255 255 255 255 255 255 255 255 255 255 255 255 255 255 255 
255 255 255 255 255 255 255 255 255 255 255 255 255 255 255 255 255 255 255 255 255 255 255 255 255 255 255 255 255 255 255 255 255 255 255 255 255 255 255 255 255 255 255 255 255 255 255 255 255 255 255 255 255 255 255 255 255 255 255 255 255 255 255 255 255 255 255 255 255 255 255 255 
255 255 255 255 255 255 255 255 255 255 255 255 255 255 255 255 255 255 255 255 255 255 255 255 255 255 255 255 255 255 255 255 255 255 255 255 255 255 255 255 255 255 255 255 255 255 255 255 255 255 255 255 255 255 255 255 255 255 255 255 255 255 255 255 255 255 255 255 255 255 255 255 
255 255 255 255 255 255 255 255 255 255 255 255 255 255 255 255 255 255 255 255 255 255 255 255 255 255 255 255 255 255 255 255 255 255 255 255 255 255 255 255 255 255 255 255 255 255 255 255 255 255 255 255 255 255 255 255 255 255 255 255 255 255 255 255 255 255 255 255 255 255 255 255 
255 255 255 255 255 255 255 255 255 255 255 255 255 255 255 255 255 255 255 255 255 255 255 255 255 255 255 255 255 255 255 255 255 255 255 255 255 255 255 255 255 255 255 255 255 255 255 255 255 255 255 255 255 255 255 255 255 255 255 255 255 255 255 255 255 255 255 255 255 255 255 255 
255 255 255 255 255 255 255 255 255 255 255 255 255 255 255 255 255 255 255 255 255 255 255 255 255 255 255 255 255 255 255 255 255 255 255 255 255 255 255 255 255 255 255 255 255 255 255 255 255 255 255 255 255 255 255 255 255 255 255 255 255 255 255 255 255 255 255 255 255 255 255 255 
255 255 255 255 255 255 255 255 255 255 255 255 255 255 255 255 255 255 255 255 255 255 255 255 255 255 255 255 255 255 255 255 255 255 255 255 255 255 255 255 255 255 255 255 255 255 255 255 255 255 255 255 255 255 255 255 255 255 255 255 255 255 255 255 255 255 255 255 255 255 255 255 
255 255 255 255 255 255 255 255 255 255 255 255 255 255 255 255 255 255 255 255 255 255 255 255 255 255 255 255 255 255 255 255 255 255 255 255 255 255 255 255 255 255 255 255 255 255 255 255 255 255 255 255 255 255 255 255 255 255 255 255 255 255 255 255 255 255 255 255 255 255 255 255 
255 255 255 255 255 255 255 255 255 255 255 255 255 255 255 255 255 255 255 255 255 255 255 255 255 255 255 255 255 255 255 255 255 255 255 255 255 255 255 255 255 255 255 255 255 255 255 255 255 255 255 255 255 255 255 255 255 255 255 255 255 255 255 255 255 255 255 255 255 255 255 255 
255 255 255 255 255 255 255 255 255 255 255 255 255 255 255 255 255 255 255 255 255 255 255 255 255 255 255 255 255 255 255 255 255 255 255 255 255 255 255 255 255 255 255 255 255 255 255 255 255 255 255 255 255 255 255 255 255 255 255 255 255 255 255 255 255 255 255 255 255 255 255 255 
255 255 255 255 255 255 255 255 255 255 255 255 255 255 255 255 255 255 255 255 255 255 255 255 255 255 255 255 255 255 255 255 255 255 255 255 255 255 255 255 255 255 255 255 255 255 255 255 255 255 255 255 255 255 255 255 255 255 255 255 255 255 255 255 255 255 255 255 255 255 255 255 
255 255 255 255 255 255 255 255 255 255 255 255 255 255 255 255 255 255 255 255 255 255 255 255 255 255 255 255 255 255 255 255 255 255 255 255 255 255 255 255 255 255 255 255 255 255 255 255 255 255 255 255 255 255 255 255 255 255 255 255 255 255 255 255 255 255 255 255 255 255 255 255 
255 255 255 255 255 255 255 255 255 255 255 255 255 255 255 255 255 255 255 255 255 255 255 255 255 255 255 255 255 255 255 255 255 255 255 255 255 255 255 255 255 255 255 255 255 255 255 255 255 255 255 255 255 255 255 255 255 255 255 255 255 255 255 255 255 255 255 255 255 255 255 255 
255 255 255 255 255 255 255 255 255 255 255 255 255 255 255 255 255 255 255 255 255 255 255 255 255 255 255 255 255 255 255 255 255 255 255 255 255 255 255 255 255 255 255 255 255 255 255 255 255 255 255 255 255 255 255 255 255 255 255 255 255 255 255 255 255 255 255 255 255 255 255 255 
255 255 255 255 255 255 255 255 255 255 255 255 255 255 255 255 255 255 255 255 255 255 255 255 255 255 255 255 255 255 255 255 255 255 255 255 255 255 255 255 255 255 255 255 255 255 255 255 255 255 255 255 255 255 255 255 255 255 255 255 255 255 255 255 255 255 255 255 255 255 255 255 
255 255 255 255 255 255 255 255 255 255 255 255 255 255 255 255 255 255 255 255 255 255 255 255 255 255 255 255 255 255 255 255 255 255 255 255 255 255 255 255 255 255 255 255 255 255 255 255 255 255 255 255 255 255 255 255 255 255 255 255 255 255 255 255 255 255 255 255 255 255 255 255 
255 255 255 255 255 255 255 255 255 255 255 255 255 255 255 255 255 255 255 255 255 255 255 255 255 255 255 255 255 255 255 255 255 255 255 255 255 255 255 255 255 255 255 255 255 255 255 255 255 255 255 255 255 255 255 255 255 255 255 255 255 255 255 255 255 255 255 255 255 255 255 255 
255 255 255 255 255 255 255 255 255 255 255 255 255 255 255 255 255 255 255 255 255 255 255 255 255 255 255 255 255 255 255 255 255 255 255 255 255 255 255 255 255 255 255 255 255 255 255 255 255 255 255 255 255 255 255 255 255 255 255 255 255 255 255 255 255 255 255 255 255 255 255 255 
255 255 255 255 255 255 255 255 255 255 255 255 255 255 255 255 255 255 255 255 255 255 255 255 255 255 255 255 255 255 255 255 255 255 255 255 255 255 255 255 255 255 255 255 255 255 255 255 255 255 255 255 255 255 255 255 255 255 255 255 255 255 255 255 255 255 255 255 255 255 255 255 
255 255 255 255 255 255 255 255 255 255 255 255 255 255 255 255 255 255 255 255 255 255 255 255 255 255 255 255 255 255 255 255 255 255 255 255 255 255 255 255 255 255 255 255 255 255 255 255 255 255 255 255 255 255 255 255 255 255 255 255 255 255 255 255 255 255 255 255 255 255 255 255 
255 255 255 255 255 255 255 255 255 255 255 255 255 255 255 255 255 255 255 255 255 255 255 255 255 255 255 255 255 255 255 255 255 255 255 255 255 255 255 255 255 255 255 255 255 255 255 255 255 255 255 255 255 255 255 255 255 255 255 255 255 255 255 255 255 255 255 255 255 255 255 255 
203 202 201 200 199 198 197 196 195 194 193 184 165 147 163 255 255 255 255 255 255 255 255 255 255 255 255 255 255 255 255 255 255 255 255 255 255 255 255 255 255 255 255 255 255 255 255 255 255 255 255 255 255 251 225 242 255 255 255 255 255 255 255 255 255 255 255 255 255 255 255 255 
000 000 000 000 000 000 000 000 000 000 000 000 000 000 064 255 255 255 255 255 255 255 255 255 255 255 255 255 255 255 255 255 255 255 255 255 255 255 255 255 255 255 255 255 255 255 255 255 255 255 255 255 255 229 000 000 004 020 037 055 066 068 070 072 075 077 079 081 084 086 088 090 
000 000 000 000 000 000 000 000 000 000 000 000 000 000 064 255 255 255 255 255 255 255 255 255 255 255 255 255 255 255 255 255 255 255 255 255 255 255 255 255 255 255 255 255 255 255 255 255 255 255 255 255 255 229 000 000 000 000 000 000 000 000 000 000 000 000 000 000 000 000 000 000 
000 000 000 000 000 000 000 000 000 000 000 000 000 000 064 255 255 255 255 255 255 255 255 255 255 255 255 255 255 255 255 255 255 255 255 255 255 255 255 255 255 255 255 255 255 255 255 255 255 255 255 255 255 229 000 000 000 000 000 000 000 000 000 000 000 000 000 000 000 000 000 000 
212 212 212 212 212 212 153 007 000 000 000 000 053 137 192 255 255 255 255 255 255 255 255 255 255 255 255 255 255 255 255 255 255 255 255 255 255 255 255 255 255 255 255 255 255 255 255 255 255 255 255 255 255 234 052 063 075 087 098 109 113 115 116 118 119 121 093 000 000 000 122 122 
255 255 255 255 255 154 006 000 000 000 029 187 255 255 255 255 255 255 255 255 255 255 255 255 255 255 255 255 255 255 255 255 255 255 255 255 255 255 255 255 255 255 255 255 255 255 255 255 255 255 255 255 255 255 255 255 255 255 255 255 255 255 255 255 255 255 194 000 000 000 255 255 
255 255 255 234 090 000 000 000 000 086 239 255 255 255 255 255 255 255 255 255 255 255 255 255 255 255 255 255 255 255 255 255 255 255 255 255 255 255 255 255 255 255 255 255 255 255 255 255 255 255 255 255 255 255 255 255 255 255 255 255 255 255 255 255 255 255 194 000 000 000 255 255 
255 255 158 018 000 000 000 012 160 255 255 255 255 255 255 255 255 255 255 255 255 255 255 255 255 255 255 255 255 255 255 255 255 255 255 255 255 255 255 255 255 255 255 255 255 255 255 255 255 255 255 255 255 255 255 255 255 255 255 255 255 255 255 255 255 255 194 000 000 000 255 255 
212 066 000 000 000 000 055 220 255 255 255 255 255 255 255 255 255 255 255 255 255 255 255 255 255 255 255 255 255 255 255 255 255 255 255 255 255 255 255 255 255 255 255 255 255 255 255 255 255 255 255 255 255 255 255 255 255 255 255 255 255 255 255 255 255 255 194 000 000 000 255 255 
001 000 000 000 002 124 251 255 255 255 255 255 255 255 255 255 255 255 255 255 255 255 255 255 255 255 255 255 255 255 255 255 255 255 255 255 255 255 255 255 255 255 255 255 255 255 255 255 255 255 255 255 255 255 255 255 255 255 255 255 255 255 255 255 255 255 194 000 000 000 255 255 
000 000 000 031 194 255 255 255 255 255 255 255 255 255 255 255 255 255 255 255 255 255 255 255 255 255 255 255 255 255 255 255 255 255 255 255 255 255 255 255 255 255 255 255 255 255 255 255 255 255 255 255 255 255 255 255 246 072 086 101 116 126 129 132 135 138 107 000 000 000 142 142 
000 000 079 240 255 255 255 255 255 255 255 255 255 255 255 255 255 255 255 255 255 255 255 255 255 255 255 255 255 255 255 255 255 255 255 255 255 255 255 255 255 255 255 255 255 255 255 255 255 255 255 255 255 255 255 255 255 006 000 000 000 000 000 000 000 000 000 000 000 000 000 000 
000 000 172 255 255 255 255 255 255 255 255 255 255 255 255 255 255 255 255 255 255 255 255 255 255 255 255 255 255 255 255 255 255 255 255 255 255 255 255 255 255 255 255 255 255 255 255 255 255 255 255 255 255 255 255 255 255 026 000 000 000 000 000 000 000 000 000 000 000 000 000 000 
000 000 172 255 255 255 255 255 255 255 255 255 255 255 255 255 255 255 255 255 255 255 255 255 255 255 255 255 255 255 255 255 255 255 255 255 255 255 255 255 255 255 255 255 255 255 255 255 255 255 255 255 255 255 255 255 255 034 000 000 029 107 107 107 107 107 080 000 000 001 107 107 
000 000 172 255 255 255 255 255 255 255 255 255 255 255 255 255 255 255 255 255 255 255 255 255 255 255 255 255 255 255 255 255 255 255 255 255 255 255 255 255 255 255 255 255 255 255 255 255 255 255 255 255 255 255 255 255 255 040 000 000 070 255 255 255 255 255 182 000 000 013 255 255 
000 000 131 192 189 186 183 180 177 174 172 169 163 150 137 125 112 099 119 255 255 255 255 255 255 255 255 255 255 255 255 255 255 255 255 255 255 255 255 255 255 255 255 255 255 255 255 255 255 255 255 255 255 255 255 255 255 045 000 000 070 255 255 255 255 255 165 000 000 026 255 255 
000 000 000 000 000 000 000 000 000 000 000 000 000 000 000 000 000 000 046 255 255 255 255 255 255 255 255 255 255 255 255 255 255 255 255 255 255 255 255 255 255 255 255 255 255 255 255 255 255 255 255 255 255 255 255 255 255 045 000 000 070 255 255 255 255 255 116 000 000 060 255 255 
000 000 000 000 000 000 000 000 000 000 000 000 000 000 000 000 000 000 046 255 255 255 255 255 255 255 255 255 255 255 255 255 255 255 255 255 255 255 255 255 255 255 255 255 255 255 255 255 255 255 255 255 255 255 255 255 255 045 000 000 070 255 255 255 255 255 062 000 000 113 255 255 
000 000 000 000 000 000 000 000 000 000 000 000 000 000 000 000 000 000 046 255 255 255 255 255 255 255 255 255 255 255 255 255 255 255 255 255 255 255 255 255 255 255 255 255 255 255 255 255 255 255 255 255 255 255 255 255 255 045 000 000 070 255 255 255 255 251 011 000 000 165 255 255 
000 000 149 219 216 213 210 207 204 201 199 196 189 177 164 152 139 126 141 255 255 255 255 255 255 255 255 255 255 255 255 255 255 255 255 255 255 255 255 255 255 255 255 255 255 255 255 255 255 255 255 255 255 255 255 255 255 045 000 000 070 255 255 255 255 159 000 000 000 219 255 255 
000 000 172 255 255 255 255 255 255 255 255 255 255 255 255 255 255 255 255 255 255 255 255 255 255 255 255 255 255 255 255 255 255 255 255 255 255 255 255 255 255 255 255 255 255 255 255 255 255 255 255 255 255 255 255 255 255 045 000 000 070 255 255 255 251 035 000 000 058 255 255 255 
000 000 172 255 255 255 255 255 255 255 255 255 255 255 255 255 255 255 255 255 255 255 255 255 255 255 255 255 255 255 255 255 255 255 255 255 255 255 255 255 255 255 255 255 255 255 255 255 255 255 255 255 255 255 255 255 255 045 000 000 070 255 255 255 150 000 000 000 177 255 255 255 
000 000 172 255 255 255 255 255 255 255 255 255 255 255 255 255 255 255 255 255 255 255 255 255 255 255 255 255 255 255 255 255 255 255 255 255 255 255 255 255 255 255 255 255 255 255 255 255 255 255 255 255 255 255 255 255 255 045 000 000 070 255 255 186 005 000 000 043 254 255 255 255 
000 000 172 255 255 255 255 255 255 255 255 255 255 255 255 255 255 255 255 255 255 255 255 255 255 255 255 255 255 255 255 255 255 255 255 255 255 255 255 255 255 255 255 255 255 255 255 255 255 255 255 255 255 255 255 255 255 045 000 000 070 255 205 013 000 000 004 194 255 255 255 255 
000 000 172 255 255 255 255 255 255 255 255 255 255 255 255 255 255 255 255 255 255 255 255 255 255 255 255 255 255 255 255 255 255 255 255 255 255 255 255 255 255 255 255 255 255 255 255 255 255 255 255 255 255 255 255 255 255 045 000 000 070 175 013 000 000 000 140 255 255 255 255 255 
000 000 172 255 255 255 255 255 255 255 255 255 255 255 255 255 255 255 255 255 255 255 255 255 255 255 255 255 255 255 255 255 255 255 255 255 255 255 255 255 255 255 255 255 255 255 255 255 255 255 255 255 255 255 255 255 255 045 000 000 070 221 066 000 000 084 255 255 255 255 255 255 
000 000 172 255 255 255 255 255 255 255 255 255 255 255 255 255 255 255 255 255 255 255 255 255 255 255 255 198 112 094 114 203 255 255 255 255 255 255 255 255 255 255 255 255 255 255 255 255 255 255 255 255 255 255 255 255 255 042 000 000 070 255 252 114 069 247 255 255 255 255 255 255 
000 000 172 255 255 255 255 255 255 255 255 255 255 255 255 255 255 255 255 255 255 255 255 255 255 236 058 000 000 000 000 000 067 241 255 255 255 255 255 255 255 255 255 255 255 255 255 255 255 255 255 255 255 255 255 255 255 039 000 000 070 255 255 255 248 255 255 255 255 255 255 255 
000 000 172 255 255 255 255 255 255 255 255 255 255 255 255 255 255 255 255 255 255 255 255 255 243 048 000 071 180 214 175 063 000 056 247 255 255 255 255 255 255 255 255 255 255 255 255 255 255 255 255 255 255 255 255 255 255 035 000 000 070 255 255 255 255 255 255 255 255 255 255 255 
000 000 172 255 255 255 255 255 255 255 255 255 255 255 255 255 255 255 255 255 255 255 255 255 147 000 098 254 255 255 255 252 087 000 157 255 255 255 255 255 255 255 255 255 255 255 255 255 255 255 255 255 255 255 255 255 255 032 000 000 070 255 255 255 255 255 255 255 255 255 255 255 
000 000 172 255 255 255 255 255 255 255 255 255 255 255 255 255 255 255 255 255 255 255 255 255 047 007 235 255 255 255 255 255 229 004 055 255 255 255 255 255 255 255 255 255 255 255 255 255 255 255 255 255 255 255 255 255 255 029 000 000 017 063 063 063 063 063 063 063 063 063 063 063 
000 000 172 255 255 255 255 255 255 255 255 255 255 255 255 255 255 255 255 255 255 255 255 255 010 052 255 255 255 255 255 255 255 046 017 255 255 255 255 255 255 255 255 255 255 255 255 255 255 255 255 255 255 255 255 255 255 025 000 000 000 000 000 000 000 000 000 000 000 000 000 000 
000 000 173 255 255 255 255 255 255 255 255 255 255 255 255 255 255 255 255 255 255 255 255 255 017 037 255 255 255 255 255 255 255 036 022 255 255 255 255 255 255 255 255 255 255 255 255 255 255 255 255 255 255 255 255 255 255 019 000 000 000 000 000 000 000 000 000 000 000 000 000 000 
000 000 192 255 255 255 255 255 255 255 255 255 255 255 255 255 255 255 255 255 255 255 255 255 085 000 198 255 255 255 255 255 205 000 076 255 255 255 255 255 255 255 255 255 255 255 255 255 255 255 255 255 255 255 255 255 255 006 000 000 045 164 164 164 164 164 164 164 164 164 164 164 
000 047 254 255 255 255 255 255 255 255 255 255 255 255 255 255 255 255 255 255 255 255 255 255 194 000 031 220 255 255 255 230 041 000 187 255 255 255 255 255 255 255 255 255 255 255 255 255 255 255 255 255 255 255 255 255 248 000 000 000 070 255 255 255 255 255 255 255 255 255 255 255 
057 211 255 255 255 255 255 255 255 255 255 255 255 255 255 255 255 255 255 255 255 255 255 255 255 134 000 006 086 123 090 009 000 105 255 255 255 255 255 255 255 255 255 255 255 255 255 255 255 255 255 255 255 255 255 255 235 000 000 000 070 255 255 255 255 255 255 255 255 255 255 255 
254 255 255 255 255 255 255 255 255 255 255 255 255 255 255 255 255 255 255 255 255 255 255 255 255 255 160 040 000 000 000 032 144 255 255 255 255 255 255 255 255 255 255 255 255 255 255 255 255 255 255 255 255 255 255 255 222 000 000 000 070 255 255 255 255 255 255 255 255 255 255 255 
255 255 255 255 255 255 255 255 255 255 255 255 255 255 255 255 255 255 255 255 255 255 255 255 255 255 255 254 204 185 204 254 255 255 255 255 255 255 255 255 255 255 255 255 255 255 255 255 255 255 255 255 255 255 255 255 245 191 191 191 209 255 255 255 255 255 255 255 255 255 255 255 
255 255 255 255 255 255 255 255 255 255 255 255 255 255 255 255 255 255 255 255 255 255 255 255 255 255 255 255 255 255 255 255 255 255 255 255 255 255 255 255 255 255 255 255 255 255 255 255 255 255 255 255 255 255 255 255 255 255 255 255 255 255 255 255 255 255 255 255 255 255 255 255 
255 255 255 255 255 255 255 255 255 255 255 255 255 255 255 255 255 255 255 255 255 255 255 255 255 255 255 255 255 255 255 255 255 255 255 255 255 255 255 255 255 255 255 255 255 255 255 255 255 255 255 255 255 255 255 255 255 255 255 255 255 255 255 255 255 255 255 255 255 255 255 255 
255 255 255 255 255 255 255 255 255 255 255 255 255 255 255 255 255 255 255 255 255 255 255 255 255 255 255 255 255 255 255 255 255 255 255 255 255 255 255 255 255 255 255 255 255 255 255 255 255 255 255 255 255 255 255 255 255 255 255 255 255 255 255 255 255 255 255 255 255 255 255 255 
255 255 255 255 255 255 255 255 255 255 255 255 255 255 255 255 255 255 255 255 255 255 255 255 255 255 255 255 255 255 255 255 255 255 255 255 255 255 255 255 255 255 255 255 255 255 255 255 255 255 255 255 255 255 255 255 255 255 255 255 255 255 255 255 255 255 255 255 255 255 255 255 
255 255 255 255 255 255 255 255 255 255 255 255 255 255 255 255 255 255 255 255 255 255 255 255 255 255 255 255 255 255 255 255 255 255 255 255 255 255 255 255 255 255 255 255 255 255 255 255 255 255 255 255 255 255 255 255 255 255 255 255 255 255 255 255 255 255 255 255 255 255 255 255 
255 255 255 255 255 255 255 255 255 255 255 255 255 255 255 255 255 255 255 255 255 255 255 255 255 255 255 255 255 255 255 255 255 255 255 255 255 255 255 255 255 255 255 255 255 255 255 255 255 255 255 255 255 255 255 255 255 255 255 255 255 255 255 255 255 255 255 255 255 255 255 255 
255 255 255 255 255 255 255 255 255 255 255 255 255 255 255 255 255 255 255 255 255 255 255 255 255 255 255 255 255 255 255 255 255 255 255 255 255 255 255 255 255 255 255 255 255 255 255 255 255 255 255 255 255 255 255 255 255 255 255 255 255 255 255 255 255 255 255 255 255 255 255 255 
255 255 255 255 255 255 255 255 255 255 255 255 255 255 255 255 255 255 255 255 255 255 255 255 255 255 255 255 255 255 255 255 255 255 255 255 255 255 255 255 255 255 255 255 255 255 255 255 255 255 255 255 255 255 255 255 255 255 255 255 255 255 255 255 255 255 255 255 255 255 255 255 
255 255 255 255 255 255 255 255 255 255 255 255 255 255 255 255 255 255 255 255 255 255 255 255 255 255 255 255 255 255 255 255 255 255 255 255 255 255 255 255 255 255 255 255 255 255 255 255 255 255 255 255 255 255 255 255 255 255 255 255 255 255 255 255 255 255 255 255 255 255 255 255 
255 255 255 255 255 255 255 255 255 255 255 255 255 255 255 255 255 255 255 255 255 255 255 255 255 255 255 255 255 255 255 255 255 255 255 255 255 255 255 255 255 255 255 255 255 255 255 255 255 255 255 255 255 255 255 255 255 255 255 255 255 255 255 255 255 255 255 255 255 255 255 255 
255 255 255 255 255 255 255 255 255 255 255 255 255 255 255 255 255 255 255 255 255 255 255 255 255 255 255 255 255 255 255 255 255 255 255 255 255 255 255 255 255 255 255 255 255 255 255 255 255 255 255 255 255 255 255 255 255 255 255 255 255 255 255 255 255 255 255 255 255 255 255 255 
255 255 255 255 255 255 255 255 255 255 255 255 255 255 255 255 255 255 255 255 255 255 255 255 255 255 255 255 255 255 255 255 255 255 255 255 255 255 255 255 255 255 255 255 255 255 255 255 255 255 255 255 255 255 255 255 255 255 255 255 255 255 255 255 255 255 255 255 255 255 255 255 
255 255 255 255 255 255 255 255 255 255 255 255 255 255 255 255 255 255 255 255 255 255 255 255 255 255 255 255 255 255 255 255 255 255 255 255 255 255 255 255 255 255 255 255 255 255 255 255 255 255 255 255 255 255 255 255 255 255 255 255 255 255 255 255 255 255 255 255 255 255 255 255 
255 255 255 255 255 255 255 255 255 255 255 255 255 255 255 255 255 255 255 255 255 255 255 255 255 255 255 255 255 255 255 255 255 255 255 255 255 255 255 255 255 255 255 255 255 255 255 255 255 255 255 255 255 255 255 255 255 255 255 255 255 255 255 255 255 255 255 255 255 255 255 255 
255 255 255 255 255 255 255 255 255 255 255 255 255 255 255 255 255 255 255 255 255 255 255 255 255 255 255 255 255 255 255 255 255 255 255 255 255 255 255 255 255 255 255 255 255 255 255 255 255 255 255 255 255 255 255 255 255 255 255 255 255 255 255 255 255 255 255 255 255 255 255 255 
255 255 255 255 255 255 255 255 255 255 255 255 255 255 255 255 255 255 255 255 255 255 255 255 255 255 255 255 255 255 255 255 255 255 255 255 255 255 255 255 255 255 255 255 255 255 255 255 255 255 255 255 255 255 255 255 255 255 255 255 255 255 255 255 255 255 255 255 255 255 255 255 
255 255 255 255 255 255 255 255 255 255 255 255 255 255 255 255 255 255 255 255 255 255 255 255 255 255 255 255 255 255 255 255 255 255 255 255 255 255 255 255 255 255 255 255 255 255 255 255 255 255 255 255 255 255 255 255 255 255 255 255 255 255 255 255 255 255 255 255 255 255 255 255 
255 255 255 255 255 255 255 255 255 255 255 255 255 255 255 255 255 255 255 255 255 255 255 255 255 255 255 255 255 255 255 255 255 255 255 255 255 255 255 255 255 255 255 255 255 255 255 255 255 255 255 255 255 255 255 255 255 255 255 255 255 255 255 255 255 255 255 255 255 255 255 255 
255 255 255 255 255 255 255 255 255 255 255 255 255 255 255 255 255 255 255 255 255 255 255 255 255 255 255 255 255 255 255 255 255 255 255 255 255 255 255 255 255 255 255 255 255 255 255 255 255 255 255 255 255 255 255 255 255 255 255 255 255 255 255 255 255 255 255 255 255 255 255 255 
255 255 255 255 255 255 255 255 255 255 255 255 255 255 255 255 255 255 255 255 255 255 255 255 255 255 255 255 255 255 255 255 255 255 255 255 255 255 255 255 255 255 255 255 255 255 255 255 255 255 255 255 255 255 255 255 255 255 255 255 255 255 255 255 255 255 255 255 255 255 255 255 
255 255 255 255 255 255 255 255 255 255 255 255 255 255 255 255 255 255 255 255 255 255 255 255 255 255 255 255 255 255 255 255 255 255 255 255 255 255 255 255 255 255 255 255 255 255 255 255 255 255 255 255 255 255 255 255 255 255 255 255 255 255 255 255 255 255 255 255 255 255 255 255 
255 255 255 255 255 255 255 255 255 255 255 255 255 255 255 255 255 255 255 255 255 255 255 255 255 255 255 255 255 255 255 255 255 255 255 255 255 255 255 255 255 255 255 255 255 255 255 255 255 255 255 255 255 255 255 255 255 255 255 255 255 255 255 255 255 255 255 255 255 255 255 255 
255 255 255 255 255 255 255 255 255 255 255 255 255 255 255 255 255 255 255 255 255 255 255 255 255 255 255 255 255 255 255 255 255 255 255 255 255 255 255 255 255 255 255 255 255 255 255 255 255 255 255 255 255 255 255 255 255 255 255 255 255 255 255 255 255 255 255 255 255 255 255 255 
255 255 255 255 255 255 255 255 255 255 255 255 255 255 255 255 255 255 255 255 255 255 255 255 255 255 255 255 255 255 255 255 255 255 255 255 255 255 255 255 255 255 255 255 255 255 255 255 255 255 255 255 255 255 255 255 255 255 255 255 255 255 255 255 255 255 255 255 255 255 255 255 
255 255 255 255 255 255 255 255 255 255 255 255 255 255 255 255 255 255 255 255 255 255 255 255 255 255 255 255 255 255 255 255 255 255 255 255 255 255 255 255 255 255 255 255 255 255 255 255 255 255 255 255 255 255 255 255 255 255 255 255 255 255 255 255 255 255 255 255 255 255 255 255 
255 255 255 255 255 255 255 255 255 255 255 255 255 255 255 255 255 255 255 255 255 255 255 255 255 255 255 255 255 255 255 255 255 255 255 255 255 255 255 255 255 255 255 255 255 255 255 255 255 255 255 255 255 255 255 255 255 255 255 255 255 255 255 255 255 255 255 255 255 255 255 255 
255 255 255 255 255 255 255 255 255 255 255 255 255 255 255 255 255 255 255 255 255 255 255 255 255 255 255 255 255 255 255 255 255 255 255 255 255 255 255 255 255 255 255 255 255 255 255 255 255 255 255 255 255 255 255 255 255 255 255 255 255 255 255 255 255 255 255 255 255 255 255 255 
255 255 255 255 255 255 255 255 255 255 255 255 255 255 255 255 255 255 255 255 255 255 255 255 255 255 255 255 255 255 255 255 255 255 255 255 255 255 255 255 255 255 255 255 255 255 255 255 255 255 255 255 255 255 255 255 255 255 255 255 255 255 255 255 255 255 255 255 255 255 255 255 
255 255 255 255 255 206 200 253 255 255 255 255 255 255 255 255 255 255 255 255 255 255 255 255 255 255 255 255 255 255 255 255 255 255 255 255 255 255 255 255 255 255 255 255 255 255 255 255 255 255 255 225 101 213 255 255 255 255 255 255 255 255 255 255 255 255 255 255 255 255 255 255 
255 255 255 255 255 123 000 019 078 111 144 212 255 255 255 255 255 255 255 255 255 255 255 255 255 255 255 255 255 255 255 255 255 255 255 255 255 255 255 255 255 255 255 255 255 255 255 255 255 255 255 154 000 001 063 139 214 255 255 255 255 255 255 255 255 255 255 255 255 255 255 255 
255 255 255 255 255 098 000 000 000 000 019 200 255 255 255 255 255 255 255 255 255 255 255 255 255 255 255 255 255 255 255 255 255 255 255 255 255 255 255 255 255 255 255 255 255 255 255 255 255 255 255 083 000 000 000 000 041 241 255 255 255 255 255 255 255 255 255 255 255 255 255 255 
255 255 255 255 255 049 000 000 000 003 203 255 255 255 255 255 255 255 255 255 255 255 255 255 255 255 255 255 255 255 255 255 255 255 255 255 255 255 255 255 255 255 255 255 255 255 255 255 255 255 236 008 000 000 000 028 236 255 255 255 255 255 255 255 255 255 255 255 255 255 255 255 
255 255 255 255 248 005 000 000 000 118 255 255 255 255 255 255 255 255 255 255 255 255 255 255 255 255 255 255 255 255 255 255 255 255 255 255 255 255 255 255 255 255 255 255 255 255 255 255 255 255 136 000 000 000 003 193 255 255 255 255 255 255 255 255 255 255 255 255 255 255 255 255 
255 255 255 255 203 000 000 000 037 247 255 255 255 255 255 255 255 255 255 255 255 255 255 255 255 255 255 255 255 255 255 255 255 255 255 255 255 255 255 255 255 255 255 255 255 255 255 255 255 253 031 000 000 000 106 255 255 255 255 255 255 255 255 255 255 255 255 255 255 255 255 255 
255 255 255 255 137 000 000 000 165 255 255 255 255 255 255 255 255 255 255 255 255 255 255 255 255 255 255 255 255 255 255 255 255 255 255 255 249 075 097 120 142 163 172 181 189 197 206 214 222 164 000 000 000 011 210 225 221 218 214 211 207 204 200 197 194 183 167 152 137 121 106 091 
150 155 159 163 044 000 000 011 163 166 166 166 166 166 166 166 165 165 164 164 163 157 142 127 112 097 082 050 173 255 255 255 255 255 255 255 247 000 000 000 000 000 000 000 000 000 000 000 000 000 000 000 000 000 000 000 000 000 000 000 000 000 000 000 000 000 000 000 000 000 000 000 
000 000 000 000 000 000 000 000 000 000 000 000 000 000 000 000 000 000 000 000 000 000 000 000 000 000 000 000 188 255 255 255 255 255 255 255 247 000 000 000 000 000 000 000 000 000 000 000 000 000 000 000 000 000 000 000 000 000 000 000 000 000 000 000 000 000 000 000 000 000 000 000 
000 000 000 000 000 000 000 000 000 000 000 000 000 000 000 000 000 000 000 000 000 000 000 000 000 000 000 000 211 255 255 255 255 255 255 255 247 000 000 000 002 009 012 016 019 022 025 028 004 000 000 000 027 029 029 029 029 029 029 029 029 029 029 029 029 022 013 004 000 000 000 000 
050 050 050 050 050 050 050 050 050 050 050 050 050 050 050 050 050 050 050 050 050 050 050 050 023 000 000 000 227 255 255 255 255 255 255 255 254 225 236 247 255 255 255 255 255 255 255 214 002 000 000 069 255 255 255 255 255 255 255 255 255 255 255 255 255 255 255 255 251 242 233 224 
255 255 255 255 255 255 255 255 255 255 255 255 255 255 255 255 255 255 255 255 255 255 255 255 116 000 000 000 229 255 255 255 255 255 255 255 255 255 255 255 255 255 255 255 255 255 255 085 000 000 007 218 255 255 255 255 255 255 255 255 255 255 255 255 255 255 255 255 255 255 255 255 
255 255 255 255 255 255 255 255 255 255 255 255 255 255 255 255 255 255 255 255 255 255 255 255 116 000 000 000 230 255 255 255 255 255 255 255 255 255 255 255 255 255 255 255 255 255 189 000 000 000 124 255 255 255 255 255 255 255 255 255 255 255 255 255 255 255 255 255 255 255 255 255 
255 255 255 255 255 255 255 255 255 255 255 255 255 255 255 255 255 255 255 255 255 255 255 255 116 000 000 000 231 255 255 255 255 255 255 255 255 255 255 255 255 255 255 255 255 248 038 000 000 033 246 255 255 255 185 171 205 213 210 239 255 255 255 255 255 255 255 255 255 255 255 255 
255 255 255 255 255 255 255 255 255 255 255 255 255 255 255 255 255 255 255 255 255 255 255 255 116 000 000 000 232 255 255 255 255 255 255 255 255 255 255 255 255 255 255 255 255 129 000 000 001 187 255 255 255 255 124 000 000 000 000 199 255 255 255 255 255 255 255 255 255 255 255 255 
255 255 255 255 255 255 255 255 255 255 255 255 255 255 255 255 255 255 255 255 255 255 255 255 116 000 000 000 232 255 255 255 255 255 255 255 255 255 255 255 255 255 255 255 201 007 000 000 111 255 255 255 255 255 164 000 000 000 049 255 255 255 255 255 255 255 255 255 255 255 255 255 
255 255 255 154 105 127 146 149 152 154 156 157 154 152 149 146 128 106 144 255 255 255 255 255 116 000 000 000 232 255 255 255 255 255 255 255 255 255 255 255 255 255 255 233 028 000 000 042 247 255 255 255 255 255 187 000 000 000 100 255 255 255 255 255 255 255 255 255 255 255 255 255 
255 255 255 116 000 000 000 000 000 000 000 000 000 000 000 000 000 000 097 255 255 255 255 255 116 000 000 000 232 255 255 255 255 255 255 255 255 255 255 255 255 255 250 064 000 000 005 206 255 255 255 255 255 255 190 000 000 000 117 255 255 255 255 255 255 255 255 255 255 255 255 255 
255 255 255 133 000 000 000 000 000 000 000 000 000 000 000 000 000 000 111 255 255 255 255 255 116 000 000 000 232 255 255 255 255 255 255 255 255 255 255 255 255 244 072 000 000 000 134 255 255 255 255 255 255 255 193 000 000 000 118 255 255 255 255 255 255 255 255 255 255 255 249 255 
255 255 255 150 000 000 003 091 091 091 091 091 091 091 091 008 000 000 124 255 255 255 255 255 116 000 000 000 232 255 255 255 255 255 255 255 255 255 255 255 228 055 000 000 000 031 195 197 197 197 197 197 197 197 151 000 000 000 091 191 185 178 173 158 139 120 101 083 064 030 100 255 
255 255 255 154 000 000 009 255 255 255 255 255 255 255 255 024 000 000 128 255 255 255 255 255 116 000 000 000 232 255 255 255 255 255 255 255 255 255 255 255 051 000 000 000 000 000 000 000 000 000 000 000 000 000 000 000 000 000 000 000 000 000 000 000 000 000 000 000 000 000 099 255 
255 255 255 156 000 000 009 255 255 255 255 255 255 255 255 024 000 000 131 255 255 255 255 255 116 000 000 000 232 255 255 255 255 255 255 255 255 255 255 255 178 000 000 000 000 000 000 000 000 000 000 000 000 000 000 000 000 000 000 000 000 000 000 000 000 000 000 000 000 000 099 255 
255 255 255 159 000 000 009 255 255 255 255 255 255 255 255 024 000 000 134 255 255 255 255 255 116 000 000 000 232 255 255 255 255 255 255 255 255 255 255 255 255 048 000 000 000 000 000 000 000 006 015 021 028 034 030 000 000 000 019 041 039 038 037 035 034 033 031 021 006 000 099 255 
255 255 255 162 000 000 009 255 255 255 255 255 255 255 255 024 000 000 136 255 255 255 255 255 116 000 000 000 232 255 255 255 255 255 255 255 255 255 255 255 255 131 018 083 115 145 174 204 233 255 255 255 255 255 197 000 000 000 118 255 255 255 255 255 255 255 255 255 255 247 243 255 
255 255 255 162 000 000 009 255 255 255 255 255 255 255 255 024 000 000 135 255 255 255 255 255 116 000 000 000 232 255 255 255 255 255 255 255 255 255 255 255 255 244 251 255 255 255 255 255 255 255 255 255 255 255 197 000 000 000 118 255 255 255 255 255 255 255 255 255 255 255 255 255 
255 255 255 162 000 000 009 255 255 255 255 255 255 255 255 024 000 000 134 255 255 255 255 255 116 000 000 000 232 255 255 255 255 255 255 255 255 255 255 255 255 255 255 255 255 255 255 255 255 255 255 255 255 255 197 000 000 000 118 255 255 255 255 255 255 255 255 255 255 255 255 255 
255 255 255 162 000 000 009 255 255 255 255 255 255 255 255 024 000 000 132 255 255 255 255 255 116 000 000 000 232 255 255 255 255 255 255 255 255 255 255 255 255 255 255 255 255 195 223 255 255 255 255 255 255 255 197 000 000 000 118 255 255 255 255 255 145 190 255 255 255 255 255 255 
255 255 255 160 000 000 006 165 165 165 165 165 165 165 165 016 000 000 130 255 255 255 255 255 116 000 000 000 232 255 255 255 255 255 255 255 255 255 255 255 255 255 255 255 225 020 026 209 255 255 255 255 255 255 197 000 000 000 118 255 255 255 255 125 000 002 117 250 255 255 255 255 
255 255 255 141 000 000 000 000 000 000 000 000 000 000 000 000 000 000 116 255 255 255 255 255 116 000 000 000 232 255 255 255 255 255 255 255 255 255 255 255 255 255 255 247 051 000 000 006 124 247 255 255 255 255 197 000 000 000 118 255 255 255 153 000 000 000 000 053 228 255 255 255 
255 255 255 121 000 000 000 000 000 000 000 000 000 000 000 000 000 000 101 255 255 255 255 255 116 000 000 000 232 255 255 255 255 255 255 255 255 255 255 255 255 255 245 074 000 000 000 000 000 074 255 255 255 255 197 000 000 000 118 255 255 255 250 119 001 000 000 000 025 200 255 255 
255 255 255 131 059 076 090 092 093 094 095 095 092 090 087 085 076 064 123 255 255 255 255 255 116 000 000 000 232 255 255 255 255 255 255 255 255 255 255 255 255 235 055 000 000 000 000 019 168 251 255 255 255 255 197 000 000 000 118 255 255 255 255 255 185 012 000 000 000 008 163 255 
255 255 255 255 255 255 255 255 255 255 255 255 255 255 255 255 255 255 255 255 255 255 255 255 116 000 000 000 232 255 255 255 255 255 255 255 255 255 255 255 223 038 000 000 000 000 049 223 255 255 255 255 255 255 197 000 000 000 118 255 255 255 255 255 255 193 011 000 000 000 000 118 
255 255 255 255 255 255 255 255 255 255 255 255 255 255 255 255 255 255 255 255 255 255 255 255 116 000 000 000 232 255 255 255 255 255 255 255 255 255 255 208 025 000 000 000 000 092 246 255 255 255 255 255 255 255 197 000 000 000 118 255 255 255 255 255 255 255 191 010 000 000 000 000 
255 255 255 255 255 255 255 255 255 255 255 255 255 255 255 255 255 255 255 255 255 255 255 255 113 000 000 000 232 255 255 255 255 255 255 255 255 255 188 014 000 000 000 004 145 255 255 255 255 255 255 255 255 255 197 000 000 000 118 255 255 255 255 255 255 255 255 189 009 000 000 000 
255 255 255 255 255 255 255 255 255 255 255 255 255 255 255 255 255 255 255 255 255 255 255 246 041 000 000 000 232 255 255 255 255 255 255 255 243 108 001 000 000 000 018 192 255 255 255 255 255 255 255 255 255 255 191 000 000 000 119 255 255 255 255 255 255 255 255 255 186 008 000 000 
255 255 255 255 255 255 255 255 255 255 255 255 255 255 255 255 255 255 255 206 117 113 094 024 000 000 000 000 234 255 255 255 255 255 255 245 050 000 000 000 000 030 214 255 255 255 255 255 255 252 239 255 255 255 119 000 000 000 122 255 255 255 255 255 255 255 255 255 255 176 000 000 
255 255 255 255 255 255 255 255 255 255 255 255 255 255 255 255 255 255 255 251 046 000 000 000 000 000 000 012 249 255 255 255 255 255 255 255 233 055 000 000 045 229 255 255 255 255 255 255 255 255 063 021 038 035 000 000 000 000 142 255 255 255 255 255 255 255 255 255 255 255 113 000 
255 255 255 255 255 255 255 255 255 255 255 255 255 255 255 255 255 255 255 255 154 000 000 000 000 000 000 094 255 255 255 255 255 255 255 255 255 246 065 063 240 255 255 255 255 255 255 255 255 255 188 000 000 000 000 000 000 000 196 255 255 255 255 255 255 255 255 255 255 255 249 155 
255 255 255 255 255 255 255 255 255 255 255 255 255 255 255 255 255 255 255 255 241 007 000 000 000 019 123 250 255 255 255 255 255 255 255 255 255 255 237 248 255 255 255 255 255 255 255 255 255 255 255 040 000 000 000 000 000 057 247 255 255 255 255 255 255 255 255 255 255 255 255 255 
255 255 255 255 255 255 255 255 255 255 255 255 255 255 255 255 255 255 255 255 255 097 105 147 209 254 255 255 255 255 255 255 255 255 255 255 255 255 255 255 255 255 255 255 255 255 255 255 255 255 255 138 000 000 002 049 120 247 255 255 255 255 255 255 255 255 255 255 255 255 255 255 
255 255 255 255 255 255 255 255 255 255 255 255 255 255 255 255 255 255 255 255 255 255 255 255 255 255 255 255 255 255 255 255 255 255 255 255 255 255 255 255 255 255 255 255 255 255 255 255 255 255 255 225 159 193 241 255 255 255 255 255 255 255 255 255 255 255 255 255 255 255 255 255 
255 255 255 255 255 255 255 255 255 255 255 255 255 255 255 255 255 255 255 255 255 255 255 255 255 255 255 255 255 255 255 255 255 255 255 255 255 255 255 255 255 255 255 255 255 255 255 255 255 255 255 255 255 255 255 255 255 255 255 255 255 255 255 255 255 255 255 255 255 255 255 255 
255 255 255 255 255 255 255 255 255 255 255 255 255 255 255 255 255 255 255 255 255 255 255 255 255 255 255 255 255 255 255 255 255 255 255 255 255 255 255 255 255 255 255 255 255 255 255 255 255 255 255 255 255 255 255 255 255 255 255 255 255 255 255 255 255 255 255 255 255 255 255 255 
255 255 255 255 255 255 255 255 255 255 255 255 255 255 255 255 255 255 255 255 255 255 255 255 255 255 255 255 255 255 255 255 255 255 255 255 255 255 255 255 255 255 255 255 255 255 255 255 255 255 255 255 255 255 255 255 255 255 255 255 255 255 255 255 255 255 255 255 255 255 255 255 
255 255 255 255 255 255 255 255 255 255 255 255 255 255 255 255 255 255 255 255 255 255 255 255 255 255 255 255 255 255 255 255 255 255 255 255 255 255 255 255 255 255 255 255 255 255 255 255 255 255 255 255 255 255 255 255 255 255 255 255 255 255 255 255 255 255 255 255 255 255 255 255 
255 255 255 255 255 255 255 255 255 255 255 255 255 255 255 255 255 255 255 255 255 255 255 255 255 255 255 255 255 255 255 255 255 255 255 255 255 255 255 255 255 255 255 255 255 255 255 255 255 255 255 255 255 255 255 255 255 255 255 255 255 255 255 255 255 255 255 255 255 255 255 255 
255 255 255 255 255 255 255 255 255 255 255 255 255 255 255 255 255 255 255 255 255 255 255 255 255 255 255 255 255 255 255 255 255 255 255 255 255 255 255 255 255 255 255 255 255 255 255 255 255 255 255 255 255 255 255 255 255 255 255 255 255 255 255 255 255 255 255 255 255 255 255 255 
255 255 255 255 255 255 255 255 255 255 255 255 255 255 255 255 255 255 255 255 255 255 255 255 255 255 255 255 255 255 255 255 255 255 255 255 255 255 255 255 255 255 255 255 255 255 255 255 255 255 255 255 255 255 255 255 255 255 255 255 255 255 255 255 255 255 255 255 255 255 255 255 
255 255 255 255 255 255 255 255 255 255 255 255 255 255 255 255 255 255 255 255 255 255 255 255 255 255 255 255 255 255 255 255 255 255 255 255 255 255 255 255 255 255 255 255 255 255 255 255 255 255 255 255 255 255 255 255 255 255 255 255 255 255 255 255 255 255 255 255 255 255 255 255 
255 255 255 255 255 255 255 255 255 255 255 255 255 255 255 255 255 255 255 255 255 255 255 255 255 255 255 255 255 255 255 255 255 255 255 255 255 255 255 255 255 255 255 255 255 255 255 255 255 255 255 255 255 255 255 255 255 255 255 255 255 255 255 255 255 255 255 255 255 255 255 255 
255 255 255 255 255 255 255 255 255 255 255 255 255 255 255 255 255 255 255 255 255 255 255 255 255 255 255 255 255 255 255 255 255 255 255 255 255 255 255 255 255 255 255 255 255 255 255 255 255 255 255 255 255 255 255 255 255 255 255 255 255 255 255 255 255 255 255 255 255 255 255 255 
255 255 255 255 255 255 255 255 255 255 255 255 255 255 255 255 255 255 255 255 255 255 255 255 255 255 255 255 255 255 255 255 255 255 255 255 255 255 255 255 255 255 255 255 255 255 255 255 255 255 255 255 255 255 255 255 255 255 255 255 255 255 255 255 255 255 255 255 255 255 255 255 
255 255 255 255 255 255 255 255 255 255 255 255 255 255 255 255 255 255 255 255 255 255 255 255 255 255 255 255 255 255 255 255 255 255 255 255 255 255 255 255 255 255 255 255 255 255 255 255 255 255 255 255 255 255 255 255 255 255 255 255 255 255 255 255 255 255 255 255 255 255 255 255 
255 255 255 255 255 255 255 255 255 255 255 255 255 255 255 255 255 255 255 255 255 255 255 255 255 255 255 255 255 255 255 255 255 255 255 255 255 255 255 255 255 255 255 255 255 255 255 255 255 255 255 255 255 255 255 255 255 255 255 255 255 255 255 255 255 255 255 255 255 255 255 255 
255 255 255 255 255 255 255 255 255 255 255 255 255 255 255 255 255 255 255 255 255 255 255 255 255 255 255 255 255 255 255 255 255 255 255 255 255 255 255 255 255 255 255 255 255 255 255 255 255 255 255 255 255 255 255 255 255 255 255 255 255 255 255 255 255 255 255 255 255 255 255 255 
255 255 255 255 255 255 255 255 255 255 255 255 255 255 255 255 255 255 255 255 255 255 255 255 255 255 255 255 255 255 255 255 255 255 255 255 255 255 255 255 255 255 255 255 255 255 255 255 255 255 255 255 255 255 255 255 255 255 255 255 255 255 255 255 255 255 255 255 255 255 255 255 
255 255 255 255 255 255 255 255 255 255 255 255 255 255 255 255 255 255 255 255 255 255 255 255 255 255 255 255 255 255 255 255 255 255 255 255 255 255 255 255 255 255 255 255 255 255 255 255 255 255 255 255 255 255 255 255 255 255 255 255 255 255 255 255 255 255 255 255 255 255 255 255 
255 255 255 255 255 255 255 255 255 255 255 255 255 255 255 255 255 255 255 255 255 255 255 255 255 255 255 255 255 255 255 255 255 255 255 255 255 255 255 255 255 255 255 255 255 255 255 255 255 255 255 255 255 255 255 255 255 255 255 255 255 255 255 255 255 255 255 255 255 255 255 255 
255 255 255 255 255 255 255 255 255 255 255 255 255 255 255 255 255 255 255 255 255 255 255 255 255 255 255 255 255 255 255 255 255 255 255 255 255 255 255 255 255 255 255 255 255 255 255 255 255 255 255 255 255 255 255 255 255 255 255 255 255 255 255 255 255 255 255 255 255 255 255 255 
255 255 255 255 255 255 255 255 255 255 255 255 255 255 255 255 255 255 255 255 255 255 255 255 255 255 255 255 255 255 255 255 255 255 255 255 255 255 255 255 255 255 255 255 255 255 255 255 255 255 255 255 255 255 255 255 255 255 255 255 255 255 255 255 255 255 255 255 255 255 255 255 
255 255 255 255 255 255 255 255 255 255 255 255 255 255 255 255 255 255 255 255 255 255 255 255 255 255 255 255 255 255 255 255 255 255 255 255 255 255 255 255 255 255 255 255 255 255 255 255 255 255 255 255 255 255 255 255 255 255 255 255 255 255 255 255 255 255 255 255 255 255 255 255 
255 255 255 255 255 255 255 255 255 255 255 255 255 255 255 255 255 255 255 255 255 255 255 255 255 255 255 255 255 255 255 255 255 255 255 255 255 255 255 255 255 255 255 255 255 255 255 255 255 255 255 255 255 255 255 255 255 255 255 255 255 255 255 255 255 255 255 255 255 255 255 255 
