255 255 255 102 000 000 019 255 255 255 255 255 255 222 021 000 000 003 146 004 000 000 044 247 255 255 255 255 076 000 000 026 255 255 255 255 255 255 255 255 255 255 255 255 255 203 000 000 000 023 037 037 037 037 030 000 000 000 188 255 255 255 255 255 255 203 000 000 000 043 000 000 
255 255 255 072 000 000 039 255 255 255 255 255 236 038 000 000 000 127 255 119 000 000 000 108 255 255 255 255 088 000 000 011 255 255 255 255 255 255 255 255 255 255 255 255 255 203 000 000 000 000 000 000 000 000 000 000 000 000 188 255 255 255 255 255 255 092 000 000 011 162 000 000 
255 255 255 019 000 000 065 255 255 255 255 247 058 000 000 000 070 252 255 247 037 000 000 000 188 255 255 255 115 000 000 000 248 255 255 255 255 255 255 255 255 255 255 255 255 203 000 000 000 000 000 000 000 000 000 000 000 000 188 255 255 255 255 255 227 004 000 000 079 227 000 000 
255 255 218 000 000 000 116 255 255 255 253 082 000 000 000 038 239 255 255 255 191 001 000 000 036 247 255 255 142 000 000 000 202 255 255 255 255 255 255 255 255 255 255 255 255 203 000 000 000 117 189 189 189 189 153 000 000 000 188 255 255 255 255 255 115 000 000 000 175 255 056 000 
255 255 163 000 000 000 169 255 255 255 109 000 000 000 016 216 255 255 255 255 255 098 000 000 000 123 255 255 170 000 000 000 147 255 255 255 255 255 255 255 255 255 255 255 255 203 000 000 000 157 255 255 255 255 206 000 000 000 184 255 255 255 255 240 013 000 000 042 254 255 161 000 
255 255 084 000 000 000 221 255 255 126 000 000 000 003 184 255 255 255 255 255 255 229 009 000 000 006 213 255 212 000 000 000 093 255 255 179 231 255 255 255 255 255 255 255 255 200 000 000 000 157 255 255 255 255 206 000 000 000 173 255 255 255 252 076 000 000 000 162 255 255 248 019 
255 237 007 000 000 020 255 249 094 000 000 000 000 141 255 255 255 255 255 255 255 255 116 000 000 000 061 254 254 017 000 000 029 254 255 126 057 237 255 255 255 255 255 255 255 197 000 000 000 157 255 255 255 255 206 000 000 000 162 255 255 255 107 000 000 000 033 251 255 255 255 117 
255 148 000 000 000 102 255 246 148 016 000 000 112 255 255 255 255 255 255 255 255 255 236 014 000 006 109 246 255 086 000 000 000 191 255 086 000 036 174 255 255 255 255 255 255 187 000 000 000 157 255 255 255 255 250 228 228 228 245 255 255 141 000 000 000 000 155 255 255 255 255 225 
251 042 000 000 000 194 255 255 255 231 072 101 255 255 255 255 255 255 255 255 255 255 255 132 089 221 255 255 255 164 000 000 000 089 252 035 000 000 114 255 255 255 255 255 255 175 000 000 000 157 255 255 255 255 255 255 255 255 255 254 146 002 000 000 000 091 255 255 255 255 255 255 
146 000 000 000 032 254 255 255 255 255 251 253 255 255 255 255 255 255 255 255 255 255 255 255 255 255 255 255 255 250 035 000 000 001 090 000 000 000 179 255 255 255 255 255 255 164 000 000 000 158 255 255 255 255 255 255 255 255 211 057 000 000 000 000 055 247 255 255 255 255 255 255 
017 000 000 000 125 255 255 255 255 255 255 255 255 255 255 255 255 255 255 255 255 255 255 255 255 255 255 255 255 255 165 000 000 000 000 000 000 003 241 255 255 255 255 255 255 255 255 255 255 255 255 255 255 255 255 255 246 120 005 000 000 000 000 027 231 255 255 255 255 255 255 255 
000 000 000 017 237 255 255 255 255 255 255 255 255 255 255 255 255 255 255 255 255 255 255 255 255 255 255 255 255 255 254 049 000 000 000 000 000 054 255 255 255 255 255 255 255 255 255 255 255 255 255 255 255 255 208 116 026 000 000 000 000 000 038 212 255 255 255 255 255 255 255 255 
000 000 000 140 255 255 255 255 255 255 255 255 255 255 255 255 255 255 255 255 255 255 255 255 255 255 255 255 255 255 255 225 029 000 000 000 000 151 255 255 255 255 255 255 255 255 255 255 255 255 255 255 255 252 128 001 000 000 000 000 000 090 243 255 255 255 255 255 255 255 255 255 
028 000 033 249 255 255 255 255 255 255 255 255 255 255 255 255 255 255 255 255 255 255 255 255 255 255 255 255 255 255 255 255 216 025 000 000 016 245 255 255 255 255 255 255 255 255 255 255 255 255 255 255 255 255 255 146 000 000 000 008 154 255 255 255 255 255 255 255 255 255 255 255 
199 005 186 255 255 255 255 255 255 255 255 255 255 255 255 255 255 255 255 255 255 255 255 255 255 255 255 255 255 255 255 255 255 242 123 045 161 255 255 255 255 255 255 255 255 255 255 255 255 255 255 255 255 255 255 255 109 000 073 214 255 255 255 255 255 255 255 255 255 255 255 255 
255 197 255 255 255 255 255 255 255 255 255 255 255 255 255 255 255 255 255 255 255 255 255 255 255 255 255 255 255 255 255 255 255 255 255 255 255 255 255 255 255 255 255 255 255 255 255 255 255 255 255 255 255 255 255 255 236 187 255 255 255 255 255 255 255 255 255 255 255 255 255 255 
255 255 255 255 255 255 255 255 255 255 255 255 255 255 255 255 255 255 255 255 255 255 255 255 255 255 255 255 255 255 255 255 255 255 255 255 255 255 255 255 255 255 255 255 255 255 255 255 255 255 255 255 255 255 255 255 255 255 255 255 255 255 255 255 255 255 255 255 255 255 255 255 
255 255 255 255 255 255 255 255 255 255 255 255 255 255 255 255 255 255 255 255 255 255 255 255 255 255 255 255 255 255 255 255 255 255 255 255 255 255 255 255 255 255 255 255 255 255 255 255 255 255 255 255 255 255 255 255 255 255 255 255 255 255 255 255 255 255 255 255 255 255 255 255 
255 255 255 255 255 255 255 255 255 255 255 255 255 255 255 255 255 255 255 255 255 255 255 255 255 255 255 255 255 255 255 255 255 255 255 255 255 255 255 255 255 255 255 255 255 255 255 255 255 255 255 255 255 255 255 255 255 255 255 255 255 255 255 255 255 255 255 255 255 255 255 255 
255 255 255 255 255 255 255 255 255 255 255 255 255 255 255 255 255 255 255 255 255 255 255 255 255 255 255 255 255 255 255 255 255 255 255 255 255 255 255 255 255 255 255 255 255 255 255 255 255 255 255 255 255 255 255 255 255 255 255 255 255 255 255 255 255 255 255 255 255 255 255 255 
255 255 255 255 255 255 255 255 255 255 255 255 255 255 255 255 255 255 255 255 255 255 255 255 255 255 255 255 255 255 255 255 255 255 255 255 255 255 255 255 255 255 255 255 255 255 255 255 255 255 255 255 255 255 255 255 255 255 255 255 255 255 255 255 255 255 255 255 255 255 255 255 
255 255 255 255 255 255 255 255 255 255 255 255 255 255 255 255 255 255 255 255 255 255 255 255 255 255 255 255 255 255 255 255 255 255 255 255 255 255 255 255 255 255 255 255 255 255 255 255 255 255 255 255 255 255 255 255 255 255 255 255 255 255 255 255 255 255 255 255 255 255 255 255 
255 255 255 255 255 255 255 255 255 255 255 255 255 255 255 255 255 255 255 255 255 255 255 255 255 255 255 255 255 255 255 255 255 255 255 255 255 255 255 255 255 255 255 255 255 255 255 255 255 255 255 255 255 255 255 255 255 255 255 255 255 255 255 255 255 255 255 255 255 255 255 255 
255 255 255 255 255 255 255 255 255 255 255 255 255 255 255 255 255 255 255 255 255 255 255 255 255 255 255 255 255 255 255 255 255 255 255 255 255 255 255 255 255 255 255 255 255 255 255 255 255 255 255 255 255 255 255 255 255 255 255 255 255 255 255 255 255 255 255 255 255 255 255 255 
255 255 255 255 255 255 255 255 255 255 255 255 255 255 255 255 255 255 255 255 255 255 255 255 255 255 255 255 255 255 255 255 255 255 255 255 255 255 255 255 255 255 255 255 255 255 255 255 255 255 255 255 255 255 255 255 255 255 255 255 255 255 255 255 255 255 255 255 255 255 255 255 
255 255 255 255 255 255 255 255 255 255 255 255 255 255 255 255 255 255 255 255 255 255 255 255 255 255 255 255 255 255 255 255 255 255 255 255 255 255 255 255 255 255 255 255 255 255 255 255 255 255 255 255 255 255 255 255 255 255 255 255 255 255 255 255 255 255 255 255 255 255 255 255 
255 255 255 255 255 255 255 255 255 255 255 255 255 255 255 255 255 255 255 255 255 255 255 255 255 255 255 255 255 255 255 255 255 255 255 255 255 255 255 255 255 255 255 255 255 255 255 255 255 255 255 255 255 255 255 255 255 255 255 255 255 255 255 255 255 255 255 255 255 255 255 255 
255 255 255 255 255 255 255 255 255 255 255 255 255 255 255 255 255 255 255 255 255 255 255 255 255 255 255 255 255 255 255 255 255 255 255 255 255 255 255 255 255 255 255 255 255 255 255 255 255 255 255 255 255 255 255 255 255 255 255 255 255 255 255 255 255 255 255 255 255 255 255 255 
255 255 255 255 255 255 255 255 255 255 255 255 255 255 255 255 255 255 255 255 255 255 255 255 255 255 255 255 255 255 255 255 255 255 255 255 255 255 255 255 255 255 255 255 255 255 255 255 255 255 255 255 255 255 255 255 255 255 255 255 255 255 255 255 255 255 255 255 255 255 255 255 
255 255 255 255 255 255 255 255 255 255 255 255 255 255 255 255 255 255 255 255 255 255 255 255 255 255 255 255 255 255 255 255 255 255 255 255 255 255 255 255 255 255 255 255 255 255 255 255 255 255 255 255 255 255 255 255 255 255 255 255 255 255 255 255 255 255 255 255 255 255 255 255 
255 255 255 255 255 255 255 255 255 255 255 255 255 255 255 255 255 255 255 255 255 255 255 255 255 255 255 255 255 255 255 255 255 255 255 255 255 255 255 255 255 255 255 255 255 255 255 255 255 255 255 255 255 255 255 255 255 255 255 255 255 255 255 255 255 255 255 255 255 255 255 255 
255 255 255 255 255 255 255 255 255 255 255 255 255 255 255 255 255 255 255 255 255 255 255 255 255 255 255 255 255 255 255 255 255 255 255 255 255 255 255 255 255 255 255 255 255 255 255 255 255 255 255 255 255 255 255 255 255 255 255 255 255 255 255 255 255 255 255 255 255 255 255 255 
255 255 255 255 255 255 255 255 255 255 255 255 255 255 255 255 255 255 255 255 255 255 255 255 255 255 255 255 255 255 255 255 255 255 255 255 255 255 255 255 255 255 255 255 255 255 255 255 255 255 255 255 255 255 255 255 255 255 255 255 255 255 255 255 255 255 255 255 255 255 255 255 
255 255 255 255 255 255 255 255 255 255 255 255 255 255 255 255 255 255 255 255 255 255 255 255 255 255 255 255 255 255 255 255 255 255 255 255 255 255 255 255 255 255 255 255 255 255 255 255 255 255 255 255 255 255 255 255 255 255 255 255 255 255 255 255 255 255 255 255 255 255 255 255 
255 255 255 255 255 255 255 255 255 255 255 255 255 255 255 255 255 255 255 255 255 255 255 255 255 255 255 255 255 255 255 255 255 255 255 255 255 255 255 255 255 255 255 255 255 255 255 255 255 255 255 255 255 255 255 255 255 255 255 255 255 255 255 255 255 255 255 255 255 255 255 255 
255 255 255 255 255 255 255 255 255 255 255 255 255 255 255 255 255 255 255 255 255 255 255 255 255 255 255 255 255 255 255 255 255 255 255 255 255 255 255 255 255 255 255 255 255 255 255 255 255 255 255 255 255 255 255 255 255 255 255 255 255 255 255 255 255 255 255 255 255 255 255 255 
255 255 255 255 255 255 255 255 255 255 255 255 255 255 255 255 255 255 255 255 255 255 255 255 255 255 255 255 255 255 255 255 255 255 255 255 255 255 255 255 255 255 255 255 255 255 255 255 255 255 255 255 255 255 255 255 255 255 255 255 255 255 255 255 255 255 255 255 255 255 255 255 
255 255 255 255 255 255 255 255 255 255 255 255 255 255 255 255 255 255 255 255 255 255 255 255 255 255 255 255 255 255 255 255 255 255 255 255 255 255 255 255 255 255 255 255 255 255 255 255 255 255 255 255 255 255 255 255 255 255 255 255 255 255 255 255 255 255 255 255 255 255 255 255 
255 255 255 255 255 255 255 255 255 255 255 255 255 255 255 255 255 255 255 255 255 255 255 255 255 255 255 255 255 255 255 255 255 255 255 255 255 255 255 255 255 255 255 255 255 255 255 255 255 255 255 255 255 255 255 255 255 255 255 255 255 255 255 255 255 255 255 255 255 255 255 255 
255 255 255 255 255 255 255 255 255 255 255 255 255 255 255 255 255 255 255 255 255 255 255 255 255 255 255 255 255 255 255 255 255 255 255 255 255 255 255 255 255 255 255 255 255 255 255 255 255 255 255 255 255 255 255 255 255 255 255 255 255 255 255 255 255 255 255 255 255 255 255 255 
255 255 255 255 255 255 255 255 255 255 255 255 255 255 255 255 255 255 255 255 255 255 255 255 255 255 255 255 255 255 255 255 255 255 255 255 255 255 255 255 255 255 255 255 255 255 255 255 255 255 255 255 255 255 255 255 255 255 255 255 255 255 255 255 255 255 255 255 255 255 255 255 
255 255 255 255 255 255 255 255 255 255 255 255 255 255 255 255 255 255 255 255 255 255 255 255 255 255 255 255 255 255 255 255 255 255 255 255 255 255 255 255 255 255 255 255 255 255 255 255 255 255 255 255 255 255 255 255 255 255 255 255 255 255 255 255 255 255 255 255 255 255 255 255 
255 255 255 255 255 255 255 255 255 255 255 255 255 255 255 255 255 255 255 255 255 255 255 255 255 255 255 255 255 255 255 255 255 255 255 255 255 255 255 255 255 255 255 255 255 255 255 255 255 255 255 255 255 255 255 255 255 255 255 255 255 255 255 255 255 255 255 255 255 255 255 255 
255 255 255 255 255 255 255 255 255 255 255 255 255 255 255 255 255 255 255 255 255 255 255 255 255 255 255 255 255 255 255 255 255 255 255 255 255 255 255 255 255 255 255 255 255 255 255 255 255 255 255 255 255 255 255 255 255 255 255 255 255 255 255 255 255 255 255 255 255 255 236 214 
255 255 255 255 255 255 255 255 255 255 255 255 255 255 255 255 255 255 255 255 255 255 255 255 255 255 255 255 255 255 255 255 255 255 255 255 255 255 255 255 255 255 255 255 255 255 255 255 255 255 255 255 255 255 255 255 255 255 255 255 255 255 255 255 255 255 255 255 255 255 191 000 
255 255 255 255 255 255 255 255 255 255 255 255 255 255 255 255 255 255 255 255 255 255 255 255 255 255 255 255 255 255 255 255 255 255 255 255 255 255 255 255 255 255 255 255 255 255 255 255 255 255 255 255 255 255 255 255 255 255 255 255 255 255 255 255 255 255 255 255 255 255 204 000 
255 255 255 255 255 255 255 255 192 077 089 102 114 126 135 136 137 138 140 141 143 144 145 142 140 138 136 134 132 130 129 121 111 101 091 081 079 255 255 255 255 255 255 255 255 255 255 255 255 255 255 255 255 255 255 255 255 255 255 255 255 255 255 255 255 255 255 255 255 255 205 000 
255 255 255 255 255 255 255 255 167 000 000 000 000 000 000 000 000 000 000 000 000 000 000 000 000 000 000 000 000 000 000 000 000 000 000 000 009 255 255 255 255 255 255 255 255 255 255 255 248 254 255 255 255 255 255 255 255 255 255 254 255 254 204 227 250 255 255 255 255 255 207 000 
255 255 255 255 255 255 255 255 167 000 000 000 000 000 000 000 000 000 000 000 000 000 000 000 000 000 000 000 000 000 000 000 000 000 000 000 009 255 255 255 255 255 255 255 255 255 255 255 132 003 021 037 041 045 048 045 043 032 014 090 255 250 000 000 001 017 025 030 035 041 037 000 
255 255 255 255 255 255 255 255 167 000 000 000 000 006 009 013 016 020 024 001 000 000 000 023 024 023 021 020 019 017 016 012 001 000 000 000 009 255 255 255 255 255 255 255 255 255 255 255 154 000 000 000 000 000 000 000 000 000 000 112 255 250 000 000 000 000 000 000 000 000 000 000 
255 255 255 255 255 255 255 255 238 215 228 241 253 255 255 255 255 255 255 011 000 000 000 236 255 255 255 255 255 255 255 255 254 244 233 221 211 255 255 255 255 255 255 255 255 255 255 255 160 000 000 002 013 013 013 013 005 000 000 117 255 250 000 000 017 039 047 052 058 063 055 000 
255 255 255 255 255 255 255 255 255 255 255 255 255 255 255 255 255 255 255 003 000 000 000 244 255 255 255 255 255 255 255 255 255 255 255 255 255 255 255 255 255 255 255 255 255 255 255 255 163 000 000 042 255 255 255 255 097 000 000 119 255 255 226 249 255 255 255 255 255 255 208 000 
255 255 255 255 255 255 255 255 255 255 255 255 255 255 255 255 255 255 251 000 000 000 000 251 255 255 255 255 255 255 255 255 255 255 255 255 255 255 255 255 255 255 255 255 255 255 255 255 163 000 000 042 255 255 255 255 097 000 000 119 255 255 255 255 255 255 255 255 255 255 208 000 
255 255 255 255 255 255 255 255 255 255 255 255 255 255 255 255 255 255 244 000 000 000 003 255 255 255 255 255 255 255 255 255 255 255 255 255 255 255 255 255 255 255 255 255 255 255 255 255 163 000 000 042 255 255 255 255 097 000 000 119 255 255 181 067 092 117 132 137 143 149 126 000 
255 255 255 255 255 255 255 255 255 255 255 255 255 255 255 255 255 255 237 000 000 000 013 255 255 255 255 255 255 255 255 255 255 255 255 255 255 255 255 255 255 255 255 255 255 255 255 255 163 000 000 042 255 255 255 255 097 000 000 119 255 255 162 000 000 000 000 000 000 000 000 000 
255 255 255 255 255 255 255 255 255 255 255 255 255 255 255 255 255 255 221 000 000 000 040 255 255 255 255 255 255 255 255 255 255 255 255 255 255 255 255 255 255 255 255 255 255 255 255 255 163 000 000 042 255 255 255 255 097 000 000 119 255 255 162 000 000 000 000 000 000 000 002 000 
255 255 255 255 255 255 255 255 255 255 255 255 255 255 255 255 255 255 200 000 000 000 071 255 255 255 255 255 255 255 255 255 255 255 255 255 255 255 255 255 255 255 255 255 255 255 255 255 163 000 000 042 255 255 255 255 097 000 000 119 255 255 218 171 196 222 236 242 247 253 208 000 
255 255 255 255 255 255 255 255 255 255 255 255 255 255 255 255 255 255 179 000 000 000 101 255 255 255 255 255 255 255 255 255 255 255 255 255 255 255 255 255 255 255 255 255 255 255 255 255 163 000 000 042 255 255 255 255 097 000 000 119 255 255 255 255 255 255 255 255 255 255 208 000 
255 255 255 255 236 160 170 180 190 200 210 213 215 218 221 223 226 229 144 000 000 000 118 231 230 229 228 227 226 225 224 223 222 219 210 201 192 183 174 165 185 255 255 255 255 255 255 255 163 000 000 042 255 255 255 255 097 000 000 119 192 116 136 157 177 185 190 195 199 204 170 000 
255 255 255 255 205 000 000 000 000 000 000 000 000 000 000 000 000 000 000 000 000 000 000 000 000 000 000 000 000 000 000 000 000 000 000 000 000 000 000 000 070 255 255 255 255 255 255 255 163 000 000 042 255 255 255 255 097 000 000 119 148 000 000 000 000 000 000 000 000 000 000 000 
255 255 255 255 205 000 000 000 000 000 000 000 000 000 000 000 000 000 000 000 000 000 000 000 000 000 000 000 000 000 000 000 000 000 000 000 000 000 000 000 070 255 255 255 255 255 255 255 163 000 000 028 168 168 168 168 064 000 000 119 148 000 000 000 000 000 000 000 000 000 000 000 
255 255 255 255 205 000 000 000 000 000 000 000 000 000 000 000 000 000 000 000 000 000 000 000 000 000 000 000 000 000 000 000 000 000 000 000 000 000 000 000 070 255 255 255 255 255 255 255 163 000 000 000 000 000 000 000 000 000 000 119 167 056 074 092 110 128 136 138 141 143 145 148 
255 255 255 255 231 135 145 155 165 176 184 188 191 194 196 199 202 196 002 000 000 056 206 206 074 000 000 000 179 193 191 190 188 187 185 183 174 163 152 141 166 255 255 255 255 255 255 255 163 000 000 000 000 000 000 000 000 000 000 119 255 255 255 255 255 255 255 255 255 255 255 255 
255 255 255 255 255 255 255 255 255 255 255 255 255 255 255 255 255 191 000 000 000 123 255 255 091 000 000 000 235 255 255 255 255 255 255 255 255 255 255 255 255 255 255 255 255 255 255 255 163 000 000 028 170 170 170 170 065 000 000 119 255 255 255 211 184 194 204 215 219 221 224 226 
255 255 255 255 255 255 255 255 255 255 255 255 255 255 255 255 255 130 000 000 000 183 255 255 091 000 000 000 235 255 255 255 255 255 255 255 255 255 255 255 255 255 255 255 255 255 255 255 163 000 000 042 255 255 255 255 097 000 000 119 255 255 255 123 000 000 000 000 000 000 000 000 
255 255 255 255 255 255 255 255 255 255 255 255 255 255 255 255 255 059 000 000 002 241 255 255 091 000 000 000 235 255 255 255 255 255 255 255 255 255 255 255 255 255 255 255 255 255 255 255 163 000 000 042 255 255 255 255 097 000 000 119 255 255 255 137 000 000 000 000 000 000 000 000 
255 255 255 255 255 255 255 255 255 255 255 255 255 255 255 255 209 000 000 000 065 255 255 255 091 000 000 000 235 255 255 255 255 255 255 255 255 255 255 255 255 255 255 255 255 255 255 255 163 000 000 042 255 255 255 255 097 000 000 119 255 255 255 138 000 000 004 154 154 154 154 154 
255 255 255 255 255 255 255 255 255 255 255 255 255 255 255 255 100 000 000 000 162 255 255 255 091 000 000 000 235 255 255 255 255 255 255 255 255 255 255 255 255 255 255 255 255 255 255 255 163 000 000 042 255 255 255 255 097 000 000 119 255 255 255 141 000 000 007 255 255 255 255 255 
255 255 255 255 255 255 255 255 255 255 255 255 255 255 255 238 010 000 000 014 245 255 255 255 091 000 000 000 235 255 255 255 255 255 255 255 255 255 255 255 255 255 255 255 255 255 255 255 163 000 000 042 255 255 255 255 097 000 000 119 255 255 255 141 000 000 006 215 215 215 215 215 
255 255 255 255 255 255 255 255 255 255 255 255 255 255 255 130 000 000 000 099 255 255 255 255 091 000 000 000 235 255 255 255 255 255 255 255 255 255 255 255 255 255 255 255 255 255 255 255 163 000 000 042 255 255 255 255 097 000 000 119 255 255 255 141 000 000 000 000 000 000 000 000 
255 255 255 255 255 255 255 255 255 255 255 255 255 255 221 009 000 000 000 198 255 255 255 255 091 000 000 000 235 255 255 255 255 255 255 255 255 255 255 255 255 255 255 255 255 255 255 255 163 000 000 042 255 255 255 255 097 000 000 119 255 255 255 141 000 000 000 000 000 000 000 000 
255 255 255 255 255 255 255 255 255 255 255 255 255 254 071 000 000 000 073 255 255 255 255 255 091 000 000 000 235 255 255 255 255 255 255 255 255 254 255 255 255 255 255 255 255 255 255 255 163 000 000 042 255 255 255 255 097 000 000 119 255 255 255 141 000 000 005 191 191 191 191 191 
255 255 255 255 255 255 255 255 255 255 255 255 255 126 000 000 000 002 210 255 255 255 255 255 091 000 000 000 235 255 255 255 255 255 255 255 255 210 117 255 255 255 255 255 255 255 255 255 163 000 000 037 222 222 222 222 085 000 000 119 255 255 255 141 000 000 007 255 255 255 255 255 
255 255 255 255 255 255 255 255 255 255 255 255 165 000 000 000 000 108 255 255 255 255 255 255 091 000 000 000 235 255 255 255 255 255 255 255 255 169 000 071 220 255 255 255 255 255 255 255 163 000 000 000 000 000 000 000 000 000 000 117 255 255 255 141 000 000 006 223 223 223 223 223 
255 255 255 255 255 255 255 255 255 255 255 157 004 000 000 000 047 248 255 255 255 255 255 255 091 000 000 000 235 255 255 255 255 255 255 255 255 109 000 000 008 107 255 255 255 255 255 255 163 000 000 000 000 000 000 000 000 000 000 115 255 255 255 141 000 000 000 000 000 000 000 000 
255 255 255 255 255 255 255 255 255 253 128 000 000 000 000 014 216 255 255 255 255 255 255 255 091 000 000 000 235 255 255 255 255 255 255 255 255 038 000 000 000 080 255 255 255 255 255 255 161 000 000 017 106 106 106 106 040 000 000 110 255 255 255 141 000 000 000 000 000 000 000 000 
255 255 255 255 255 255 255 255 213 057 000 000 000 000 012 197 255 255 255 255 255 255 255 255 091 000 000 000 219 255 255 255 255 255 255 255 175 000 000 000 000 155 255 255 255 255 255 255 158 000 000 042 255 255 255 255 097 000 000 098 255 255 255 141 000 000 005 182 182 182 182 182 
255 255 255 255 255 255 249 127 006 000 000 000 000 010 192 255 255 255 255 255 255 255 255 255 094 000 000 000 055 170 192 196 196 183 152 108 002 000 000 000 014 242 255 255 255 255 255 255 153 000 000 042 255 255 255 255 097 000 000 085 255 255 255 140 000 000 007 255 255 255 255 255 
255 255 255 255 243 148 037 000 000 000 000 000 035 209 255 255 255 255 255 255 255 255 255 255 110 000 000 000 000 000 000 000 000 000 000 000 000 000 000 000 110 255 255 255 255 255 255 255 138 000 000 042 255 255 255 255 209 179 179 202 255 255 255 135 000 000 007 255 255 255 255 255 
255 255 255 198 014 000 000 000 000 000 000 075 239 255 255 255 255 255 255 255 255 255 255 255 184 000 000 000 000 000 000 000 000 000 000 000 000 000 000 032 238 255 255 255 255 255 255 255 122 000 000 042 255 255 255 255 255 255 255 255 255 255 255 132 000 000 007 255 255 255 255 255 
255 255 255 255 156 005 000 000 000 002 128 254 255 255 255 255 255 255 255 255 255 255 255 255 251 110 003 000 000 000 000 000 000 000 000 000 000 001 096 233 255 255 255 255 255 255 255 255 186 131 131 152 255 255 255 255 255 255 255 255 255 255 255 120 000 000 007 255 255 255 255 255 
255 255 255 255 255 171 001 000 054 204 255 255 255 255 255 255 255 255 255 255 255 255 255 255 255 255 225 186 156 135 132 130 132 134 148 181 214 246 255 255 255 255 255 255 255 255 255 255 255 255 255 255 255 255 255 255 255 255 255 255 255 255 255 103 000 000 007 255 255 255 255 255 
255 255 255 255 255 255 135 152 253 255 255 255 255 255 255 255 255 255 255 255 255 255 255 255 255 255 255 255 255 255 255 255 255 255 255 255 255 255 255 255 255 255 255 255 255 255 255 255 255 255 255 255 255 255 255 255 255 255 255 255 255 255 255 087 000 000 007 255 255 255 255 255 
255 255 255 255 255 255 255 255 255 255 255 255 255 255 255 255 255 255 255 255 255 255 255 255 255 255 255 255 255 255 255 255 255 255 255 255 255 255 255 255 255 255 255 255 255 255 255 255 255 255 255 255 255 255 255 255 255 255 255 255 255 255 255 197 171 171 174 255 255 255 255 255 
255 255 255 255 255 255 255 255 255 255 255 255 255 255 255 255 255 255 255 255 255 255 255 255 255 255 255 255 255 255 255 255 255 255 255 255 255 255 255 255 255 255 255 255 255 255 255 255 255 255 255 255 255 255 255 255 255 255 255 255 255 255 255 255 255 255 255 255 255 255 255 255 
255 255 255 255 255 255 255 255 255 255 255 255 255 255 255 255 255 255 255 255 255 255 255 255 255 255 255 255 255 255 255 255 255 255 255 255 255 255 255 255 255 255 255 255 255 255 255 255 255 255 255 255 255 255 255 255 255 255 255 255 255 255 255 255 255 255 255 255 255 255 255 255 
255 255 255 255 255 255 255 255 255 255 255 255 255 255 255 255 255 255 255 255 255 255 255 255 255 255 255 255 255 255 255 255 255 255 255 255 255 255 255 255 255 255 255 255 255 255 255 255 255 255 255 255 255 255 255 255 255 255 255 255 255 255 255 255 255 255 255 255 255 255 255 255 
255 255 255 255 255 255 255 255 255 255 255 255 255 255 255 255 255 255 255 255 255 255 255 255 255 255 255 255 255 255 255 255 255 255 255 255 255 255 255 255 255 255 255 255 255 255 255 255 255 255 255 255 255 255 255 255 255 255 255 255 255 255 255 255 255 255 255 255 255 255 255 255 
255 255 255 255 255 255 255 255 255 255 255 255 255 255 255 255 255 255 255 255 255 255 255 255 255 255 255 255 255 255 255 255 255 255 255 255 255 255 255 255 255 255 255 255 255 255 255 255 255 255 255 255 255 255 255 255 255 255 255 255 255 255 255 255 255 255 255 255 255 255 255 255 
255 255 255 255 255 255 255 255 255 255 255 255 255 255 255 255 255 255 255 255 255 255 255 255 255 255 255 255 255 255 255 255 255 255 255 255 255 255 255 255 255 255 255 255 255 255 255 255 255 255 255 255 255 255 255 255 255 255 255 255 255 255 255 255 255 255 255 255 255 255 255 255 
255 255 255 255 255 255 255 255 255 255 255 255 255 255 255 255 255 255 255 255 255 255 255 255 255 255 255 255 255 255 255 255 255 255 255 255 255 255 255 255 255 255 255 255 255 255 255 255 255 255 255 255 255 255 255 255 255 255 255 255 255 255 255 255 255 255 255 255 255 255 255 255 
255 255 255 255 255 255 255 255 255 255 255 255 255 255 255 255 255 255 255 255 255 255 255 255 255 255 255 255 255 255 255 255 255 255 255 255 255 255 255 255 255 255 255 255 255 255 255 255 255 255 255 255 255 255 255 255 255 255 255 255 255 255 255 255 255 255 255 255 255 255 255 255 
255 255 255 255 255 255 255 255 255 255 255 255 255 255 255 255 255 255 255 255 255 255 255 255 255 255 255 255 255 255 255 255 255 255 255 255 255 255 255 255 255 255 255 255 255 255 255 255 255 255 255 255 255 255 255 255 255 255 255 255 255 255 255 255 255 255 255 255 255 255 255 255 
255 255 255 255 255 255 255 255 255 255 255 255 255 255 255 255 255 255 255 255 255 255 255 255 255 255 255 255 255 255 255 255 255 255 255 255 255 255 255 255 255 255 255 255 255 255 255 255 255 255 255 255 255 255 255 255 255 255 255 255 255 255 255 255 255 255 255 255 255 255 255 255 
255 255 255 255 255 255 255 255 255 255 255 255 255 255 255 255 255 255 255 255 255 255 255 255 255 255 255 255 255 255 255 255 255 255 255 255 255 255 255 255 255 255 255 255 255 255 255 255 255 255 255 255 255 255 255 255 255 255 255 255 255 255 255 255 255 255 255 255 255 255 255 255 
255 255 255 255 255 255 255 255 255 255 255 255 255 255 255 255 255 255 255 255 255 255 255 255 255 255 255 255 255 255 255 255 255 255 255 255 255 255 255 255 255 255 255 255 255 255 255 255 255 255 255 255 255 255 255 255 255 255 255 255 255 255 255 255 255 255 255 255 255 255 255 255 
255 255 255 255 255 255 255 255 255 255 255 255 255 255 255 255 255 255 255 255 255 255 255 255 255 255 255 255 255 255 255 255 255 255 255 255 255 255 255 255 255 255 255 255 255 255 255 255 255 255 255 255 255 255 255 255 255 255 255 255 255 255 255 255 255 255 255 255 255 255 255 255 
255 255 255 255 255 255 255 255 255 255 255 255 255 255 255 255 255 255 255 255 255 255 255 255 255 255 255 255 255 255 255 255 255 255 255 255 255 255 255 255 255 255 255 255 255 255 255 255 255 255 255 255 255 255 255 255 255 255 255 255 255 255 255 255 255 255 255 255 255 255 255 255 
255 255 255 255 255 255 255 255 255 255 255 255 255 255 255 255 255 255 255 255 255 255 255 255 255 255 255 255 255 255 255 255 255 255 255 255 255 255 255 255 255 255 255 255 255 255 255 255 255 255 255 255 255 255 255 255 255 255 255 255 255 255 255 255 255 255 255 255 255 255 255 255 
255 255 255 255 255 255 255 255 255 255 255 255 255 255 255 255 255 255 255 255 255 255 255 255 255 255 255 255 255 255 255 255 255 255 255 255 255 255 255 255 255 255 255 255 255 255 255 255 255 255 255 255 255 255 255 255 255 255 255 255 255 255 255 255 255 255 255 255 255 255 255 255 
255 255 255 255 255 255 255 255 255 255 255 255 255 255 255 255 255 255 255 255 255 255 255 255 255 255 255 255 255 255 255 255 255 255 255 255 255 255 255 255 255 255 255 255 255 255 255 255 255 255 255 255 255 255 255 255 255 255 255 255 255 255 255 255 255 255 255 255 255 255 255 255 
255 255 255 255 255 255 255 255 255 255 255 255 255 255 255 255 255 255 255 255 255 255 255 255 255 255 255 255 255 255 255 255 255 255 255 255 255 255 255 255 255 255 255 255 255 255 255 255 255 255 255 255 255 255 255 255 255 255 255 255 255 255 255 255 255 255 255 255 255 255 255 255 
255 255 255 255 255 255 255 255 255 255 255 255 255 255 255 255 255 255 255 255 255 255 255 255 255 255 255 255 255 255 255 255 255 255 255 255 255 255 255 255 255 255 255 255 255 255 255 255 255 255 255 255 255 255 255 255 255 255 255 255 255 255 255 255 255 255 255 255 255 255 255 255 
255 255 255 255 255 255 255 255 255 255 255 255 255 255 255 255 255 255 255 255 255 255 255 255 255 255 255 255 255 255 255 255 255 255 255 255 255 255 255 255 255 255 255 255 255 255 255 255 255 255 255 255 255 255 255 255 255 255 255 255 255 255 255 255 255 255 255 255 255 255 255 255 
255 255 255 255 255 255 255 255 255 255 255 255 255 255 255 255 255 255 255 255 255 255 255 255 255 255 255 255 255 255 255 255 255 255 255 255 255 255 255 255 255 255 255 255 255 255 255 255 255 255 255 255 255 255 255 255 255 255 255 255 255 255 255 255 255 255 255 255 255 255 255 255 
255 255 255 255 255 255 255 255 255 255 255 255 255 255 255 255 255 255 255 255 255 255 255 255 255 255 255 255 255 255 255 255 255 255 255 255 255 255 255 255 255 255 255 255 255 255 255 255 255 255 255 255 255 255 255 255 255 255 255 255 255 255 255 255 255 255 255 255 255 255 255 255 
255 255 255 255 255 255 255 255 255 255 255 255 255 255 255 255 255 255 255 255 255 255 255 255 255 255 255 255 255 255 255 255 255 255 255 255 255 255 255 255 255 255 255 255 255 255 255 255 255 255 255 255 255 255 255 255 255 255 255 255 255 255 255 255 255 255 255 255 255 255 255 255 
255 255 255 255 255 255 255 255 255 255 255 255 255 255 255 255 255 255 255 255 255 255 255 255 255 255 255 255 255 255 255 255 255 255 255 255 255 255 255 255 255 255 255 255 255 255 255 255 255 255 255 255 255 255 255 255 255 255 255 255 255 255 255 255 255 255 255 255 255 255 255 255 
255 255 255 255 255 255 255 255 255 255 255 255 255 255 255 255 255 255 255 255 255 255 255 255 255 255 255 255 255 255 255 255 255 255 255 255 255 255 255 255 255 255 255 255 255 255 255 255 255 255 255 255 255 255 255 255 255 255 255 255 255 255 255 255 255 255 255 255 255 255 255 255 
255 255 255 255 255 255 255 255 255 255 255 255 255 255 255 255 255 255 255 255 255 255 255 255 255 255 255 255 255 255 255 255 255 255 255 255 255 255 255 255 255 255 255 255 255 255 255 255 255 255 255 255 255 255 255 255 255 255 255 255 255 255 255 255 255 255 255 255 255 255 255 255 
255 255 255 255 255 255 255 255 255 255 255 255 255 255 255 255 255 255 255 255 255 255 255 255 255 255 255 255 255 255 255 255 255 255 255 255 255 255 255 255 255 255 255 255 255 255 255 255 255 255 255 255 255 255 255 255 255 255 255 255 255 255 255 255 255 255 255 255 255 255 255 255 
255 255 255 255 255 255 255 255 255 255 255 255 255 255 255 255 255 255 255 255 255 255 255 255 255 255 255 255 255 255 255 255 255 255 255 255 255 255 255 255 255 255 255 255 255 255 255 255 255 255 255 255 255 255 255 255 255 255 255 255 255 255 255 255 255 255 255 255 255 255 255 255 
255 255 255 255 255 255 255 255 255 255 255 255 255 255 255 255 255 255 255 255 255 255 255 255 255 255 255 255 255 255 255 255 255 255 255 255 255 255 255 255 255 255 255 255 255 255 255 255 255 255 255 255 255 255 255 255 255 255 255 255 255 255 255 255 255 255 255 255 255 255 255 255 
255 255 255 255 255 255 255 255 255 255 255 255 255 255 255 255 255 255 255 255 255 255 255 255 255 255 255 255 255 255 255 255 255 255 255 255 255 255 255 255 255 255 255 255 255 255 255 255 255 255 255 255 255 255 255 255 255 255 255 255 255 255 255 255 255 255 255 255 255 255 255 255 
255 255 255 255 255 255 255 255 255 255 255 255 255 255 255 255 255 255 255 255 255 255 255 255 255 255 255 255 255 255 255 255 255 255 255 255 255 255 255 255 255 255 255 255 255 255 255 255 255 255 255 255 255 255 255 255 255 255 255 255 255 255 255 255 255 255 255 255 255 255 255 255 
255 255 198 036 054 073 092 111 118 119 121 122 124 125 127 128 130 131 133 134 133 133 132 132 132 131 130 124 118 111 105 099 092 086 073 050 255 255 255 255 255 255 255 255 255 255 255 255 255 255 255 255 255 255 255 255 255 255 255 255 255 255 255 255 255 255 255 255 255 255 255 255 
255 255 191 000 000 000 000 000 000 000 000 000 000 000 000 000 000 000 000 000 000 000 000 000 000 000 000 000 000 000 000 000 000 000 000 011 255 255 255 255 255 255 255 255 255 255 255 255 255 255 255 255 255 255 255 255 255 255 255 255 255 255 255 255 255 255 255 255 255 255 255 255 
255 255 191 000 000 000 000 000 000 000 000 000 000 000 000 000 000 000 000 000 000 000 000 000 000 000 000 000 000 000 000 000 000 000 000 011 255 255 255 255 255 255 255 255 255 255 255 255 255 255 255 255 255 255 255 255 255 255 255 255 255 255 255 255 255 255 255 255 255 255 255 255 
255 255 191 000 001 021 035 040 045 050 055 032 000 000 000 039 059 059 059 059 059 059 059 059 021 000 000 000 033 041 035 030 024 009 000 011 255 255 255 255 255 255 255 255 255 255 255 255 255 255 255 255 255 255 255 255 255 255 255 255 255 255 255 255 255 255 255 255 255 255 255 255 
255 255 243 224 249 255 255 255 255 255 255 138 000 000 000 166 255 255 255 255 255 255 255 255 091 000 000 000 179 255 255 255 255 255 240 217 255 255 255 255 255 255 255 255 255 255 255 255 255 255 255 255 255 255 255 255 255 255 255 255 255 255 255 255 255 255 255 255 255 255 255 255 
255 255 255 255 255 255 255 255 255 255 255 138 000 000 000 166 255 255 255 255 255 255 255 255 091 000 000 000 179 255 255 255 255 255 255 255 255 255 255 255 255 255 255 255 255 255 255 255 255 255 255 255 255 255 255 255 255 255 255 255 255 255 255 255 255 255 255 255 255 255 255 255 
255 255 255 255 255 255 255 255 255 255 255 138 000 000 000 166 255 255 255 255 255 255 255 255 091 000 000 000 179 255 255 255 255 255 255 255 255 255 255 255 255 255 255 255 255 255 255 255 255 255 255 255 255 255 255 255 255 255 255 255 255 255 255 255 255 255 255 255 255 255 255 255 
255 255 255 255 255 255 255 255 255 255 255 138 000 000 000 166 255 255 255 255 255 255 255 255 091 000 000 000 179 255 255 255 255 255 255 255 255 255 255 255 255 255 255 255 255 255 255 255 255 255 255 255 255 255 255 255 255 255 255 255 255 255 255 255 255 255 255 255 255 255 255 255 
255 255 255 255 255 255 255 255 255 255 255 138 000 000 000 166 255 255 255 255 255 255 255 255 091 000 000 000 179 255 255 255 255 255 255 255 255 255 255 255 255 255 255 255 255 255 255 255 255 255 255 255 255 255 255 255 255 255 255 255 255 255 255 255 255 255 255 255 255 255 255 255 
255 255 255 255 255 255 255 255 255 255 255 138 000 000 000 166 255 255 255 255 255 255 255 255 091 000 000 000 179 255 255 255 255 255 255 255 255 255 255 255 255 255 255 255 255 255 255 255 255 255 255 255 255 255 255 255 255 255 255 255 255 255 255 255 255 255 255 255 255 255 255 255 
255 255 255 255 255 255 255 255 255 255 255 138 000 000 000 166 255 255 255 255 255 255 255 255 091 000 000 000 179 255 255 255 255 255 255 255 255 255 255 255 255 255 255 255 255 255 255 255 255 255 255 255 255 255 255 255 255 255 255 255 255 255 255 255 255 255 255 255 255 255 255 255 
255 255 255 255 255 255 255 255 255 255 255 138 000 000 000 166 255 255 255 255 255 255 255 255 091 000 000 000 179 255 255 255 255 255 255 255 255 255 255 255 255 255 255 255 255 255 255 255 255 255 255 255 255 255 255 255 255 255 255 255 255 255 255 255 255 255 255 255 255 255 255 255 
255 255 255 255 255 255 255 255 255 255 255 138 000 000 000 166 255 255 255 255 255 255 255 255 091 000 000 000 179 255 255 255 255 255 255 255 255 255 255 255 255 255 255 255 255 255 255 255 255 255 255 255 255 255 255 255 255 255 255 255 255 255 255 255 255 255 255 255 255 255 255 255 
255 255 255 255 255 255 255 255 255 255 255 138 000 000 000 166 255 255 255 255 255 255 255 255 091 000 000 000 179 255 255 255 255 255 255 255 255 255 255 255 255 255 255 255 255 255 255 255 255 255 255 255 255 255 255 255 255 255 255 255 255 255 255 255 255 255 255 255 255 255 255 255 
255 255 255 255 255 255 255 255 255 255 255 138 000 000 000 166 255 255 255 255 255 255 255 255 091 000 000 000 179 255 255 255 255 255 255 255 255 255 255 255 255 255 255 255 255 255 255 255 255 255 255 255 255 255 255 255 255 255 255 255 255 255 255 255 255 255 255 255 255 255 255 255 
183 190 204 218 233 238 239 241 243 244 246 134 000 000 000 162 248 248 248 248 248 248 248 248 089 000 000 000 165 231 226 221 216 211 201 184 167 150 214 255 255 255 255 255 255 255 255 255 255 255 255 255 255 255 255 255 255 255 255 255 255 255 255 255 255 255 255 255 255 255 255 255 
020 000 000 000 000 000 000 000 000 000 000 000 000 000 000 000 000 000 000 000 000 000 000 000 000 000 000 000 000 000 000 000 000 000 000 000 000 000 163 255 255 255 255 255 255 255 255 255 255 255 255 255 255 255 255 255 255 255 255 255 255 255 255 255 255 255 255 255 255 255 255 255 
020 000 000 000 000 000 000 000 000 000 000 000 000 000 000 000 000 000 000 000 000 000 000 000 000 000 000 000 000 000 000 000 000 000 000 000 000 000 163 255 255 255 255 255 255 255 255 255 255 255 255 255 255 255 255 255 255 255 255 255 255 255 255 255 255 255 255 255 255 255 255 255 
020 000 000 000 000 000 000 000 000 000 000 000 000 000 000 000 000 000 000 000 000 000 000 000 000 000 000 000 000 000 000 000 000 000 000 000 000 000 163 255 255 255 255 255 255 255 255 255 255 255 255 255 255 255 255 255 255 255 255 255 255 255 255 255 255 255 255 255 255 255 255 255 
090 092 109 127 145 155 161 167 173 179 185 087 000 000 000 141 190 190 190 190 190 190 190 190 068 000 000 000 124 173 168 163 158 154 145 134 122 111 201 255 255 255 255 255 255 255 255 255 255 255 255 255 255 255 255 255 255 255 255 255 255 255 255 255 255 255 255 255 255 255 255 255 
255 255 255 255 255 255 255 255 255 255 255 091 000 000 000 214 255 255 255 255 255 255 255 255 091 000 000 000 179 255 255 255 255 255 255 255 255 255 255 255 255 255 255 255 255 255 255 255 255 255 255 255 255 255 255 255 255 255 255 255 255 255 255 255 255 255 255 255 255 255 255 255 
255 255 255 255 255 255 255 255 255 255 255 035 000 000 000 242 255 255 255 255 255 255 255 255 091 000 000 000 179 255 255 255 255 255 255 255 255 255 255 255 255 255 255 255 255 255 255 255 255 255 255 255 255 255 255 255 255 255 255 255 255 255 255 255 255 255 255 255 255 255 255 255 
255 255 255 255 255 255 255 255 255 255 232 000 000 000 044 255 255 255 255 255 255 255 255 255 091 000 000 000 179 255 255 255 255 255 255 255 255 255 255 255 255 255 255 255 255 255 255 255 255 255 255 255 255 255 255 255 255 255 255 255 255 255 255 255 255 255 255 255 255 255 255 255 
255 255 255 255 255 255 255 255 255 255 147 000 000 000 129 255 255 255 255 255 255 255 255 255 091 000 000 000 179 255 255 255 255 255 255 255 255 255 255 255 255 255 255 255 255 255 255 255 255 255 255 255 255 255 255 255 255 255 255 255 255 255 255 255 255 255 255 255 255 255 255 255 
255 255 255 255 255 255 255 255 255 254 040 000 000 000 214 255 255 255 255 255 255 255 255 255 091 000 000 000 179 255 255 255 255 255 255 255 255 255 255 255 255 255 255 255 255 255 255 255 255 255 255 255 255 255 255 255 255 255 255 255 255 255 255 255 255 255 255 255 255 255 255 255 
255 255 255 255 255 255 255 255 255 186 000 000 000 042 255 255 255 255 255 255 255 255 255 255 091 000 000 000 179 255 255 255 255 255 255 255 255 255 255 255 255 255 255 255 255 255 222 140 124 144 230 255 255 255 255 255 255 255 255 255 255 255 255 255 255 255 255 255 255 255 255 255 
255 255 255 255 255 255 255 255 253 064 000 000 000 127 255 255 255 255 255 255 255 255 255 255 091 000 000 000 179 255 255 255 255 255 255 255 255 255 255 255 255 255 255 255 244 082 002 000 000 000 005 100 250 255 255 255 255 255 255 255 255 255 255 255 255 255 255 255 255 255 255 255 
255 255 255 255 255 255 255 255 128 000 000 000 009 224 255 255 255 255 255 255 255 255 255 255 091 000 000 000 179 255 255 255 255 255 255 255 255 255 255 255 255 255 255 246 062 000 048 152 184 144 038 000 082 252 255 255 255 255 255 255 255 255 255 255 255 255 255 255 255 255 255 255 
255 255 255 255 255 255 255 184 002 000 000 000 131 255 255 255 255 255 255 255 255 255 255 255 091 000 000 000 179 255 255 255 255 255 255 255 255 255 255 255 255 255 255 153 000 081 250 255 255 255 244 061 000 175 255 255 255 255 255 255 255 255 255 255 255 255 255 255 255 255 255 255 
255 255 255 255 255 255 225 019 000 000 000 038 249 255 255 255 255 255 255 255 255 255 255 255 091 000 000 000 179 255 255 255 255 255 255 255 255 255 255 255 255 255 255 050 005 231 255 255 255 255 255 214 000 071 255 255 255 255 255 255 255 255 255 255 255 255 255 255 255 255 255 255 
255 255 255 255 255 224 046 000 000 000 000 186 255 255 255 255 255 255 255 255 255 255 255 255 085 000 000 000 174 255 255 255 255 255 255 255 255 255 255 255 255 255 255 006 056 255 255 255 255 255 255 255 037 024 255 255 255 255 255 255 255 255 255 255 255 255 255 255 255 255 255 255 
255 255 255 255 179 017 000 000 000 000 085 255 255 255 255 255 255 255 255 255 255 255 255 255 079 000 000 000 167 255 255 255 255 255 255 255 255 255 255 255 255 255 255 008 050 255 255 255 255 255 255 255 034 027 255 255 255 255 255 255 255 255 255 255 255 255 255 255 255 255 255 255 
255 255 251 118 001 000 000 000 000 051 240 255 255 255 255 255 255 255 255 255 255 255 255 255 072 000 000 000 161 255 255 255 255 255 255 255 255 255 255 255 255 255 255 067 001 216 255 255 255 255 255 210 000 072 255 255 255 255 255 255 255 255 255 255 255 255 255 255 255 255 255 255 
255 187 057 000 000 000 000 000 043 236 255 255 255 255 255 255 255 255 255 255 255 255 255 255 061 000 000 000 148 255 255 255 255 255 255 255 255 255 255 255 255 255 255 174 000 051 238 255 255 255 240 055 000 180 255 255 255 255 255 255 255 255 255 255 255 255 255 255 255 255 255 255 
166 021 000 000 000 000 000 037 231 255 255 255 255 255 255 255 255 255 255 255 255 255 255 255 038 000 000 000 127 255 255 255 255 255 255 255 255 255 255 255 255 255 255 254 100 000 021 117 152 117 024 000 084 254 255 255 255 255 255 255 255 255 255 255 255 255 255 255 255 255 255 255 
255 237 089 000 000 000 032 226 255 255 255 255 255 255 255 255 255 255 255 255 255 255 255 255 016 000 000 000 105 255 255 255 255 255 255 255 255 255 255 255 255 255 255 255 254 126 017 000 000 000 013 119 253 255 255 255 255 255 255 255 255 255 255 255 255 255 255 255 255 255 255 255 
255 255 255 167 004 085 238 255 255 255 255 255 255 255 255 255 255 255 255 255 255 255 255 250 000 000 000 000 083 255 255 255 255 255 255 255 255 255 255 255 255 255 255 255 255 255 246 174 155 176 246 255 255 255 255 255 255 255 255 255 255 255 255 255 255 255 255 255 255 255 255 255 
255 255 255 255 215 255 255 255 255 255 255 255 255 255 255 255 255 255 255 255 255 255 255 252 205 205 205 205 219 255 255 255 255 255 255 255 255 255 255 255 255 255 255 255 255 255 255 255 255 255 255 255 255 255 255 255 255 255 255 255 255 255 255 255 255 255 255 255 255 255 255 255 
255 255 255 255 255 255 255 255 255 255 255 255 255 255 255 255 255 255 255 255 255 255 255 255 255 255 255 255 255 255 255 255 255 255 255 255 255 255 255 255 255 255 255 255 255 255 255 255 255 255 255 255 255 255 255 255 255 255 255 255 255 255 255 255 255 255 255 255 255 255 255 255 
255 255 255 255 255 255 255 255 255 255 255 255 255 255 255 255 255 255 255 255 255 255 255 255 255 255 255 255 255 255 255 255 255 255 255 255 255 255 255 255 255 255 255 255 255 255 255 255 255 255 255 255 255 255 255 255 255 255 255 255 255 255 255 255 255 255 255 255 255 255 255 255 
255 255 255 255 255 255 255 255 255 255 255 255 255 255 255 255 255 255 255 255 255 255 255 255 255 255 255 255 255 255 255 255 255 255 255 255 255 255 255 255 255 255 255 255 255 255 255 255 255 255 255 255 255 255 255 255 255 255 255 255 255 255 255 255 255 255 255 255 255 255 255 255 
255 255 255 255 255 255 255 255 255 255 255 255 255 255 255 255 255 255 255 255 255 255 255 255 255 255 255 255 255 255 255 255 255 255 255 255 255 255 255 255 255 255 255 255 255 255 255 255 255 255 255 255 255 255 255 255 255 255 255 255 255 255 255 255 255 255 255 255 255 255 255 255 
255 255 255 255 255 255 255 255 255 255 255 255 255 255 255 255 255 255 255 255 255 255 255 255 255 255 255 255 255 255 255 255 255 255 255 255 255 255 255 255 255 255 255 255 255 255 255 255 255 255 255 255 255 255 255 255 255 255 255 255 255 255 255 255 255 255 255 255 255 255 255 255 
255 255 255 255 255 255 255 255 255 255 255 255 255 255 255 255 255 255 255 255 255 255 255 255 255 255 255 255 255 255 255 255 255 255 255 255 255 255 255 255 255 255 255 255 255 255 255 255 255 255 255 255 255 255 255 255 255 255 255 255 255 255 255 255 255 255 255 255 255 255 255 255 
255 255 255 255 255 255 255 255 255 255 255 255 255 255 255 255 255 255 255 255 255 255 255 255 255 255 255 255 255 255 255 255 255 255 255 255 255 255 255 255 255 255 255 255 255 255 255 255 255 255 255 255 255 255 255 255 255 255 255 255 255 255 255 255 255 255 255 255 255 255 255 255 
255 255 255 255 255 255 255 255 255 255 255 255 255 255 255 255 255 255 255 255 255 255 255 255 255 255 255 255 255 255 255 255 255 255 255 255 255 255 255 255 255 255 255 255 255 255 255 255 255 255 255 255 255 255 255 255 255 255 255 255 255 255 255 255 255 255 255 255 255 255 255 255 
255 255 255 255 255 255 255 255 255 255 255 255 255 255 255 255 255 255 255 255 255 255 255 255 255 255 255 255 255 255 255 255 255 255 255 255 255 255 255 255 255 255 255 255 255 255 255 255 255 255 255 255 255 255 255 255 255 255 255 255 255 255 255 255 255 255 255 255 255 255 255 255 
255 255 255 255 255 255 255 255 255 255 255 255 255 255 255 255 255 255 255 255 255 255 255 255 255 255 255 255 255 255 255 255 255 255 255 255 255 255 255 255 255 255 255 255 255 255 255 255 255 255 255 255 255 255 255 255 255 255 255 255 255 255 255 255 255 255 255 255 255 255 255 255 
255 255 255 255 255 255 255 255 255 255 255 255 255 255 255 255 255 255 255 255 255 255 255 255 255 255 255 255 255 255 255 255 255 255 255 255 255 255 255 255 255 255 255 255 255 255 255 255 255 255 255 255 255 255 255 255 255 255 255 255 255 255 255 255 255 255 255 255 255 255 255 255 
255 255 255 255 255 255 255 255 255 255 255 255 255 255 255 255 255 255 255 255 255 255 255 255 255 255 255 255 255 255 255 255 255 255 255 255 255 255 255 255 255 255 255 255 255 255 255 255 255 255 255 255 255 255 255 255 255 255 255 255 255 255 255 255 255 255 255 255 255 255 255 255 
255 255 255 255 255 255 255 255 255 255 255 255 255 255 255 255 255 255 255 255 255 255 255 255 255 255 255 255 255 255 255 255 255 255 255 255 255 255 255 255 255 255 255 255 255 255 255 255 255 255 255 255 255 255 255 255 255 255 255 255 255 255 255 255 255 255 255 255 255 255 255 255 
255 255 255 255 255 255 255 255 255 255 255 255 255 255 255 255 255 255 255 255 255 255 255 255 255 255 255 255 255 255 255 255 255 255 255 255 255 255 255 255 255 255 255 255 255 255 255 255 255 255 255 255 255 255 255 255 255 255 255 255 255 255 255 255 255 255 255 255 255 255 255 255 
255 255 255 255 255 255 255 255 255 255 255 255 255 255 255 255 255 255 255 255 255 255 255 255 255 255 255 255 255 255 255 255 255 255 255 255 255 255 255 255 255 255 255 255 255 255 255 255 255 255 255 255 255 255 255 255 255 255 255 255 255 255 255 255 255 255 255 255 255 255 255 255 
255 255 255 255 255 255 255 255 255 255 255 255 255 255 255 255 255 255 255 255 255 255 255 255 255 255 255 255 255 255 255 255 255 255 255 255 255 255 255 255 255 255 255 255 255 255 255 255 255 255 255 255 255 255 255 255 255 255 255 255 255 255 255 255 255 255 255 255 255 255 255 255 
255 255 255 255 255 255 255 255 255 255 255 255 255 255 255 255 255 255 255 255 255 255 255 255 255 255 255 255 255 255 255 255 255 255 255 255 255 255 255 255 255 255 255 255 255 255 255 255 255 255 255 255 255 255 255 255 255 255 255 255 255 255 255 255 255 255 255 255 255 255 255 255 
255 255 255 255 255 255 255 255 255 255 255 255 255 255 255 255 255 255 255 255 255 255 255 255 255 255 255 255 255 255 255 255 255 255 255 255 255 255 255 255 255 255 255 255 255 255 255 255 255 255 255 255 255 255 255 255 255 255 255 255 255 255 255 255 255 255 255 255 255 255 255 255 
255 255 255 255 255 255 255 255 255 255 255 255 255 255 255 255 255 255 255 255 255 255 255 255 255 255 255 255 255 255 255 255 255 255 255 255 255 255 255 255 255 255 255 255 255 255 255 255 255 255 255 255 255 255 255 255 255 255 255 255 255 255 255 255 255 255 255 255 255 255 255 255 
255 255 255 255 255 255 255 255 255 255 255 255 255 255 255 255 255 255 255 255 255 255 255 255 255 255 255 255 255 255 255 255 255 255 255 255 255 255 255 255 255 255 255 255 255 255 255 255 255 255 255 255 255 255 255 255 255 255 255 255 255 255 255 255 255 255 255 255 255 255 255 255 
255 255 255 255 255 255 255 255 255 255 255 255 255 255 255 255 255 255 255 255 255 255 255 255 255 255 255 255 255 255 255 255 255 255 255 255 255 255 255 255 255 255 255 255 255 255 255 255 255 255 255 255 255 255 255 255 255 255 255 255 255 255 255 255 255 255 255 255 255 255 255 255 
255 255 255 255 255 255 255 255 255 255 255 255 255 255 255 255 255 255 255 255 255 255 255 255 255 255 255 255 255 255 255 255 255 255 255 255 255 255 255 255 255 255 255 255 255 255 255 255 255 255 255 255 255 255 255 255 255 255 255 255 255 255 255 255 255 255 255 255 255 255 255 255 
255 255 255 255 255 255 255 255 255 255 255 255 255 255 255 255 255 255 255 255 255 255 255 255 255 255 255 255 255 255 255 255 255 255 255 255 255 255 255 255 255 255 255 255 255 255 255 255 255 255 255 255 255 255 255 255 255 255 255 255 255 255 255 255 255 255 255 255 255 255 255 255 
255 255 255 255 255 255 255 255 255 255 255 255 255 255 255 255 255 255 255 255 255 255 255 255 255 255 255 255 255 255 255 255 255 255 255 255 255 255 255 255 255 255 255 255 255 255 255 255 255 255 255 255 255 255 255 255 255 255 255 255 255 255 255 255 255 255 255 255 255 255 255 255 
255 255 255 255 255 255 255 255 255 255 255 255 255 255 255 255 255 255 255 255 255 255 255 255 255 255 255 255 255 255 255 255 255 255 255 255 255 255 255 255 255 255 255 255 255 255 255 255 255 255 255 255 255 255 255 255 255 255 255 255 255 255 255 255 255 255 255 255 255 255 255 255 
255 255 255 255 255 255 255 255 255 255 255 255 255 255 255 255 255 255 255 255 255 255 255 255 255 255 255 255 255 255 255 255 255 255 255 255 255 255 255 255 255 255 255 255 255 255 255 255 255 255 255 255 255 255 255 255 255 255 255 255 255 255 255 255 255 255 255 255 255 255 255 255 
255 255 255 255 255 255 255 255 255 255 255 255 255 255 255 255 255 255 255 255 255 255 255 255 255 255 255 255 255 255 255 255 255 255 255 255 255 255 255 255 255 255 255 255 255 255 255 255 255 255 255 255 255 255 255 255 255 255 255 255 255 255 255 255 255 255 255 255 255 255 255 255 
