255 255 255 255 255 255 255 255 255 255 255 255 255 255 255 255 255 255 255 255 255 255 255 255 255 255 255 255 255 255 255 255 255 255 255 255 255 255 255 255 255 255 255 255 255 255 255 255 255 255 255 255 255 255 255 255 255 255 255 255 255 255 255 255 255 255 255 255 255 255 255 255 
255 255 255 255 255 255 255 255 255 255 255 255 255 255 255 255 255 255 255 255 255 255 255 255 255 255 255 255 255 255 255 255 255 255 255 255 255 255 255 255 255 255 255 255 255 255 255 255 255 255 255 255 255 255 255 255 255 255 255 255 255 255 255 255 255 255 255 255 255 255 255 255 
255 255 255 255 255 255 255 255 255 255 255 255 255 255 255 255 255 255 255 255 255 255 255 255 255 255 255 255 255 255 255 255 255 255 255 255 255 255 255 255 255 255 255 255 255 255 255 255 255 255 255 255 255 255 255 255 255 255 255 255 255 255 255 255 255 255 255 255 255 255 255 255 
255 255 255 255 255 255 255 255 255 255 255 255 255 255 255 255 255 255 255 255 255 255 255 255 255 255 255 255 255 255 255 255 255 255 255 255 255 255 255 255 255 255 255 255 255 255 255 255 255 255 255 255 255 255 255 255 255 255 255 255 255 255 255 255 255 255 255 255 255 255 255 255 
255 255 255 255 255 255 255 255 255 255 255 255 255 255 255 255 255 255 255 255 255 255 255 255 255 255 255 255 255 255 255 255 255 255 255 255 255 255 255 255 255 255 255 255 255 255 255 255 255 255 255 255 255 255 255 255 255 255 255 255 255 255 255 255 255 255 255 255 255 255 255 255 
255 255 255 255 255 255 255 255 255 255 255 255 255 255 255 255 255 255 255 255 255 255 255 255 255 255 255 255 255 255 255 255 255 255 255 255 255 255 255 255 255 255 255 255 255 255 255 255 255 255 255 255 255 255 255 255 255 255 255 255 255 255 255 255 255 255 255 255 255 255 255 255 
255 255 255 255 255 255 255 255 255 255 255 255 255 255 255 255 255 255 255 255 255 255 255 255 255 255 255 255 255 255 255 255 255 255 255 255 255 255 255 255 255 255 255 255 255 255 255 255 255 255 255 255 255 255 255 255 255 255 255 255 255 255 255 255 255 255 255 255 255 255 255 255 
255 255 255 255 255 255 255 255 255 255 255 255 255 255 255 255 255 255 255 255 255 255 255 255 255 255 255 255 255 255 255 255 255 255 255 255 255 255 255 255 255 255 255 255 255 255 255 255 255 255 255 255 255 255 255 255 255 255 255 255 255 255 255 255 255 255 255 255 255 255 255 255 
255 255 255 255 255 255 255 255 255 255 255 255 255 255 255 255 255 255 255 255 255 255 255 255 255 255 255 255 255 255 255 255 255 255 255 255 255 255 255 255 255 255 255 255 255 255 255 255 255 255 255 255 255 255 255 255 255 255 255 255 255 255 255 255 255 255 255 255 255 255 255 255 
255 255 255 255 255 255 255 255 255 255 255 255 255 255 255 255 255 255 255 255 255 255 255 255 255 255 255 255 255 255 255 255 255 255 255 255 255 255 255 255 255 255 255 255 255 255 255 255 255 255 255 255 255 255 255 255 255 255 255 255 255 255 255 255 255 255 255 255 255 255 255 255 
255 255 255 255 255 255 255 255 255 255 255 255 255 255 255 255 255 255 255 255 255 255 255 255 255 255 255 255 255 255 255 255 255 255 255 255 255 255 255 255 255 255 255 255 255 255 255 255 255 255 255 255 255 255 255 255 255 255 255 255 255 255 255 255 255 255 255 255 255 255 255 255 
255 255 255 255 255 255 255 255 255 255 255 255 255 255 255 255 255 255 255 255 255 255 255 255 255 255 255 255 255 255 255 255 255 255 255 255 255 255 255 255 255 255 255 255 255 255 255 255 255 255 255 255 255 255 255 255 255 255 255 255 255 255 255 255 255 255 255 255 255 255 255 255 
255 255 255 255 255 255 255 255 255 255 255 255 255 255 255 255 255 255 255 255 255 255 255 255 255 255 255 255 255 255 255 255 255 255 255 255 255 255 255 255 255 255 255 255 255 255 255 255 255 255 255 255 255 255 255 255 255 255 255 255 255 255 255 255 255 255 255 255 255 255 255 255 
255 255 255 255 255 255 255 255 255 255 255 255 255 255 255 255 255 255 255 255 255 255 255 255 255 255 255 255 255 255 255 255 255 255 255 255 255 255 255 255 255 255 255 255 255 255 255 255 255 255 255 255 255 255 255 255 255 255 255 255 255 255 255 255 255 255 255 255 255 255 255 255 
255 255 255 255 255 255 255 255 255 255 255 255 255 255 255 255 255 255 255 255 255 255 255 255 255 255 255 255 255 255 255 255 255 255 255 255 255 255 255 255 255 255 255 255 255 255 255 255 255 255 255 255 255 255 255 255 255 255 255 255 255 255 255 255 255 255 255 255 255 255 255 255 
255 255 255 255 255 255 255 255 255 255 255 255 255 255 255 255 255 255 255 255 255 255 255 255 255 255 255 255 255 255 255 255 255 255 255 255 255 255 255 255 255 255 255 255 255 255 255 255 255 255 255 255 255 255 255 255 255 255 255 255 255 255 255 255 255 255 255 255 255 255 255 255 
255 255 255 255 255 255 255 255 255 255 255 255 255 255 255 255 255 255 255 255 255 255 255 255 255 255 255 255 255 255 255 255 255 255 255 255 255 255 255 255 255 255 255 255 255 255 255 255 255 255 255 255 255 255 255 255 255 255 255 255 255 255 255 255 255 255 255 255 255 255 255 255 
255 255 255 255 255 255 255 255 255 255 255 255 255 255 255 255 255 255 255 255 255 255 255 255 255 255 255 255 255 255 255 255 255 255 255 255 255 255 255 255 255 255 255 255 255 255 255 255 255 255 255 255 255 255 255 255 255 255 255 255 255 255 255 255 255 255 255 255 255 255 255 255 
255 255 255 255 255 255 255 255 255 255 255 255 255 255 255 255 255 255 222 229 255 255 255 255 255 255 255 255 255 255 255 255 255 255 255 255 255 255 255 255 255 255 255 255 255 255 255 255 255 255 255 255 255 255 255 255 255 255 255 255 255 255 255 255 255 255 255 255 255 255 255 255 
255 255 255 255 255 255 255 255 255 255 255 255 255 255 255 255 255 255 120 000 009 025 036 189 255 255 255 255 255 255 255 255 255 255 255 254 018 039 062 061 057 231 255 255 255 255 255 255 255 255 255 255 255 255 255 255 255 255 255 255 255 255 255 255 255 255 255 255 255 255 255 255 
255 255 255 255 255 255 255 255 255 255 255 255 255 255 255 255 255 255 150 000 000 000 085 252 255 255 255 255 255 255 255 255 255 255 255 255 025 000 000 000 058 255 255 255 255 255 255 255 255 255 255 255 255 255 255 255 255 255 255 255 255 255 255 255 255 255 255 255 255 255 255 222 
255 255 255 255 255 255 255 255 255 255 255 255 255 255 255 255 255 255 175 000 000 000 214 255 255 255 255 255 255 255 255 255 255 255 255 255 047 000 000 000 171 255 255 255 255 255 255 255 255 255 255 255 255 255 255 255 255 255 255 255 255 255 255 255 255 255 255 255 255 216 094 004 
255 255 255 255 255 255 255 255 255 255 255 255 255 255 255 255 255 255 180 000 000 000 228 255 255 255 255 255 255 255 255 255 255 255 255 255 063 000 000 000 216 255 255 255 255 255 255 255 255 255 255 255 255 255 255 255 255 255 255 255 255 255 255 255 255 253 198 122 047 000 000 000 
255 255 255 255 255 255 255 255 255 255 255 255 255 255 255 255 255 255 183 000 000 000 228 255 255 255 255 255 255 255 255 255 255 255 255 255 070 000 000 000 225 255 255 255 255 255 255 255 255 255 255 255 255 255 255 255 255 255 255 255 255 231 189 146 092 020 000 000 000 000 000 000 
255 255 255 255 255 255 255 255 255 255 255 255 255 255 255 255 255 255 187 000 000 000 228 255 255 255 255 255 255 255 255 255 255 255 255 255 077 000 000 000 230 255 255 255 255 255 255 255 255 255 255 255 255 255 255 255 255 238 082 051 019 000 000 000 000 000 000 000 000 000 000 000 
255 255 255 255 255 255 255 255 255 255 255 255 255 255 255 255 255 255 191 000 000 000 228 255 255 255 255 255 255 255 255 255 255 255 255 255 085 000 000 000 242 255 255 255 255 255 255 255 255 255 255 255 255 255 255 255 255 255 120 000 000 000 000 000 000 000 000 000 061 165 197 230 
255 255 255 255 255 255 255 255 255 255 255 255 255 255 255 255 255 255 194 000 000 000 228 255 255 255 255 255 255 121 086 119 125 127 129 132 048 000 000 000 132 131 130 128 126 125 123 101 071 173 255 255 255 255 255 255 255 255 224 002 000 000 044 109 174 051 000 000 111 255 255 255 
255 255 255 255 255 255 255 255 255 255 255 255 237 119 147 170 177 183 147 000 000 000 168 178 169 146 117 255 255 082 000 000 000 000 000 000 000 000 000 000 000 000 000 000 000 000 000 000 000 152 255 255 255 255 255 255 255 255 255 078 134 222 255 255 255 060 000 000 111 255 255 255 
255 255 255 255 255 255 255 255 255 255 255 255 223 000 000 000 000 000 000 000 000 000 000 000 000 000 000 254 255 082 000 000 000 000 000 000 000 000 000 000 000 000 000 000 000 000 000 000 000 152 255 255 255 255 255 255 255 255 255 255 255 255 255 255 255 060 000 000 111 255 255 255 
255 255 255 255 255 255 255 255 255 255 255 255 223 000 000 000 000 000 000 000 000 000 000 000 000 000 000 254 255 122 082 109 120 125 130 135 050 000 000 020 138 138 137 136 135 134 133 113 079 175 255 255 255 255 255 255 255 255 255 255 255 255 255 255 255 060 000 000 111 255 255 255 
255 255 255 255 255 255 255 255 255 255 255 255 223 000 017 042 051 059 052 000 000 000 048 044 034 013 000 254 255 255 255 255 255 255 255 255 090 000 000 051 255 255 255 255 255 255 255 255 255 255 255 255 255 255 255 255 255 255 255 255 255 255 255 255 255 060 000 000 111 255 255 255 
255 255 255 255 255 255 255 255 255 255 255 255 252 243 255 255 255 255 199 000 000 000 228 255 255 255 240 255 255 255 255 255 255 255 255 255 087 000 000 067 255 255 255 255 255 255 255 255 255 255 255 255 255 255 255 255 255 146 118 135 152 163 169 176 182 044 000 000 087 198 198 198 
255 255 255 255 255 255 255 255 255 255 255 255 255 255 255 255 255 255 199 000 000 000 228 255 255 255 255 255 255 255 255 255 255 255 255 255 085 000 000 083 255 255 255 255 255 255 255 255 255 255 255 255 255 255 255 255 255 070 000 000 000 000 000 000 000 000 000 000 000 000 000 000 
255 255 255 255 255 255 255 255 255 255 255 255 255 255 255 255 255 255 199 000 000 000 228 255 255 255 255 255 255 255 255 255 255 255 255 255 080 000 000 101 255 255 255 255 255 255 255 255 255 255 255 255 255 255 255 255 255 070 000 000 000 000 000 000 000 000 000 000 000 000 000 000 
255 255 255 255 255 255 255 255 255 255 255 255 255 255 255 255 255 255 199 000 000 000 228 255 255 255 255 255 255 255 255 255 255 255 255 255 058 000 000 122 255 255 255 255 255 255 255 255 255 255 255 255 255 255 255 255 255 070 000 000 000 000 000 000 002 001 000 000 007 017 017 017 
255 255 255 255 255 255 255 255 255 255 255 255 255 255 255 255 255 255 199 000 000 000 228 255 255 255 255 255 255 255 255 255 255 255 255 255 033 000 000 144 255 255 255 255 255 255 255 255 255 255 255 255 255 255 255 255 255 200 194 211 228 239 245 252 255 060 000 000 111 255 255 255 
255 255 255 255 255 255 255 255 255 255 255 255 255 255 255 255 255 255 199 000 000 000 228 210 111 097 255 228 103 134 160 164 166 168 170 172 008 000 000 109 171 170 169 168 166 165 164 163 146 121 100 255 255 255 255 255 255 255 255 255 255 255 255 255 255 060 000 000 111 255 255 255 
255 255 255 255 255 255 255 255 255 255 255 255 255 255 255 255 255 255 199 000 000 000 045 000 000 073 255 213 000 000 000 000 000 000 000 000 000 000 000 000 000 000 000 000 000 000 000 000 000 000 005 255 255 255 255 255 255 255 255 255 255 255 255 255 255 060 000 000 111 255 255 255 
255 255 255 255 255 255 255 255 255 255 255 255 255 255 255 255 255 250 148 000 000 000 000 000 000 039 255 213 000 000 000 000 000 000 000 000 000 000 000 000 000 000 000 000 000 000 000 000 000 000 005 255 255 255 255 255 255 255 255 255 255 255 255 255 255 060 000 000 111 255 255 255 
255 255 255 255 255 255 255 255 255 255 255 255 255 255 252 190 101 018 000 000 000 000 000 000 019 100 254 216 027 052 074 081 086 090 095 057 000 000 000 037 099 098 098 097 096 096 095 094 081 053 029 255 255 255 255 255 255 255 255 255 255 255 255 255 255 060 000 000 111 255 255 255 
255 255 255 255 255 255 255 255 255 255 255 255 165 082 015 000 000 000 000 000 000 000 084 180 251 255 255 255 255 255 255 255 255 255 255 111 000 000 000 035 255 255 255 255 255 255 255 255 255 255 255 255 255 255 255 255 255 255 255 255 255 255 255 255 255 060 000 000 111 241 173 101 
255 255 255 255 255 255 255 255 255 255 255 255 073 000 000 000 000 000 000 000 000 000 228 255 255 255 255 255 255 255 255 255 255 255 255 058 000 000 000 000 202 255 255 255 255 255 255 255 255 255 255 255 255 255 255 255 255 255 255 255 255 255 255 255 255 060 000 000 018 005 000 000 
255 255 255 255 255 255 255 255 255 255 255 255 124 000 000 000 003 084 144 000 000 000 228 255 255 255 255 255 255 255 255 255 255 255 250 009 000 000 000 000 107 255 255 255 255 255 255 255 255 255 255 255 255 255 255 255 255 255 255 254 228 180 129 079 029 000 000 000 000 000 000 000 
255 255 255 255 255 255 255 255 255 255 255 255 164 000 008 112 223 255 199 000 000 000 228 255 255 255 255 255 255 255 255 255 255 255 169 000 000 000 078 000 007 226 255 255 255 255 255 255 255 255 255 255 255 255 255 255 125 057 030 005 000 000 000 000 000 000 000 000 000 001 047 114 
255 255 255 255 255 255 255 255 255 255 255 255 199 095 225 255 255 255 199 000 000 000 228 255 255 255 255 255 255 255 255 255 255 255 060 000 000 031 177 000 000 099 255 255 255 255 255 255 255 255 255 255 255 255 255 255 165 000 000 000 000 000 000 000 000 000 000 000 081 233 255 255 
255 255 255 255 255 255 255 255 255 255 255 255 255 255 255 255 255 255 199 000 000 000 228 255 255 255 255 255 255 255 255 255 255 208 000 000 000 108 241 012 000 003 216 255 255 255 255 255 255 255 255 255 255 255 255 255 242 006 000 000 000 000 000 051 131 043 000 000 111 255 255 255 
255 255 255 255 255 255 255 255 255 255 255 255 255 255 255 255 255 255 199 000 000 000 228 255 255 255 255 255 255 255 255 255 255 100 000 000 002 217 255 106 000 000 084 255 255 255 255 255 255 255 255 255 255 255 255 255 255 069 000 003 067 147 226 255 255 060 000 000 111 255 255 255 
255 255 255 255 255 255 255 255 255 255 255 255 255 255 255 255 255 255 199 000 000 000 228 255 255 255 255 255 255 255 255 255 238 010 000 000 081 255 255 214 000 000 001 174 255 255 255 255 255 255 255 255 255 255 255 255 255 133 118 225 255 255 255 255 255 060 000 000 111 255 255 255 
255 255 255 255 255 255 255 255 255 255 255 255 255 255 255 255 255 255 199 000 000 000 228 255 255 255 255 255 255 255 255 255 105 000 000 000 200 255 255 255 068 000 000 008 193 255 255 255 255 255 255 255 255 255 255 255 255 255 255 255 255 255 255 255 255 060 000 000 111 255 255 255 
255 255 255 255 255 255 255 255 255 255 255 255 255 255 255 255 255 255 199 000 000 000 228 255 255 255 255 255 255 255 255 165 000 000 000 061 255 255 255 255 184 000 000 000 015 209 255 255 255 255 255 255 255 255 255 255 255 255 255 255 255 255 255 255 255 060 000 000 111 255 255 255 
255 255 255 255 255 255 255 255 255 255 255 255 255 255 255 255 255 255 199 000 000 000 228 255 255 255 255 255 255 255 213 011 000 000 001 192 255 255 255 255 255 097 000 000 000 025 212 255 255 255 255 255 255 255 255 255 255 255 255 255 255 255 255 255 255 060 000 000 111 255 255 255 
255 255 255 255 255 255 255 255 255 255 255 255 255 255 255 255 255 255 199 000 000 000 228 255 255 255 255 255 255 243 040 000 000 000 116 255 255 255 255 255 255 243 036 000 000 000 005 114 241 255 255 255 255 255 255 255 255 255 255 255 255 255 255 255 255 056 000 000 111 255 255 255 
255 255 255 255 255 255 255 255 255 255 255 255 255 255 255 255 255 255 194 000 000 000 228 255 255 255 255 255 236 067 000 000 000 048 249 255 255 255 255 255 255 255 200 004 000 000 000 000 024 161 253 255 255 255 255 255 255 255 255 255 255 255 255 255 237 009 000 000 111 255 255 236 
255 255 255 255 255 255 255 255 255 255 255 255 255 214 220 233 238 198 064 000 000 000 229 255 255 255 255 205 031 000 000 000 009 214 255 255 255 255 255 255 255 255 255 138 000 000 000 000 000 000 020 094 246 255 255 255 255 255 255 252 169 200 200 179 057 000 000 000 112 255 137 003 
255 255 255 255 255 255 255 255 255 255 255 255 255 165 000 000 000 000 000 000 000 000 230 255 255 255 158 008 000 000 000 002 161 255 255 255 255 255 255 255 255 255 255 255 145 002 000 000 000 000 000 113 255 255 255 255 255 255 255 255 125 000 000 000 000 000 000 000 118 255 255 139 
255 255 255 255 255 255 255 255 255 255 255 255 255 252 020 000 000 000 000 000 000 016 252 255 213 083 000 000 000 000 003 162 255 255 255 255 255 255 255 255 255 255 255 255 255 172 008 000 000 000 018 241 255 255 255 255 255 255 255 255 238 008 000 000 000 000 000 000 187 255 255 255 
255 255 255 255 255 255 255 255 255 255 255 255 255 255 093 000 000 000 000 000 005 140 255 237 058 000 000 000 000 004 169 255 255 255 255 255 255 255 255 255 255 255 255 255 255 255 194 017 000 000 134 255 255 255 255 255 255 255 255 255 255 092 000 000 000 000 011 138 253 255 255 255 
255 255 255 255 255 255 255 255 255 255 255 255 255 255 156 000 002 036 089 142 217 255 255 255 254 126 001 000 010 176 255 255 255 255 255 255 255 255 255 255 255 255 255 255 255 255 255 226 087 007 241 255 255 255 255 255 255 255 255 255 255 155 035 074 126 186 242 255 255 255 255 255 
255 255 255 255 255 255 255 255 255 255 255 255 255 255 237 217 249 255 255 255 255 255 255 255 255 255 168 055 217 255 255 255 255 255 255 255 255 255 255 255 255 255 255 255 255 255 255 255 255 217 255 255 255 255 255 255 255 255 255 255 255 255 255 255 255 255 255 255 255 255 255 255 
255 255 255 255 255 255 255 255 255 255 255 255 255 255 255 255 255 255 255 255 255 255 255 255 255 255 255 255 255 255 255 255 255 255 255 255 255 255 255 255 255 255 255 255 255 255 255 255 255 255 255 255 255 255 255 255 255 255 255 255 255 255 255 255 255 255 255 255 255 255 255 255 
255 255 255 255 255 255 255 255 255 255 255 255 255 255 255 255 255 255 255 255 255 255 255 255 255 255 255 255 255 255 255 255 255 255 255 255 255 255 255 255 255 255 255 255 255 255 255 255 255 255 255 255 255 255 255 255 255 255 255 255 255 255 255 255 255 255 255 255 255 255 255 255 
255 255 255 255 255 255 255 255 255 255 255 255 255 255 255 255 255 255 255 255 255 255 255 255 255 255 255 255 255 255 255 255 255 255 255 255 255 255 255 255 255 255 255 255 255 255 255 255 255 255 255 255 255 255 255 255 255 255 255 255 255 255 255 255 255 255 255 255 255 255 255 255 
255 255 255 255 255 255 255 255 255 255 255 255 255 255 255 255 255 255 255 255 255 255 255 255 255 255 255 255 255 255 255 255 255 255 255 255 255 255 255 255 255 255 255 255 255 255 255 255 255 255 255 255 255 255 255 255 255 255 255 255 255 255 255 255 255 255 255 255 255 255 255 255 
255 255 255 255 255 255 255 255 255 255 255 255 255 255 255 255 255 255 255 255 255 255 255 255 255 255 255 255 255 255 255 255 255 255 255 255 255 255 255 255 255 255 255 255 255 255 255 255 255 255 255 255 255 255 255 255 255 255 255 255 255 255 255 255 255 255 255 255 255 255 255 255 
255 255 255 255 255 255 255 255 255 255 255 255 255 255 255 255 255 255 255 255 255 255 255 255 255 255 255 255 255 255 255 255 255 255 255 255 255 255 255 255 255 255 255 255 255 255 255 255 255 255 255 255 255 255 255 255 255 255 255 255 255 255 255 255 255 255 255 255 255 255 255 255 
255 255 255 255 255 255 255 255 255 255 255 255 255 255 255 255 255 255 255 255 255 255 255 255 255 255 255 255 255 255 255 255 255 255 255 255 255 255 255 255 255 255 255 255 255 255 255 255 255 255 255 255 255 255 255 255 255 255 255 255 255 255 255 255 255 255 255 255 255 255 255 255 
255 255 255 255 255 255 255 255 255 255 255 255 255 255 255 255 255 255 255 255 255 255 255 255 255 255 255 255 255 255 255 255 255 255 255 255 255 255 255 255 255 255 255 255 255 255 255 255 255 255 255 255 255 255 255 255 255 255 255 255 255 255 255 255 255 255 255 255 255 255 255 255 
255 255 255 255 255 255 255 255 255 255 255 255 255 255 255 255 255 255 255 255 255 255 255 255 255 255 255 255 255 255 255 255 255 255 255 255 255 255 255 255 255 255 255 255 255 255 255 255 255 255 255 255 255 255 255 255 255 255 255 255 255 255 255 255 255 255 255 255 255 255 255 255 
255 255 255 255 255 255 255 255 255 255 255 255 255 255 255 255 255 255 255 255 255 255 255 255 255 255 255 255 255 255 255 255 255 255 255 255 255 255 255 255 255 255 255 255 255 255 255 255 255 255 255 255 255 255 255 255 255 255 255 255 255 255 255 255 255 255 255 255 255 255 255 255 
255 255 255 255 255 255 255 255 255 255 255 255 255 255 255 255 255 255 255 255 255 255 255 255 255 255 255 255 255 255 255 255 255 255 255 255 255 255 255 255 255 255 255 255 255 255 255 255 255 255 255 255 255 255 255 255 255 255 255 255 255 255 255 255 255 255 255 255 255 255 255 255 
255 255 255 255 255 255 255 255 255 255 255 255 255 255 255 255 255 255 255 255 255 255 255 255 255 255 255 255 255 255 255 255 255 255 255 255 255 255 255 255 255 255 255 255 255 255 255 255 255 255 255 255 255 255 255 255 255 255 255 255 255 255 255 255 255 255 255 255 255 255 255 255 
255 255 255 255 255 255 255 255 255 255 255 255 255 255 255 255 255 255 255 255 255 255 255 255 255 255 255 255 255 255 255 255 255 255 255 255 255 255 255 255 255 255 255 255 255 255 255 255 255 255 255 255 255 255 255 255 255 255 255 255 255 255 255 255 255 255 255 255 255 255 255 255 
255 255 255 255 255 255 255 255 255 255 255 255 255 255 255 255 255 255 255 255 255 255 255 255 255 255 255 255 255 255 255 255 255 255 255 255 255 255 255 255 255 255 255 255 255 255 255 255 255 255 255 255 255 255 255 255 255 255 255 255 255 255 255 255 255 255 255 255 255 255 255 255 
255 255 255 255 255 255 255 255 255 255 255 255 255 255 255 255 255 255 255 255 255 255 255 255 255 255 255 255 255 255 255 255 255 255 255 255 255 255 255 255 255 255 255 255 255 255 255 255 255 255 255 255 255 255 255 255 255 255 255 255 255 255 255 255 255 255 255 255 255 255 255 255 
255 255 255 255 255 255 255 255 255 255 255 255 255 255 255 255 255 255 255 255 255 255 255 255 255 255 255 255 255 255 255 255 255 255 255 255 255 255 255 255 255 255 255 255 255 255 255 255 255 255 255 255 255 255 255 255 255 255 255 255 255 255 255 255 255 255 255 255 255 255 255 255 
255 255 255 255 255 255 255 255 255 255 255 255 255 255 255 255 255 255 255 255 255 255 255 255 255 255 255 255 255 255 255 255 255 255 255 255 255 255 255 255 255 255 255 255 255 255 255 255 255 255 255 255 255 255 255 255 255 255 255 255 255 255 255 255 255 255 255 255 255 255 255 255 
255 255 255 255 255 255 255 255 255 255 255 255 255 255 255 255 255 255 255 255 255 255 255 255 255 255 255 255 255 255 255 255 255 255 255 255 255 255 255 255 255 255 255 255 255 255 255 255 255 255 255 255 255 255 255 255 255 255 255 255 255 255 255 255 255 255 255 255 255 255 255 255 
255 255 255 255 255 255 255 255 255 255 255 255 255 255 255 255 255 255 255 255 255 255 255 255 255 255 255 255 255 255 255 255 255 255 255 255 255 255 255 255 255 255 255 255 255 255 255 255 255 255 255 255 255 255 255 255 255 255 255 255 255 255 255 255 255 255 255 255 255 255 255 255 
255 255 255 255 255 255 255 255 255 255 255 255 255 255 255 255 255 255 255 255 255 255 255 255 255 255 255 255 255 255 255 255 255 255 255 255 255 255 255 255 255 255 255 255 255 255 255 255 255 255 255 255 255 255 255 255 255 255 255 255 255 255 255 255 255 255 255 255 255 255 255 255 
255 255 255 255 255 255 255 255 255 255 255 255 255 255 255 255 255 255 255 255 255 255 255 255 255 255 255 255 255 255 255 255 255 255 255 255 255 255 255 255 255 255 255 255 255 255 255 255 255 255 255 255 255 255 255 255 255 255 255 255 255 255 255 255 255 255 255 255 255 255 255 255 
255 255 255 255 255 255 255 255 255 255 255 255 255 255 255 255 255 255 255 255 255 255 255 255 255 255 255 255 255 255 255 255 255 255 255 255 255 255 255 255 255 255 255 255 255 255 255 255 255 255 255 255 255 255 255 255 255 255 255 255 255 255 255 255 255 255 255 255 255 255 255 255 
255 255 255 255 255 255 255 255 255 255 255 255 255 255 255 255 255 255 255 255 255 255 255 255 255 255 255 255 255 255 255 255 255 255 255 255 255 255 255 255 255 255 255 255 255 255 255 255 255 255 255 255 255 255 255 255 255 255 255 255 255 255 255 255 255 255 255 255 255 255 255 255 
255 255 255 255 255 255 255 255 255 255 255 255 255 255 255 255 255 255 255 255 255 255 255 255 255 255 255 255 255 255 255 255 255 255 255 255 255 255 255 255 255 255 255 255 255 255 255 255 255 255 255 255 255 255 255 255 255 255 255 255 255 255 255 255 255 255 255 255 255 255 255 255 
255 255 255 255 255 255 255 255 255 255 255 255 255 255 255 255 255 255 255 255 255 255 255 255 255 255 255 255 255 255 255 255 255 255 255 255 255 255 255 255 255 255 255 255 255 255 255 255 255 255 255 255 255 255 255 255 255 255 255 255 255 255 255 255 255 255 255 255 255 255 255 255 
255 255 255 255 255 255 255 255 255 255 255 255 255 255 255 255 255 255 255 255 255 255 255 255 255 255 255 255 255 255 255 255 255 255 255 255 255 255 255 255 255 255 255 255 255 255 255 255 255 255 255 255 255 255 255 255 255 255 255 255 255 255 255 255 255 255 255 255 255 255 255 255 
255 255 255 255 255 255 255 255 255 255 255 255 255 255 255 255 255 255 255 255 255 255 255 255 255 255 255 255 255 255 255 255 255 255 255 255 255 255 255 255 255 255 255 255 255 255 255 255 255 255 255 255 255 255 255 255 255 255 255 255 255 255 255 255 255 255 255 255 255 255 255 255 
255 255 255 255 255 255 255 255 255 255 255 255 255 255 255 255 255 255 255 255 255 255 255 255 255 255 255 255 255 255 255 255 255 255 255 255 255 255 255 255 255 255 255 255 255 255 255 255 255 255 255 255 255 255 255 255 255 255 255 255 255 255 255 255 255 255 255 255 255 255 255 255 
255 255 255 255 255 255 255 255 255 255 255 255 255 255 255 255 255 255 255 248 209 255 255 255 255 255 255 255 255 255 255 255 255 255 255 231 184 222 247 253 255 255 255 255 255 255 255 255 255 255 255 255 255 255 255 255 255 255 255 255 255 255 255 255 255 255 255 255 255 255 255 255 
255 255 255 255 255 255 255 255 255 255 255 255 255 255 255 255 255 255 255 210 000 054 150 226 255 255 255 255 255 255 255 255 255 255 255 219 000 000 000 005 166 255 255 255 255 255 255 255 255 255 255 255 255 255 255 255 255 255 255 255 255 255 255 255 255 255 255 255 255 255 255 255 
255 255 255 255 255 255 255 255 255 255 255 255 255 255 255 255 255 255 255 172 000 000 000 000 172 255 255 255 255 255 255 255 255 255 255 253 005 000 000 083 255 255 255 255 255 255 255 255 255 255 255 255 255 255 255 255 255 255 255 255 255 255 255 255 255 255 255 255 255 255 255 255 
255 255 255 255 255 255 255 255 255 255 255 255 255 255 255 255 255 255 255 123 000 000 000 100 255 255 255 255 255 255 255 255 255 255 255 255 014 000 000 101 255 255 255 255 255 255 255 255 255 255 255 255 255 255 255 255 255 255 255 255 255 255 255 255 255 255 255 255 255 255 255 255 
255 255 255 255 255 255 255 255 255 255 255 255 255 255 255 255 255 255 255 057 000 000 006 226 255 255 255 255 255 255 255 255 255 255 255 255 018 000 000 101 255 255 255 255 255 255 255 255 255 255 255 255 255 255 255 255 255 255 255 255 255 255 255 255 255 255 255 255 255 255 255 255 
255 255 255 255 255 255 255 255 255 255 255 255 255 255 255 255 255 255 243 004 000 000 074 255 255 255 255 255 255 255 255 255 255 255 255 255 023 000 000 101 255 255 255 255 255 255 255 255 255 255 255 255 255 255 255 255 255 255 255 255 255 255 255 255 255 255 255 255 255 255 255 255 
255 255 255 255 255 255 255 255 255 255 255 255 255 255 255 255 255 255 182 000 000 000 150 255 255 255 255 255 255 255 255 255 255 255 255 255 026 000 000 101 255 255 255 255 255 255 255 255 255 255 255 255 255 255 255 255 255 255 255 255 255 255 255 255 255 255 255 255 255 255 255 255 
255 255 255 255 255 255 255 255 255 255 255 255 255 255 255 255 255 255 116 000 000 001 226 255 255 255 255 255 255 255 255 255 255 255 255 255 026 000 000 101 255 255 255 255 255 255 255 255 255 255 255 255 255 255 255 255 255 255 255 255 255 255 255 255 255 255 255 255 255 255 255 255 
255 255 255 255 255 255 255 255 255 255 255 255 255 255 255 255 255 255 050 000 000 020 134 134 134 134 134 134 132 131 129 126 117 231 255 255 026 000 000 101 255 255 255 255 255 255 255 255 255 255 255 255 255 255 255 255 255 255 255 255 255 255 255 255 255 255 255 255 255 255 255 255 
255 255 255 255 255 255 255 255 255 255 255 255 255 255 255 255 255 217 000 000 000 000 000 000 000 000 000 000 000 000 000 000 001 244 255 255 026 000 000 101 255 255 255 255 255 255 255 255 255 255 255 255 255 255 255 255 255 255 255 255 255 255 255 255 255 255 255 255 255 255 255 255 
255 255 255 255 255 255 255 255 255 255 255 255 255 255 255 255 255 121 000 000 000 000 000 000 000 000 000 000 000 000 000 000 031 255 255 255 026 000 000 101 255 255 216 235 255 255 255 255 255 255 255 255 255 255 255 255 255 255 255 255 255 255 255 255 255 255 255 255 255 255 255 255 
255 255 255 255 255 255 255 255 255 255 255 255 255 255 255 255 252 027 000 000 038 093 093 093 093 093 093 093 093 020 000 000 072 255 255 255 026 000 000 101 255 187 016 043 231 255 255 255 255 255 255 255 255 255 255 255 255 255 255 255 255 255 255 255 255 255 255 255 255 255 255 255 
255 255 255 255 255 255 255 255 255 255 255 255 255 255 255 255 183 000 000 000 172 255 255 255 255 255 255 255 255 036 000 000 120 255 255 255 026 000 000 101 169 004 000 000 037 227 255 255 255 255 255 255 255 255 255 255 255 255 255 255 255 255 255 255 255 255 255 255 255 255 255 255 
255 255 255 255 255 255 255 255 255 255 255 255 255 255 255 255 086 000 000 021 250 255 255 255 255 255 255 255 254 009 000 000 181 255 255 255 026 000 000 101 229 039 000 000 000 033 222 255 255 255 255 255 255 255 255 255 255 255 255 255 255 255 255 255 255 255 255 255 255 255 255 255 
255 255 255 255 255 255 255 255 255 255 255 255 255 255 255 234 007 000 000 114 255 255 255 255 255 255 255 255 211 000 000 002 240 255 255 255 026 000 000 101 255 232 043 000 000 000 028 220 255 255 255 255 255 255 255 255 255 255 255 255 255 255 255 255 255 255 255 255 255 255 255 255 
255 255 255 255 255 255 255 255 255 255 255 255 255 255 255 107 000 000 004 223 255 255 255 255 255 255 255 255 154 000 000 047 255 255 255 255 026 000 000 101 255 255 231 033 000 000 000 031 225 255 255 255 255 255 255 255 255 255 255 255 255 255 255 255 255 255 255 255 255 255 255 255 
255 255 255 255 255 255 255 255 255 255 255 255 255 255 218 005 000 000 089 255 255 255 255 255 255 255 255 255 096 000 000 107 255 255 255 255 026 000 000 101 255 255 255 219 023 000 000 000 037 231 255 255 255 255 255 255 255 255 255 255 255 255 255 255 255 255 255 255 255 255 255 255 
255 255 255 255 255 255 255 255 255 255 255 255 255 255 082 000 000 000 091 115 098 153 255 255 255 255 255 255 038 000 000 168 255 255 255 255 026 000 000 101 255 255 255 255 206 014 000 000 000 043 235 255 255 255 255 255 255 255 255 255 255 255 255 255 255 255 255 255 255 255 255 255 
255 255 255 255 255 255 255 255 255 255 255 255 255 197 000 000 000 051 000 000 000 086 255 255 255 255 255 216 000 000 001 230 255 255 255 255 026 000 000 101 255 255 255 255 255 191 007 000 000 000 050 240 255 255 255 255 255 255 255 255 255 255 255 255 255 255 255 255 255 255 255 255 
255 255 255 255 255 255 255 255 255 255 255 255 253 057 000 000 000 202 039 000 000 069 255 255 255 255 255 127 000 000 059 255 255 255 255 255 026 000 000 101 255 255 255 255 255 255 164 000 000 000 087 240 255 255 255 255 255 255 255 255 255 255 255 255 255 255 255 255 255 255 255 255 
255 255 255 255 255 255 255 255 255 255 255 255 122 000 000 000 073 255 110 000 000 025 255 255 255 255 255 040 000 000 148 255 255 255 255 255 026 000 000 101 255 255 255 255 255 255 255 120 011 157 255 255 255 255 255 255 255 255 255 255 255 255 255 255 255 255 255 255 255 255 255 255 
255 255 255 255 255 255 255 255 255 255 255 184 000 000 000 003 206 255 182 000 000 000 216 255 255 255 207 000 000 004 233 255 255 255 255 255 026 000 000 101 255 255 255 255 255 255 255 254 223 255 255 255 255 255 255 255 255 255 255 255 255 255 255 255 255 255 255 255 255 255 255 255 
255 255 255 255 255 255 255 255 255 255 255 254 166 030 000 108 255 255 248 016 000 000 151 255 255 255 101 000 000 071 255 255 255 255 255 255 026 000 000 101 255 255 255 255 255 255 255 255 255 255 255 255 255 255 255 255 255 255 255 255 255 255 255 255 255 255 255 255 255 255 255 255 
255 255 255 255 255 255 255 255 255 255 255 255 255 239 105 240 255 255 255 102 000 000 086 255 255 230 007 000 000 160 255 255 255 255 255 255 026 000 000 101 255 255 255 255 255 255 255 255 255 255 255 255 255 255 255 255 255 255 255 255 255 255 255 255 255 255 255 255 255 255 255 255 
255 255 255 255 255 255 255 255 255 255 255 255 255 255 255 255 255 255 255 195 000 000 022 255 255 118 000 000 025 247 255 255 255 255 255 255 026 000 000 101 255 255 255 255 255 255 255 255 255 255 255 255 255 255 255 255 255 255 255 255 255 255 255 255 255 255 255 255 255 255 255 255 
255 255 255 255 255 255 255 255 255 255 255 255 255 255 255 255 255 255 255 254 033 000 000 186 238 014 000 000 145 255 255 255 255 255 255 255 026 000 000 101 255 255 255 255 255 255 255 255 255 255 255 255 255 255 255 255 255 255 255 255 255 255 255 255 255 255 255 255 255 255 255 255 
255 255 255 255 255 255 255 255 255 255 255 255 255 255 255 255 255 255 255 255 125 000 000 066 104 000 000 026 247 255 255 255 255 255 255 255 026 000 000 101 255 255 255 255 255 255 255 255 255 255 255 255 255 255 255 255 255 255 255 255 255 255 255 255 255 255 255 255 255 255 255 255 
255 255 255 255 255 255 255 255 255 255 255 255 255 255 255 255 255 255 255 255 220 003 000 000 001 000 000 147 255 255 255 255 255 255 255 255 024 000 000 098 255 255 255 255 255 255 255 255 255 255 255 255 255 255 255 255 255 255 255 255 255 255 255 255 255 255 255 255 255 255 255 255 
255 255 255 255 255 255 255 255 255 255 255 255 255 255 255 255 255 255 255 255 255 102 000 000 000 000 045 249 255 255 255 255 255 255 255 255 020 000 000 094 255 255 255 255 255 255 255 255 255 255 255 255 255 255 255 255 255 255 255 255 255 255 255 255 255 255 255 255 255 255 255 255 
255 255 255 255 255 255 255 255 255 255 255 255 255 255 255 255 255 255 255 255 255 213 000 000 000 000 206 255 255 255 255 255 255 255 255 255 017 000 000 089 255 255 255 255 255 255 255 255 255 255 255 255 255 255 255 255 255 255 255 255 255 255 255 255 255 255 255 255 255 255 255 255 
255 255 255 255 255 255 255 255 255 255 255 255 255 255 255 255 255 255 255 255 231 044 000 000 000 000 091 248 255 255 255 255 255 255 255 255 013 000 000 082 255 255 255 255 255 255 255 255 255 255 255 255 255 255 255 255 255 255 242 186 161 137 112 088 146 255 255 255 255 255 255 255 
255 255 255 255 255 255 255 255 255 255 255 255 255 255 255 255 255 255 255 209 033 000 000 000 000 000 000 051 221 255 255 255 255 255 255 248 000 000 000 057 255 255 255 255 255 255 255 255 255 255 255 255 255 255 255 255 255 255 166 000 000 000 000 000 181 255 255 255 255 255 255 255 
255 255 255 255 255 255 255 255 255 255 255 255 255 255 255 255 255 255 169 010 000 000 000 111 063 000 000 000 010 116 235 255 255 255 255 225 000 000 000 029 255 255 255 255 255 255 255 255 255 255 255 255 255 255 255 255 255 255 126 000 000 000 000 016 249 255 255 255 255 255 255 255 
255 255 255 255 255 255 255 255 255 255 255 255 255 255 255 255 243 111 000 000 000 000 113 255 242 073 000 000 000 000 010 082 165 236 255 233 135 135 135 139 255 255 255 255 255 255 255 255 255 255 255 255 255 255 255 255 255 255 083 000 000 000 000 105 255 255 255 255 255 255 255 255 
255 255 255 255 255 255 255 255 255 255 255 255 255 255 255 171 028 000 000 000 000 121 255 255 255 252 110 000 000 000 000 000 000 000 024 067 110 153 172 178 184 190 196 201 207 213 215 203 191 179 167 207 255 255 255 255 255 255 025 000 000 000 000 213 255 255 255 255 255 255 255 255 
255 255 255 255 255 255 255 255 255 255 255 255 232 143 039 000 000 000 000 002 149 255 255 255 255 255 255 193 043 000 000 000 000 000 000 000 000 000 000 000 000 000 000 000 000 000 000 000 000 000 007 228 255 255 255 255 255 224 000 000 000 000 064 255 255 255 255 255 255 255 255 255 
255 255 255 255 255 255 255 255 255 255 255 250 107 000 000 000 000 000 009 176 255 255 255 255 255 255 255 255 251 165 058 000 000 000 000 000 000 000 000 000 000 000 000 000 000 000 000 000 000 000 078 255 255 255 255 255 255 166 000 000 000 000 172 255 255 255 255 255 255 255 255 255 
255 255 255 255 255 255 255 255 255 255 255 255 255 155 003 000 000 019 198 255 255 255 255 255 255 255 255 255 255 255 255 211 140 075 014 000 000 000 000 000 000 000 000 000 000 000 000 000 000 000 161 255 255 255 255 255 255 109 000 000 000 029 252 255 255 255 255 255 255 255 255 255 
255 255 255 255 255 255 255 255 255 255 255 255 255 255 179 007 047 222 255 255 255 255 255 255 255 255 255 255 255 255 255 255 255 255 252 202 147 123 101 079 056 034 012 000 000 000 000 000 000 000 219 255 255 255 255 255 255 051 000 000 000 134 255 255 255 255 255 255 255 255 255 255 
255 255 255 255 255 255 255 255 255 255 255 255 255 255 255 188 245 255 255 255 255 255 255 255 255 255 255 255 255 255 255 255 255 255 255 255 255 255 255 255 255 255 255 246 225 219 219 218 217 216 254 255 255 255 255 255 233 002 000 000 028 245 255 255 255 255 255 255 255 255 255 255 
255 255 255 255 255 255 255 255 255 255 255 255 255 255 255 255 255 255 255 255 255 255 255 255 255 255 255 255 255 255 255 255 255 255 255 255 255 255 255 255 255 255 255 255 255 255 255 255 255 255 255 255 255 255 255 255 158 008 033 060 176 255 255 255 255 255 255 255 255 255 255 255 
255 255 255 255 255 255 255 255 255 255 255 255 255 255 255 255 255 255 255 255 255 255 255 255 255 255 255 255 255 255 255 255 255 255 255 255 255 255 255 255 255 255 255 255 255 255 255 255 255 255 255 255 255 255 255 255 248 255 255 255 255 255 255 255 255 255 255 255 255 255 255 255 
255 255 255 255 255 255 255 255 255 255 255 255 255 255 255 255 255 255 255 255 255 255 255 255 255 255 255 255 255 255 255 255 255 255 255 255 255 255 255 255 255 255 255 255 255 255 255 255 255 255 255 255 255 255 255 255 255 255 255 255 255 255 255 255 255 255 255 255 255 255 255 255 
255 255 255 255 255 255 255 255 255 255 255 255 255 255 255 255 255 255 255 255 255 255 255 255 255 255 255 255 255 255 255 255 255 255 255 255 255 255 255 255 255 255 255 255 255 255 255 255 255 255 255 255 255 255 255 255 255 255 255 255 255 255 255 255 255 255 255 255 255 255 255 255 
255 255 255 255 255 255 255 255 255 255 255 255 255 255 255 255 255 255 255 255 255 255 255 255 255 255 255 255 255 255 255 255 255 255 255 255 255 255 255 255 255 255 255 255 255 255 255 255 255 255 255 255 255 255 255 255 255 255 255 255 255 255 255 255 255 255 255 255 255 255 255 255 
255 255 255 255 255 255 255 255 255 255 255 255 255 255 255 255 255 255 255 255 255 255 255 255 255 255 255 255 255 255 255 255 255 255 255 255 255 255 255 255 255 255 255 255 255 255 255 255 255 255 255 255 255 255 255 255 255 255 255 255 255 255 255 255 255 255 255 255 255 255 255 255 
255 255 255 255 255 255 255 255 255 255 255 255 255 255 255 255 255 255 255 255 255 255 255 255 255 255 255 255 255 255 255 255 255 255 255 255 255 255 255 255 255 255 255 255 255 255 255 255 255 255 255 255 255 255 255 255 255 255 255 255 255 255 255 255 255 255 255 255 255 255 255 255 
255 255 255 255 255 255 255 255 255 255 255 255 255 255 255 255 255 255 255 255 255 255 255 255 255 255 255 255 255 255 255 255 255 255 255 255 255 255 255 255 255 255 255 255 255 255 255 255 255 255 255 255 255 255 255 255 255 255 255 255 255 255 255 255 255 255 255 255 255 255 255 255 
255 255 255 255 255 255 255 255 255 255 255 255 255 255 255 255 255 255 255 255 255 255 255 255 255 255 255 255 255 255 255 255 255 255 255 255 255 255 255 255 255 255 255 255 255 255 255 255 255 255 255 255 255 255 255 255 255 255 255 255 255 255 255 255 255 255 255 255 255 255 255 255 
255 255 255 255 255 255 255 255 255 255 255 255 255 255 255 255 255 255 255 255 255 255 255 255 255 255 255 255 255 255 255 255 255 255 255 255 255 255 255 255 255 255 255 255 255 255 255 255 255 255 255 255 255 255 255 255 255 255 255 255 255 255 255 255 255 255 255 255 255 255 255 255 
255 255 255 255 255 255 255 255 255 255 255 255 255 255 255 255 255 255 255 255 255 255 255 255 255 255 255 255 255 255 255 255 255 255 255 255 255 255 255 255 255 255 255 255 255 255 255 255 255 255 255 255 255 255 255 255 255 255 255 255 255 255 255 255 255 255 255 255 255 255 255 255 
255 255 255 255 255 255 255 255 255 255 255 255 255 255 255 255 255 255 255 255 255 255 255 255 255 255 255 255 255 255 255 255 255 255 255 255 255 255 255 255 255 255 255 255 255 255 255 255 255 255 255 255 255 255 255 255 255 255 255 255 255 255 255 255 255 255 255 255 255 255 255 255 
255 255 255 255 255 255 255 255 255 255 255 255 255 255 255 255 255 255 255 255 255 255 255 255 255 255 255 255 255 255 255 255 255 255 255 255 255 255 255 255 255 255 255 255 255 255 255 255 255 255 255 255 255 255 255 255 255 255 255 255 255 255 255 255 255 255 255 255 255 255 255 255 
255 255 255 255 255 255 255 255 255 255 255 255 255 255 255 255 255 255 255 255 255 255 255 255 255 255 255 255 255 255 255 255 255 255 255 255 255 255 255 255 255 255 255 255 255 255 255 255 255 255 255 255 255 255 255 255 255 255 255 255 255 255 255 255 255 255 255 255 255 255 255 255 
255 255 255 255 255 255 255 255 255 255 255 255 255 255 255 255 255 255 255 255 255 255 255 255 255 255 255 255 255 255 255 255 255 255 255 255 255 255 255 255 255 255 255 255 255 255 255 255 255 255 255 255 255 255 255 255 255 255 255 255 255 255 255 255 255 255 255 255 255 255 255 255 
255 255 255 255 255 255 255 255 255 255 255 255 255 255 255 255 255 255 255 255 255 255 255 255 255 255 255 255 255 255 255 255 255 255 255 255 255 255 255 255 255 255 255 255 255 255 255 255 255 255 255 255 255 255 255 255 255 255 255 255 255 255 255 255 255 255 255 255 255 255 255 255 
255 255 255 255 255 255 255 255 255 255 255 255 255 255 255 255 255 255 255 255 255 255 255 255 255 255 255 255 255 255 255 255 255 255 255 255 255 255 255 255 255 255 255 255 255 255 255 255 255 255 255 255 255 255 255 255 255 255 255 255 255 255 255 255 255 255 255 255 255 255 255 255 
255 255 255 255 255 255 255 255 255 255 255 255 255 255 255 255 255 255 255 255 255 255 255 255 255 255 255 255 255 255 255 255 255 255 255 255 255 255 255 255 255 255 255 255 255 255 255 255 255 255 255 255 255 255 255 255 255 255 255 255 255 255 255 255 255 255 255 255 255 255 255 255 
255 255 255 255 255 255 255 255 255 255 255 255 255 255 255 255 255 255 255 255 255 255 255 255 255 255 255 255 255 255 255 255 255 255 255 255 255 255 255 255 255 255 255 255 255 255 255 255 255 255 255 255 255 255 255 255 255 255 255 255 255 255 255 255 255 255 255 255 255 255 255 255 
255 255 255 255 255 255 255 255 255 255 255 255 255 255 255 255 255 255 255 255 255 255 255 255 255 255 255 255 255 255 255 255 255 255 255 255 255 255 255 255 255 255 255 255 255 255 255 255 255 255 255 255 255 255 255 255 255 255 255 255 255 255 255 255 255 255 255 255 255 255 255 255 
255 255 255 255 255 255 255 255 255 255 255 255 255 255 255 255 255 255 255 255 255 255 255 255 255 255 255 255 255 255 255 255 255 255 255 255 255 255 255 255 255 255 255 255 255 255 255 255 255 255 255 255 255 255 255 255 255 255 255 255 255 255 255 255 255 255 255 255 255 255 255 255 
255 255 255 255 255 255 255 255 255 255 255 255 255 255 255 255 255 255 255 255 255 255 255 255 255 255 255 255 255 255 255 255 255 255 255 255 255 255 255 255 255 255 255 255 255 255 255 255 255 255 255 255 255 255 255 255 255 255 255 255 255 255 255 255 255 255 255 255 255 255 255 255 
255 255 255 255 255 255 255 255 255 255 255 255 255 255 255 255 255 255 255 255 255 255 255 255 255 255 255 255 255 255 255 255 255 255 255 255 255 255 255 255 255 255 255 255 255 255 255 255 255 255 255 255 255 255 255 255 255 255 255 255 255 255 255 255 255 255 255 255 255 255 255 255 
255 255 255 255 255 255 255 255 255 255 255 255 255 255 255 255 255 255 255 255 255 255 255 255 255 255 255 255 255 255 255 255 255 255 255 255 255 255 255 255 255 255 255 255 255 255 255 255 255 255 255 255 255 255 255 255 255 255 255 255 255 255 255 255 255 255 255 255 255 255 255 255 
255 255 255 255 255 255 255 255 255 255 255 255 255 255 255 255 255 255 255 255 255 255 255 255 255 255 255 255 255 255 255 255 255 255 255 255 255 255 255 255 255 255 255 255 255 255 255 255 255 255 255 255 255 255 255 255 255 255 255 255 255 255 255 255 255 255 255 255 255 255 255 255 
255 255 255 255 255 255 255 255 255 255 255 255 255 255 255 255 255 255 255 255 255 255 255 255 255 255 255 255 255 255 255 255 255 255 255 255 255 255 255 255 255 255 255 255 255 255 255 255 255 255 255 255 255 255 255 255 255 255 255 255 255 255 255 255 255 255 255 255 255 255 255 255 
255 255 255 255 255 255 255 255 255 255 255 255 255 255 255 255 255 255 255 255 255 255 255 255 255 255 255 255 255 255 255 255 255 255 255 255 255 255 255 255 255 255 255 255 255 255 255 255 255 255 255 255 255 255 255 255 255 255 255 255 255 255 255 255 255 255 255 255 255 255 255 255 
255 255 255 255 255 255 255 255 255 255 255 255 255 255 255 255 255 255 255 255 255 255 255 255 255 255 255 255 255 253 255 255 255 255 255 255 255 255 255 255 255 255 255 255 255 255 255 255 255 255 255 255 255 255 255 255 255 255 255 255 255 255 255 255 255 255 255 255 255 255 255 255 
255 255 255 255 255 255 255 255 255 255 255 255 255 255 255 255 255 255 255 255 255 255 255 255 255 255 255 255 255 197 009 038 051 059 148 255 255 255 255 255 255 255 255 255 255 255 255 255 255 255 255 255 255 255 255 255 255 255 255 255 255 255 255 255 255 255 255 255 255 255 255 255 
255 255 255 255 255 255 255 255 255 255 255 255 255 255 255 255 255 255 255 255 255 255 255 255 255 255 255 255 255 220 000 000 000 015 243 255 255 255 255 255 255 255 255 255 255 255 255 255 255 255 255 255 255 255 255 255 255 255 255 255 255 255 255 255 255 255 255 255 255 181 106 135 
255 255 255 255 255 255 255 255 255 255 255 255 255 255 255 255 255 255 255 255 255 255 255 255 255 255 255 255 255 223 000 000 000 069 255 255 255 255 255 255 255 255 255 255 255 255 255 255 255 255 255 255 255 255 255 255 255 255 255 255 255 255 255 255 255 255 255 255 255 172 000 000 
255 255 255 255 255 255 255 255 255 255 255 255 255 255 255 255 255 255 255 255 255 255 255 255 255 255 255 255 255 224 000 000 000 076 255 255 255 255 255 255 255 255 255 255 255 255 255 255 255 255 255 255 255 255 255 255 255 255 255 255 255 255 255 255 255 255 255 255 255 192 000 000 
255 255 255 255 255 255 255 255 255 255 255 255 255 255 255 255 255 255 255 255 255 255 255 255 255 255 255 255 255 225 000 000 000 076 255 255 255 255 255 255 255 255 255 255 255 255 255 255 255 255 255 255 255 255 255 255 255 246 239 253 255 255 255 255 255 255 255 255 255 197 000 000 
255 255 255 255 255 255 255 255 255 255 255 255 255 255 255 255 255 255 255 255 255 255 255 255 255 255 255 255 255 226 000 000 000 076 255 255 255 255 255 255 255 255 255 255 255 255 255 255 255 255 255 255 255 255 255 255 255 159 000 000 011 025 039 044 047 049 052 054 057 047 000 000 
255 255 255 255 255 255 255 255 255 255 255 255 255 250 101 113 126 138 150 162 173 175 176 177 179 180 181 182 183 164 000 000 000 055 184 183 182 181 179 178 177 176 175 171 159 147 135 123 110 132 255 255 255 255 255 255 255 159 000 000 000 000 000 000 000 000 000 000 000 000 000 000 
255 255 255 255 255 255 255 255 255 255 255 255 255 247 000 000 000 000 000 000 000 000 000 000 000 000 000 000 000 000 000 000 000 000 000 000 000 000 000 000 000 000 000 000 000 000 000 000 000 051 255 255 255 255 255 255 255 159 000 000 000 000 000 000 000 000 000 000 000 000 000 000 
255 255 255 255 255 255 255 255 255 255 255 255 255 247 000 000 000 000 000 000 000 000 000 000 000 000 000 000 000 000 000 000 000 000 000 000 000 000 000 000 000 000 000 000 000 000 000 000 000 051 255 255 255 255 255 255 255 211 148 164 181 197 213 220 222 224 227 229 232 185 000 000 
255 255 255 255 255 255 255 255 255 255 255 255 255 247 000 000 000 000 000 000 000 000 000 000 000 000 001 003 005 007 000 000 000 002 007 005 004 002 000 000 000 000 000 000 000 000 000 000 000 051 255 255 255 255 255 255 255 255 255 255 255 255 255 255 255 255 255 255 255 201 000 000 
255 255 255 255 255 255 255 255 255 255 255 255 255 253 180 191 202 212 223 233 242 245 248 250 252 255 255 255 255 227 000 000 000 076 255 255 255 255 255 254 253 251 249 245 234 223 212 201 189 195 255 255 255 255 255 255 255 255 255 255 255 255 255 255 255 255 255 255 255 201 000 000 
255 255 255 255 255 255 255 255 255 255 255 255 255 255 255 255 255 255 255 255 255 255 255 255 255 255 255 255 255 227 000 000 000 076 255 255 255 255 255 255 255 255 255 255 255 255 255 255 255 255 255 255 255 255 255 255 255 255 255 255 255 255 255 131 119 130 140 145 152 125 000 000 
255 255 255 255 255 255 255 255 255 255 255 255 255 255 255 255 255 255 255 255 255 255 255 255 255 255 255 255 255 227 000 000 000 076 255 255 255 255 255 255 255 255 255 255 255 255 255 255 255 255 255 255 255 255 255 255 255 255 255 255 255 255 255 049 000 000 000 000 000 000 000 000 
255 255 255 255 255 255 255 255 255 255 255 255 255 255 255 255 255 255 255 255 255 255 255 255 255 255 255 255 255 227 000 000 000 076 255 255 255 255 255 255 255 255 255 255 255 255 255 255 255 255 255 255 255 255 255 255 255 255 255 255 255 255 255 063 000 000 003 013 013 013 013 013 
255 255 255 255 255 255 255 255 255 255 255 255 255 255 255 255 255 255 255 255 255 255 255 255 255 255 255 255 255 227 000 000 000 076 255 255 255 255 255 255 255 255 255 255 255 255 255 255 255 255 255 255 255 255 255 255 255 255 255 255 255 255 255 077 000 000 069 255 255 255 255 255 
255 255 255 255 255 255 255 255 255 255 255 255 255 255 255 255 255 255 253 255 255 255 255 255 255 255 255 255 255 227 000 000 000 076 255 255 255 255 255 255 255 255 255 255 255 255 253 255 255 255 255 255 255 255 255 255 255 255 255 255 255 255 255 081 000 000 069 255 255 255 255 255 
255 255 255 255 255 255 255 255 255 255 255 255 255 255 255 255 255 253 001 015 032 049 066 075 079 083 087 091 095 089 000 000 000 030 099 097 094 092 090 088 086 081 064 046 028 009 091 255 255 255 255 255 255 255 255 255 255 255 255 255 255 255 255 084 000 000 069 255 255 255 255 255 
255 255 255 255 255 255 255 255 255 255 255 255 255 255 255 255 255 253 000 000 000 000 000 000 000 000 000 000 000 000 000 000 000 000 000 000 000 000 000 000 000 000 000 000 000 000 090 255 255 255 255 255 255 255 255 255 255 255 255 255 255 255 255 087 000 000 016 058 058 058 058 058 
255 255 255 255 255 255 255 255 255 255 255 255 255 255 255 255 255 253 000 000 000 000 000 000 000 000 000 000 000 000 000 000 000 000 000 000 000 000 000 000 000 000 000 000 000 000 090 255 255 255 255 255 255 255 255 255 255 255 255 255 255 255 255 089 000 000 000 000 000 000 000 000 
255 255 255 255 255 255 255 255 255 255 255 255 255 255 255 255 255 254 032 045 058 071 084 096 100 102 104 106 108 110 112 114 115 113 111 109 107 105 103 101 099 092 079 066 054 041 110 255 255 255 255 255 255 255 255 255 255 255 255 255 255 255 255 087 000 000 007 025 025 025 025 025 
255 255 255 255 255 255 255 255 255 255 255 255 255 255 255 255 255 255 255 255 255 255 255 255 255 255 255 255 255 255 255 255 255 255 255 255 255 255 255 255 255 255 255 255 255 255 255 255 255 255 255 255 255 255 255 255 255 255 255 255 255 255 255 084 000 000 069 255 255 255 255 255 
255 255 255 255 255 255 255 255 255 255 255 255 255 255 255 255 255 255 255 255 255 255 255 255 255 255 255 255 255 255 255 255 239 255 255 255 255 255 255 255 255 255 255 255 255 255 255 255 255 255 255 255 255 255 255 255 255 255 255 255 255 255 255 082 000 000 069 255 255 255 255 255 
255 255 255 255 255 255 255 255 255 255 255 255 255 255 255 255 255 255 255 255 255 255 255 255 255 255 255 255 255 255 226 111 011 175 255 255 255 255 255 255 255 255 255 255 255 255 255 255 255 255 255 255 255 255 255 255 255 255 255 255 255 255 255 078 000 000 069 255 255 255 255 255 
255 255 255 255 255 255 255 255 255 255 255 255 255 255 255 255 255 255 255 255 255 255 255 255 255 255 255 255 255 205 005 000 000 037 250 255 255 255 255 255 255 255 255 255 251 255 255 255 255 255 255 255 255 255 255 255 255 255 255 255 255 255 255 065 000 000 006 023 023 023 023 023 
255 255 255 255 255 255 255 255 255 255 255 255 255 255 255 244 251 255 255 255 255 255 255 255 255 255 255 255 255 255 090 000 000 000 143 255 255 255 255 255 255 255 253 147 025 208 255 255 255 255 255 255 255 255 255 255 255 255 255 255 255 255 255 052 000 000 000 000 000 000 000 000 
