157 000 000 000 150 255 255 255 255 255 255 255 255 255 255 255 255 255 255 255 255 255 255 255 255 255 255 185 000 000 000 093 255 255 255 255 255 255 255 255 255 236 036 000 000 000 085 255 255 251 098 000 000 000 000 000 000 052 209 255 255 255 255 255 255 255 255 255 255 255 255 255 
143 000 000 000 150 255 255 255 255 255 255 255 255 255 255 255 255 255 255 255 255 255 255 255 255 255 255 212 097 097 097 147 255 255 255 255 255 255 255 255 255 255 254 186 050 000 136 255 255 255 255 099 000 000 000 022 156 254 255 255 255 255 255 255 255 255 255 255 255 255 255 255 
212 162 162 162 217 255 255 255 255 255 255 255 255 255 255 255 255 255 255 255 255 255 255 255 255 255 255 255 255 255 255 255 255 255 255 255 255 255 255 255 255 255 255 255 252 140 196 255 255 255 255 252 070 014 120 240 255 255 255 255 255 255 255 255 255 255 255 255 255 255 255 255 
255 255 255 255 255 255 255 255 255 255 255 255 255 255 255 255 255 255 255 255 255 255 255 255 255 255 255 255 255 255 255 255 255 255 255 255 255 255 255 255 255 255 255 255 255 255 255 255 255 255 255 255 234 240 255 255 255 255 255 255 255 255 255 255 255 255 255 255 255 255 255 255 
255 255 255 255 255 255 255 255 255 255 255 255 255 255 255 255 255 255 255 255 255 255 255 255 255 255 255 255 255 255 255 255 255 255 255 255 255 255 255 255 255 255 255 255 255 255 255 255 255 255 255 255 255 255 255 255 255 255 255 255 255 255 255 255 255 255 255 255 255 255 255 255 
255 255 255 255 255 255 255 255 255 255 255 255 255 255 255 255 255 255 255 255 255 255 255 255 255 255 255 255 255 255 255 255 255 255 255 255 255 255 255 255 255 255 255 255 255 255 255 255 255 255 255 255 255 255 255 255 255 255 255 255 255 255 255 255 255 255 255 255 255 255 255 255 
255 255 255 255 255 255 255 255 255 255 255 255 255 255 255 255 255 255 255 255 255 255 255 255 255 255 255 255 255 255 255 255 255 255 255 255 255 255 255 255 255 255 255 255 255 255 255 255 255 255 255 255 255 255 255 255 255 255 255 255 255 255 255 255 255 255 255 255 255 255 255 255 
255 255 255 255 255 255 255 255 255 255 255 255 255 255 255 255 255 255 255 255 255 255 255 255 255 255 255 255 255 255 255 255 255 255 255 255 255 255 255 255 255 255 255 255 255 255 255 255 255 255 255 255 255 255 255 255 255 255 255 255 255 255 255 255 255 255 255 255 255 255 255 255 
255 255 255 255 255 255 255 255 255 255 255 255 255 255 255 255 255 255 255 255 255 255 255 255 255 255 255 255 255 255 255 255 255 255 255 255 255 255 255 255 255 255 255 255 255 255 255 255 255 255 255 255 255 255 255 255 255 255 255 255 255 255 255 255 255 255 255 255 255 255 255 255 
255 255 255 255 255 255 255 255 255 255 255 255 255 255 255 255 255 255 255 255 255 255 255 255 255 255 255 255 255 255 255 255 255 255 255 255 255 255 255 255 255 255 255 255 255 255 255 255 255 255 255 255 255 255 255 255 255 255 255 255 255 255 255 255 255 255 255 255 255 255 255 255 
255 255 255 255 255 255 255 255 255 255 255 255 255 255 255 255 255 255 255 255 255 255 255 255 255 255 255 255 255 255 255 255 255 255 255 255 255 255 255 255 255 255 255 255 255 255 255 255 255 255 255 255 255 255 255 255 255 255 255 255 255 255 255 255 255 255 255 255 255 255 255 255 
255 255 255 255 255 255 255 255 255 255 255 255 255 255 255 255 255 255 255 255 255 255 255 255 255 255 255 255 255 255 255 255 255 255 255 255 255 255 255 255 255 255 255 255 255 255 255 255 255 255 255 255 255 255 255 255 255 255 255 255 255 255 255 255 255 255 255 255 255 255 255 255 
255 255 255 255 255 255 255 255 255 255 255 255 255 255 255 255 255 255 255 255 255 255 255 255 255 255 255 255 255 255 255 255 255 255 255 255 255 255 255 255 255 255 255 255 255 255 255 255 255 255 255 255 255 255 255 255 255 255 255 255 255 255 255 255 255 255 255 255 255 255 255 255 
255 255 255 255 255 255 255 255 255 255 255 255 255 255 255 255 255 255 255 255 255 255 255 255 255 255 255 255 255 255 255 255 255 255 255 255 255 255 255 255 255 255 255 255 255 255 255 255 255 255 255 255 255 255 255 255 255 255 255 255 255 255 255 255 255 255 255 255 255 255 255 255 
255 255 255 255 255 255 255 255 255 255 255 255 255 255 255 255 255 255 255 255 255 255 255 255 255 255 255 255 255 255 255 255 255 255 255 255 255 255 255 255 255 255 255 255 255 255 255 255 255 255 255 255 255 255 255 255 255 255 255 255 255 255 255 255 255 255 255 255 255 255 255 255 
255 255 255 255 255 255 255 255 255 255 255 255 255 255 255 255 255 255 255 255 255 255 255 255 255 255 255 255 255 255 255 255 255 255 255 255 255 255 255 255 255 255 255 255 255 255 255 255 255 255 255 255 255 255 255 255 255 255 255 255 255 255 255 255 255 255 255 255 255 255 255 255 
255 255 255 255 255 255 255 255 255 255 255 255 255 255 255 255 255 255 255 255 255 255 255 255 255 255 255 255 255 255 255 255 255 255 255 255 255 255 255 255 255 255 255 255 255 255 255 255 255 255 255 255 255 255 255 255 255 255 255 255 255 255 255 255 255 255 255 255 255 255 255 255 
255 255 255 255 255 255 255 255 255 255 255 255 255 255 255 255 255 255 255 255 255 255 255 255 255 255 255 255 255 255 255 255 255 255 255 255 255 255 255 255 255 255 255 255 255 255 255 255 255 255 255 255 255 255 255 255 255 255 255 255 255 255 255 255 255 255 255 255 255 255 255 255 
255 255 255 255 255 255 255 255 255 255 255 255 255 255 255 255 255 255 255 255 255 255 255 255 255 255 255 255 255 255 255 255 255 255 255 255 255 255 255 255 255 255 255 255 255 255 255 255 255 255 255 255 255 255 255 255 255 255 255 255 255 255 255 255 255 255 255 255 255 255 255 255 
255 255 255 255 255 255 255 255 255 255 255 255 255 255 255 255 255 255 255 255 255 255 255 255 255 255 255 255 255 255 255 255 255 255 255 255 255 255 255 255 255 255 255 255 255 255 255 255 255 255 255 255 255 255 255 255 255 255 255 255 255 255 255 255 255 255 255 255 255 255 255 255 
255 255 255 255 255 255 255 255 255 255 255 255 255 255 255 255 255 255 255 255 255 255 255 255 255 255 255 255 255 255 255 255 255 255 255 255 255 255 255 255 255 255 255 255 255 255 255 255 255 255 255 255 255 255 255 255 255 255 255 255 255 255 255 255 255 255 255 255 255 255 255 255 
255 255 255 255 255 255 255 255 255 255 255 255 255 255 255 255 255 255 255 255 255 255 255 255 255 255 255 255 255 255 255 255 255 255 255 255 255 255 255 255 255 255 255 255 255 255 255 255 255 255 255 255 255 255 255 255 255 255 255 255 255 255 255 255 255 255 255 255 255 255 255 255 
255 255 255 255 255 255 255 255 255 255 255 255 255 255 255 255 255 255 255 255 255 255 255 255 255 255 255 255 255 255 255 255 255 255 255 255 255 255 255 255 255 255 255 255 255 255 255 255 255 255 255 255 255 255 255 255 255 255 255 255 255 255 255 255 255 255 255 255 255 255 255 255 
255 255 255 255 255 255 255 255 255 255 255 255 255 255 255 255 255 255 255 255 255 255 255 255 255 255 255 255 255 255 255 255 255 255 255 255 255 255 255 255 255 255 255 255 255 255 255 255 255 255 255 255 255 255 255 255 255 255 255 255 255 255 255 255 255 255 255 255 255 255 255 255 
255 255 255 255 255 255 255 255 255 255 255 255 255 255 255 255 255 255 255 255 255 255 255 255 255 255 255 255 255 255 255 255 255 255 255 255 255 255 255 255 255 255 255 255 255 255 255 255 255 255 255 255 255 255 255 255 255 255 255 255 255 255 255 255 255 255 255 255 255 255 255 255 
255 255 255 255 255 255 255 255 255 255 255 255 255 255 255 255 255 255 255 255 255 255 255 255 255 255 255 255 255 255 255 255 255 255 255 255 255 255 255 255 255 255 255 255 255 255 255 255 255 255 255 255 255 255 255 255 255 255 255 255 255 255 255 255 255 255 255 255 255 255 255 255 
255 255 255 255 255 255 255 255 255 255 255 255 255 255 255 255 255 255 255 255 255 255 255 255 255 255 255 255 255 255 255 255 255 255 255 255 255 255 255 255 255 255 255 255 255 255 255 255 255 255 255 255 255 255 255 255 255 255 255 255 255 255 255 255 255 255 255 255 255 255 255 255 
255 255 255 255 255 255 255 255 255 255 255 255 255 255 255 255 255 255 255 255 255 255 255 255 255 255 255 255 255 255 255 255 255 255 255 255 255 255 255 255 255 255 255 255 255 255 255 255 255 255 255 255 255 255 255 255 255 255 255 255 255 255 255 255 255 255 255 255 255 255 255 255 
255 255 255 255 255 255 255 255 255 255 255 255 255 255 255 255 255 255 255 255 255 255 255 255 255 255 255 255 255 255 255 255 255 255 255 255 255 255 255 255 255 255 255 255 255 255 255 255 255 255 255 255 255 255 255 255 255 255 255 255 255 255 255 255 255 255 255 255 255 255 255 255 
255 255 255 255 255 255 255 255 255 255 255 255 255 255 255 255 255 255 255 255 255 255 255 255 255 255 255 255 255 255 255 255 255 255 255 255 255 255 255 255 255 255 255 255 255 255 255 255 255 255 255 255 255 255 255 255 255 255 255 255 255 255 255 255 255 255 255 255 255 255 255 255 
255 255 255 255 255 255 255 255 255 255 255 255 255 255 255 255 255 255 255 255 255 255 255 255 255 255 255 255 255 255 255 255 255 255 255 255 255 255 255 255 255 255 255 255 255 255 255 255 255 255 255 255 255 255 255 255 255 255 255 255 255 255 255 255 255 255 255 255 255 255 255 255 
255 255 255 255 255 255 255 255 255 255 255 255 255 255 255 255 255 255 255 255 255 255 255 255 135 097 109 105 167 255 255 255 255 255 255 255 255 255 255 255 255 255 255 255 255 255 255 255 255 255 255 255 249 092 128 143 151 231 255 255 255 255 255 255 255 255 255 255 255 255 255 152 
255 255 255 255 255 255 255 255 255 255 255 255 255 255 255 255 255 255 255 255 255 255 255 255 102 000 000 018 236 255 255 255 255 255 255 255 255 255 255 255 255 255 255 255 255 255 255 255 255 255 255 255 255 011 000 000 041 232 255 255 255 255 255 255 255 255 255 255 255 255 255 090 
255 255 255 255 255 255 202 236 255 255 255 255 255 255 255 255 255 255 255 255 255 255 255 255 110 000 000 087 255 255 255 255 255 255 255 255 255 255 255 255 255 255 255 255 255 255 255 255 255 255 255 255 255 034 000 000 163 255 255 255 255 255 255 255 255 255 255 255 255 255 255 096 
255 255 255 255 255 192 010 026 189 255 255 255 255 255 255 255 255 255 255 255 255 255 255 255 117 000 000 111 255 255 255 255 255 255 255 255 255 255 255 255 255 255 255 255 255 255 255 255 255 255 255 255 255 041 000 000 178 255 255 255 255 255 255 255 237 250 255 255 255 255 255 098 
255 255 255 255 192 010 000 000 002 116 246 255 255 233 190 205 221 236 248 251 254 255 255 255 123 000 000 111 255 255 255 255 255 255 255 248 231 215 199 195 255 255 255 255 255 255 255 255 255 234 255 255 255 044 000 000 178 255 255 168 161 220 239 254 066 001 020 040 046 053 060 025 
255 255 255 255 159 018 000 000 000 000 033 182 255 177 000 000 000 000 000 000 000 001 005 008 005 000 000 005 010 009 007 006 004 003 002 000 000 000 000 037 255 255 255 255 255 255 255 125 046 003 239 255 255 048 000 000 178 255 255 077 000 000 014 216 066 000 000 000 000 000 000 000 
255 255 255 255 255 235 074 000 000 000 000 017 230 177 000 000 000 000 000 000 000 000 000 000 000 000 000 000 000 000 000 000 000 000 000 000 000 000 000 037 255 255 255 255 255 255 255 075 000 000 177 255 255 049 000 000 178 255 255 030 000 000 139 255 066 000 000 000 002 011 020 010 
255 255 255 255 255 255 254 139 005 000 007 194 255 177 000 000 003 015 020 025 029 033 015 000 000 000 000 021 047 044 042 040 038 036 033 024 009 000 000 037 255 255 255 255 255 255 255 158 000 000 111 255 255 049 000 000 178 255 218 000 000 011 239 255 201 203 228 247 255 255 255 100 
255 255 255 255 255 255 255 255 195 019 170 255 255 244 228 243 255 255 255 255 255 215 018 000 043 000 000 111 255 255 255 255 255 255 255 255 255 250 236 227 255 255 255 255 255 255 255 220 000 000 033 255 255 049 000 000 178 255 151 000 000 104 255 255 255 255 255 255 255 255 255 100 
255 255 255 255 255 255 255 255 255 240 255 255 255 255 255 255 255 255 255 255 206 023 000 066 127 000 000 111 255 255 166 175 253 255 255 255 255 255 255 255 255 255 255 255 255 255 255 255 027 000 000 203 255 049 000 000 178 255 078 000 000 204 255 255 106 100 119 133 138 143 148 060 
255 255 255 255 255 255 255 255 255 255 255 255 255 255 255 255 255 255 255 188 013 000 020 228 125 000 000 111 255 192 004 000 036 147 244 255 255 255 255 255 255 255 255 255 255 255 255 255 084 000 000 117 255 049 000 000 178 232 004 000 039 255 255 255 033 000 000 000 000 000 000 000 
255 255 255 255 255 255 255 255 255 255 255 255 255 255 255 255 255 254 140 005 000 001 180 255 118 000 000 108 255 118 004 000 000 000 017 121 237 255 255 255 255 255 255 255 255 255 255 255 129 064 134 211 255 049 000 000 178 226 137 064 130 255 255 255 033 000 000 000 000 000 000 000 
255 255 255 255 255 255 255 255 255 255 255 255 255 255 255 255 232 071 000 000 001 145 255 255 097 000 000 094 255 255 222 093 001 000 000 000 014 129 242 255 255 255 255 255 255 255 255 255 255 255 255 255 255 049 000 000 178 255 255 255 253 255 255 255 164 168 187 200 205 210 215 086 
255 255 255 255 191 221 255 255 255 255 255 255 255 255 252 149 020 000 000 002 156 255 255 255 108 050 050 112 255 255 255 255 200 054 000 000 000 000 020 152 255 255 255 255 255 255 255 255 255 255 255 255 255 049 000 000 178 255 255 255 255 255 255 255 255 255 255 255 255 255 255 100 
255 255 255 240 021 004 096 218 255 255 255 255 253 177 042 000 000 000 004 166 255 255 255 244 083 155 240 255 255 255 255 255 255 254 159 022 000 000 000 168 255 255 255 255 255 255 223 162 178 189 191 192 194 038 000 000 136 192 190 182 161 253 215 196 219 242 255 255 255 255 255 100 
255 255 255 111 000 000 000 001 070 173 251 255 177 005 000 000 000 023 183 255 255 255 255 097 000 000 005 134 255 255 255 255 255 255 255 237 092 000 103 255 255 255 255 255 255 255 173 000 000 000 000 000 000 000 000 000 000 000 000 000 000 248 119 000 000 000 002 007 013 018 023 010 
255 255 226 006 000 000 000 000 000 000 159 255 255 188 010 000 082 235 255 255 255 255 112 000 000 000 000 010 173 255 255 255 255 255 255 255 255 187 247 255 255 255 255 255 255 255 173 000 000 000 000 000 000 000 000 000 000 000 000 000 000 248 119 000 000 000 000 000 000 000 000 000 
255 255 255 226 128 019 000 000 000 029 249 255 255 255 183 161 255 255 255 255 253 101 000 000 000 086 036 000 001 099 234 255 255 255 255 255 255 255 255 255 255 255 255 255 255 255 199 091 107 117 119 120 059 000 000 000 084 119 118 109 089 251 119 000 000 015 035 050 053 055 057 060 
255 255 255 255 255 244 142 026 000 147 255 255 255 255 255 255 255 255 255 250 091 000 000 000 086 252 209 020 000 000 016 145 251 255 255 255 255 255 255 255 255 255 255 255 255 255 255 255 255 255 255 255 049 000 000 000 178 255 255 255 255 255 234 230 250 255 255 255 255 255 255 255 
255 255 255 255 255 255 255 245 133 247 255 255 255 255 255 255 255 255 212 049 000 000 000 100 251 255 255 223 046 000 000 000 023 109 199 255 255 255 255 255 255 255 255 255 255 255 255 255 255 255 255 204 000 000 000 000 178 255 255 255 255 255 255 255 208 197 211 220 221 222 223 223 
255 255 255 255 255 255 255 255 255 255 255 255 255 255 255 255 253 140 007 000 000 012 164 255 255 255 255 255 244 087 000 000 000 000 000 033 089 137 185 232 255 255 255 255 255 255 255 255 255 255 255 103 000 000 000 000 178 233 080 195 255 255 255 255 091 000 000 000 000 000 000 000 
255 255 255 255 255 255 255 255 255 255 255 255 255 255 255 201 061 000 000 000 045 216 255 255 255 149 173 184 187 252 193 058 000 000 000 000 000 000 000 000 006 106 255 255 255 255 255 255 255 255 235 013 000 000 000 000 127 021 000 041 249 255 255 255 105 000 000 000 000 000 000 000 
255 255 255 255 255 255 255 255 255 255 255 255 255 205 075 000 000 000 000 101 246 255 255 255 255 035 000 000 052 246 255 255 178 053 000 000 000 000 000 000 001 218 255 255 255 255 255 255 255 255 101 000 002 023 000 000 164 027 000 000 125 255 255 255 108 000 000 041 113 113 113 113 
255 255 255 255 255 255 255 175 255 255 250 173 076 000 000 000 000 012 165 255 255 255 255 255 255 046 000 000 145 255 255 255 255 255 210 112 020 000 000 000 063 255 255 255 255 255 255 255 255 204 002 000 071 049 000 000 178 179 000 000 002 183 255 255 111 000 000 093 255 255 255 255 
255 255 255 255 255 255 255 017 093 239 252 124 001 000 000 000 060 216 255 255 255 255 255 255 255 049 000 000 155 255 255 255 255 109 163 255 250 173 089 015 141 255 255 255 255 255 255 255 254 058 000 000 172 049 000 000 178 255 081 000 000 017 221 255 111 000 000 093 255 255 255 255 
255 255 255 255 255 255 225 000 000 023 153 255 174 004 022 160 254 250 095 126 251 255 255 255 255 050 000 000 155 255 255 255 170 000 001 105 243 255 255 250 240 255 255 255 255 255 255 255 162 000 000 029 250 049 000 000 178 255 217 004 000 020 187 255 111 000 000 033 090 090 090 090 
255 255 255 255 255 255 173 000 000 000 162 255 255 192 239 255 241 067 000 000 055 231 255 255 255 050 000 000 155 255 255 198 012 000 000 010 155 255 255 255 255 255 255 255 255 255 255 243 025 000 000 150 255 049 000 000 178 255 255 107 075 232 255 255 111 000 000 000 000 000 000 000 
255 255 255 255 255 255 100 000 000 007 242 255 255 255 255 255 240 074 000 000 000 031 220 255 255 050 000 000 155 255 203 015 000 000 081 227 255 255 255 255 255 255 255 255 255 255 255 098 000 000 030 249 255 049 000 000 178 255 255 247 255 255 255 255 111 000 000 005 015 015 015 015 
255 255 255 255 255 255 026 000 000 064 255 255 255 255 255 255 255 253 110 000 000 076 246 255 198 022 000 000 019 118 017 000 007 149 255 255 255 255 255 255 255 255 255 255 255 255 131 000 000 000 151 255 255 049 000 000 178 255 255 255 255 255 255 255 111 000 000 093 255 255 255 255 
255 255 255 255 255 206 000 000 000 128 255 255 255 255 255 255 255 255 255 114 091 251 229 091 001 000 000 000 000 000 000 003 187 255 255 255 255 255 255 255 255 255 255 255 255 214 001 000 000 030 249 255 255 049 000 000 178 255 255 255 255 255 255 255 111 000 000 093 255 255 255 255 
255 255 255 255 255 131 000 000 000 192 255 255 255 255 255 255 255 255 255 255 238 131 012 000 000 000 000 000 037 000 000 000 013 122 238 255 255 255 255 255 255 255 255 255 255 255 113 000 000 154 255 255 255 049 000 000 178 255 255 255 255 255 255 255 111 000 000 056 154 154 154 154 
255 255 255 255 255 052 000 000 008 248 255 255 255 255 255 255 255 255 226 113 013 000 000 010 135 045 000 000 155 182 029 000 000 000 014 144 252 255 255 255 255 255 255 255 255 255 252 046 056 253 255 255 255 049 000 000 178 255 255 255 255 255 255 255 111 000 000 000 000 000 000 000 
255 255 255 255 224 001 000 000 063 255 255 255 255 255 255 255 210 092 005 000 000 000 078 224 255 050 000 000 155 255 242 102 000 000 000 000 051 203 255 255 255 255 255 255 255 255 255 192 210 255 255 255 255 049 000 000 178 255 255 255 255 255 255 255 111 000 000 000 000 000 000 000 
255 255 255 255 128 000 000 000 123 255 255 255 255 239 163 071 000 000 000 000 030 177 255 255 255 050 000 000 155 255 255 255 166 012 000 000 000 002 114 252 255 255 255 255 255 255 255 255 255 255 255 255 255 049 000 000 178 255 255 255 255 255 255 255 111 000 000 076 207 207 207 207 
255 255 255 254 032 000 000 000 182 255 255 255 254 055 000 000 000 000 005 119 245 255 255 255 255 050 000 000 155 255 255 255 255 214 042 000 000 000 000 128 255 255 255 255 255 255 255 255 255 255 255 255 255 047 000 000 175 255 255 255 255 255 255 255 109 000 000 093 255 255 255 255 
255 255 255 189 000 000 000 000 238 255 255 255 255 218 011 000 000 047 211 255 255 255 255 255 255 048 000 000 155 255 255 255 255 255 244 088 000 000 065 246 255 255 255 255 255 255 255 255 255 255 255 255 255 045 000 000 172 255 255 255 255 255 255 255 107 000 000 093 255 255 255 255 
255 255 255 069 000 000 000 027 255 255 255 255 255 255 132 000 109 248 255 255 255 233 224 217 148 003 000 000 156 255 255 255 255 255 255 254 104 030 239 255 255 255 255 255 255 255 255 255 255 255 255 255 255 044 000 000 168 255 255 255 255 255 255 255 102 000 000 093 255 255 255 255 
255 255 248 096 007 000 000 068 255 255 255 255 255 255 247 184 255 255 255 255 255 167 000 000 000 000 000 000 170 255 255 255 255 255 255 255 255 223 255 255 255 255 255 255 255 255 255 255 255 255 255 255 255 027 000 000 150 255 255 255 255 255 255 255 084 000 000 093 255 255 255 255 
255 255 255 255 234 115 006 109 255 255 255 255 255 255 255 255 255 255 255 255 255 253 030 000 000 000 000 002 229 255 255 255 255 255 255 255 255 255 255 255 255 255 255 255 255 255 255 255 255 255 255 255 255 006 000 000 126 255 255 255 255 255 255 255 066 000 000 093 255 255 255 255 
255 255 255 255 255 255 219 196 255 255 255 255 255 255 255 255 255 255 255 255 255 255 126 000 000 005 052 189 255 255 255 255 255 255 255 255 255 255 255 255 255 255 255 255 255 255 255 255 255 255 255 255 239 000 000 000 102 255 255 255 255 255 255 255 102 063 063 134 255 255 255 255 
255 255 255 255 255 255 255 255 255 255 255 255 255 255 255 255 255 255 255 255 255 255 219 165 199 246 255 255 255 255 255 255 255 255 255 255 255 255 255 255 255 255 255 255 255 255 255 255 255 255 255 255 254 240 240 240 246 255 255 255 255 255 255 255 255 255 255 255 255 255 255 255 
255 255 255 255 255 255 255 255 255 255 255 255 255 255 255 255 255 255 255 255 255 255 255 255 255 255 255 255 255 255 255 255 255 255 255 255 255 255 255 255 255 255 255 255 255 255 255 255 255 255 255 255 255 255 255 255 255 255 255 255 255 255 255 255 255 255 255 255 255 255 255 255 
255 255 255 255 255 255 255 255 255 255 255 255 255 255 255 255 255 255 255 255 255 255 255 255 255 255 255 255 255 255 255 255 255 255 255 255 255 255 255 255 255 255 255 255 255 255 255 255 255 255 255 255 255 255 255 255 255 255 255 255 255 255 255 255 255 255 255 255 255 255 255 255 
255 255 255 255 255 255 255 255 255 255 255 255 255 255 255 255 255 255 255 255 255 255 255 255 255 255 255 255 255 255 255 255 255 255 255 255 255 255 255 255 255 255 255 255 255 255 255 255 255 255 255 255 255 255 255 255 255 255 255 255 255 255 255 255 255 255 255 255 255 255 255 255 
255 255 255 255 255 255 255 255 255 255 255 255 255 255 255 255 255 255 255 255 255 255 255 255 255 255 255 255 255 255 255 255 255 255 255 255 255 255 255 255 255 255 255 255 255 255 255 255 255 255 255 255 255 255 255 255 255 255 255 255 255 255 255 255 255 255 255 255 255 255 255 255 
255 255 255 255 255 255 255 255 255 255 255 255 255 255 255 255 255 255 255 255 255 255 255 255 255 255 255 255 255 255 255 255 255 255 255 255 255 255 255 255 255 255 255 255 255 255 255 255 255 255 255 255 255 255 255 255 255 255 255 255 255 255 255 255 255 255 255 255 255 255 255 255 
255 255 255 255 255 255 255 255 255 255 255 255 255 255 255 255 255 255 255 255 255 255 255 255 255 255 255 255 255 255 255 255 255 255 255 255 255 255 255 255 255 255 255 255 255 255 255 255 255 255 255 255 255 255 255 255 255 255 255 255 255 255 255 255 255 255 255 255 255 255 255 255 
255 255 255 255 255 255 255 255 255 255 255 255 255 255 255 255 255 255 255 255 255 255 255 255 255 255 255 255 255 255 255 255 255 255 255 255 255 255 255 255 255 255 255 255 255 255 255 255 255 255 255 255 255 255 255 255 255 255 255 255 255 255 255 255 255 255 255 255 255 255 255 255 
255 255 255 255 255 255 255 255 255 255 255 255 255 255 255 255 255 255 255 255 255 255 255 255 255 255 255 255 255 255 255 255 255 255 255 255 255 255 255 255 255 255 255 255 255 255 255 255 255 255 255 255 255 255 255 255 255 255 255 255 255 255 255 255 255 255 255 255 255 255 255 255 
255 255 255 255 255 255 255 255 255 255 255 255 255 255 255 255 255 255 255 255 255 255 255 255 255 255 255 255 255 255 255 255 255 255 255 255 255 255 255 255 255 255 255 255 255 255 255 255 255 255 255 255 255 255 255 255 255 255 255 255 255 255 255 255 255 255 255 255 255 255 255 255 
255 255 255 255 255 255 255 255 255 255 255 255 255 255 255 255 255 255 255 255 255 255 255 255 255 255 255 255 255 255 255 255 255 255 255 255 255 255 255 255 255 255 255 255 255 255 255 255 255 255 255 255 255 255 255 255 255 255 255 255 255 255 255 255 255 255 255 255 255 255 255 255 
255 255 255 255 255 255 255 255 255 255 255 255 255 255 255 255 255 255 255 255 255 255 255 255 255 255 255 255 255 255 255 255 255 255 255 255 255 255 255 255 255 255 255 255 255 255 255 255 255 255 255 255 255 255 255 255 255 255 255 255 255 255 255 255 255 255 255 255 255 255 255 255 
255 255 255 255 255 255 255 255 255 255 255 255 255 255 255 255 255 255 255 255 255 255 255 255 255 255 255 255 255 255 255 255 255 255 255 255 255 255 255 255 255 255 255 255 255 255 255 255 255 255 255 255 255 255 255 255 255 255 255 255 255 255 255 255 255 255 255 255 255 255 255 255 
255 255 255 255 255 255 255 255 255 255 255 255 255 255 255 255 255 255 255 255 255 255 255 255 255 255 255 255 255 255 255 255 255 255 255 255 255 255 255 255 255 255 255 255 255 255 255 255 255 255 255 255 255 255 255 255 255 255 255 255 255 255 255 255 255 255 255 255 255 255 255 255 
255 255 255 255 255 255 255 255 255 255 255 255 255 255 255 255 255 255 255 255 255 255 255 255 255 255 255 255 255 255 255 255 255 255 255 255 255 255 255 255 255 255 255 255 255 255 255 255 255 255 255 255 255 255 255 255 255 255 255 255 255 255 255 255 255 255 255 255 255 255 255 255 
255 255 255 255 255 255 255 255 255 255 255 255 255 255 255 255 255 255 255 255 255 255 255 255 255 255 255 255 255 255 255 255 255 255 255 255 255 255 255 255 255 255 255 255 255 255 255 255 255 255 255 255 255 255 255 255 255 255 255 255 255 255 255 255 255 255 255 255 255 255 255 255 
255 255 255 255 255 255 255 255 255 255 255 255 255 255 255 255 255 255 255 255 255 255 255 255 255 255 255 255 255 255 255 255 255 255 255 255 255 255 255 255 255 255 255 255 255 255 255 255 255 255 255 255 255 255 255 255 255 255 255 255 255 255 255 255 255 255 255 255 255 255 255 255 
255 255 255 255 255 255 255 255 255 255 255 255 255 255 255 255 255 255 255 255 255 255 255 255 255 255 255 255 255 255 255 255 255 255 255 255 255 255 255 255 255 255 255 255 255 255 255 255 255 255 255 255 255 255 255 255 255 255 255 255 255 255 255 255 255 255 255 255 255 255 255 255 
255 255 255 255 255 255 255 255 255 255 255 255 255 255 255 255 255 255 255 255 255 255 255 255 255 255 255 255 255 255 255 255 255 255 255 255 255 255 255 255 255 255 255 255 255 255 255 255 255 255 255 255 255 255 255 255 255 255 255 255 255 255 255 255 255 255 255 255 255 255 255 255 
255 255 255 255 255 255 255 255 255 255 255 255 255 255 255 255 255 255 255 255 255 255 255 255 255 255 255 255 255 255 255 255 255 255 255 255 255 255 255 255 255 255 255 255 255 255 255 255 255 255 255 255 255 255 255 255 255 255 255 255 255 255 255 255 255 255 255 255 255 255 255 255 
255 255 255 255 255 255 255 255 255 255 255 255 255 255 255 255 255 255 255 255 255 255 255 255 255 255 255 255 255 255 255 255 255 255 255 255 255 255 255 255 255 255 255 255 255 255 255 255 255 255 255 255 255 255 255 255 255 255 255 255 255 255 255 255 255 255 255 255 255 255 255 255 
255 255 255 255 255 255 255 255 255 255 255 255 255 255 255 255 255 255 255 255 255 255 255 255 255 255 255 255 255 255 255 255 255 255 255 255 255 255 255 255 255 255 255 255 255 255 255 255 255 255 255 255 255 255 255 255 255 255 255 255 255 255 255 255 255 255 255 255 255 255 255 255 
255 255 255 255 255 255 255 255 255 255 255 255 255 255 255 255 255 255 255 255 255 255 255 255 255 255 255 255 255 255 255 255 255 255 255 255 255 255 255 255 255 255 255 255 255 255 255 255 255 255 255 255 255 255 255 255 255 255 255 255 255 255 255 255 255 255 255 255 255 255 255 255 
255 255 255 255 255 255 255 255 255 255 255 255 255 255 255 255 255 255 255 255 255 255 255 255 255 255 255 255 255 255 255 255 255 255 255 255 255 255 255 255 255 255 255 255 255 255 255 255 255 255 255 255 255 255 255 255 255 255 255 255 255 255 255 255 255 255 255 255 255 255 255 255 
255 255 255 255 255 255 255 255 255 255 255 255 255 255 255 255 255 255 255 255 255 255 255 255 255 255 255 255 255 255 255 255 255 255 255 255 255 255 255 255 255 255 255 255 255 255 255 255 255 255 255 255 255 255 255 255 255 255 255 255 255 255 255 255 255 255 255 255 255 255 255 255 
255 255 255 255 255 255 255 255 255 255 255 255 255 255 255 255 255 255 255 255 255 255 255 255 255 255 255 255 255 255 255 255 255 255 255 255 255 255 255 255 255 255 255 255 255 255 255 255 255 255 255 255 255 255 255 255 255 255 255 255 255 255 255 255 255 255 255 255 255 255 255 255 
255 255 255 255 255 255 255 255 255 255 255 255 255 255 255 255 255 255 255 255 255 255 255 255 255 255 255 255 255 255 255 255 255 255 255 255 255 255 255 255 255 255 255 255 255 255 255 255 255 255 255 255 255 255 255 255 255 255 255 255 255 255 255 255 255 255 255 255 255 255 255 255 
255 255 255 255 255 255 255 255 255 255 255 255 255 255 255 255 255 255 255 255 255 255 255 255 255 255 255 255 255 255 255 255 255 255 255 255 255 255 255 255 255 255 255 255 255 255 255 255 255 255 255 255 255 255 255 255 255 255 255 255 255 255 255 255 255 255 255 255 255 255 255 255 
255 255 255 255 255 255 255 255 255 255 255 255 230 228 250 255 255 255 255 255 255 255 255 255 255 255 255 255 255 255 255 255 255 255 255 255 255 255 255 255 255 255 255 255 255 255 255 255 255 255 255 255 255 255 255 255 255 255 255 255 255 255 255 255 255 255 255 204 239 255 255 255 
255 255 255 255 255 255 255 255 255 255 255 255 123 000 001 007 012 121 255 255 255 255 255 255 255 255 255 255 255 255 255 255 255 255 255 255 255 255 255 255 255 255 255 255 255 255 255 255 255 255 255 255 255 255 255 253 177 070 145 255 255 255 255 255 255 255 252 034 015 121 216 255 
255 234 253 255 255 255 255 255 255 255 255 255 144 000 000 000 058 255 255 255 255 255 255 255 255 255 255 255 255 255 255 255 255 255 255 255 255 255 255 255 255 255 255 255 255 255 255 255 255 255 255 255 255 255 242 035 000 000 042 255 255 255 255 255 255 255 162 000 000 000 000 119 
255 109 034 141 234 255 255 255 255 255 255 255 163 000 000 000 095 255 255 255 255 255 255 255 255 255 255 255 255 255 255 255 255 255 255 255 255 228 243 255 255 255 255 255 255 255 255 249 234 242 255 255 255 255 255 116 000 000 000 190 255 255 255 255 255 253 040 000 000 000 126 255 
255 062 000 000 001 045 132 255 255 255 255 255 168 000 000 000 095 255 255 255 255 255 255 255 255 255 255 255 255 255 255 255 255 255 255 255 255 002 000 004 011 014 017 019 015 012 007 000 000 164 255 255 255 255 255 231 006 000 000 050 253 255 255 255 255 163 000 000 000 103 255 255 
247 010 000 000 000 015 205 255 255 255 255 255 173 000 000 000 095 255 255 255 255 255 255 255 255 255 255 255 255 255 255 255 255 255 255 255 255 002 000 000 000 000 000 000 000 000 000 000 000 195 255 255 255 255 255 255 095 000 000 000 156 255 255 255 240 024 000 000 073 253 255 255 
183 000 000 000 000 136 255 255 255 255 255 255 175 000 000 000 095 255 255 255 255 255 255 255 255 255 255 255 255 255 255 255 255 255 255 255 255 002 000 000 000 000 000 000 000 000 000 000 000 225 255 255 255 255 255 255 198 000 000 017 123 255 255 255 110 000 000 027 236 255 255 255 
108 000 000 000 026 247 255 255 255 255 255 255 175 000 000 000 095 255 255 255 255 255 255 255 255 255 255 255 255 255 255 255 255 255 255 255 255 192 226 244 249 251 251 251 251 149 000 000 000 249 255 255 255 255 255 255 252 094 176 249 255 255 255 207 003 000 003 194 255 255 255 255 
034 000 000 000 141 255 255 255 255 255 255 255 175 000 000 000 095 255 255 255 255 255 255 255 255 255 255 255 255 255 255 255 255 255 255 255 255 255 255 255 255 255 255 255 255 133 000 000 015 255 255 255 085 052 064 075 083 085 086 088 089 091 092 038 000 000 026 091 089 086 084 074 
000 000 000 010 207 219 219 219 219 219 219 219 151 000 000 000 077 205 203 200 197 194 191 188 185 175 165 154 144 143 255 255 255 255 255 255 255 255 255 255 255 255 255 255 255 115 000 000 036 255 255 255 057 000 000 000 000 000 000 000 000 000 000 000 000 000 000 000 000 000 000 000 
000 000 000 000 000 000 000 000 000 000 000 000 000 000 000 000 000 000 000 000 000 000 000 000 000 000 000 000 000 019 255 255 255 255 255 255 255 255 255 255 255 255 255 255 255 097 000 000 054 255 255 255 059 000 000 000 000 000 000 000 000 000 000 000 000 000 000 000 000 000 000 000 
000 000 000 000 000 000 000 000 000 000 000 000 000 000 000 000 000 000 000 000 000 000 000 000 000 000 000 000 000 019 255 255 255 255 255 255 255 255 255 255 255 255 255 255 255 079 000 000 069 255 255 255 059 000 000 146 255 255 255 255 255 039 000 000 154 255 255 255 255 255 098 000 
000 000 000 000 000 000 000 000 000 000 000 000 000 000 000 000 000 000 000 000 000 000 000 000 000 000 000 000 000 019 255 255 255 255 255 255 255 255 255 255 255 255 255 255 255 061 000 000 085 255 255 255 059 000 000 146 255 255 255 255 255 039 000 000 154 255 255 255 255 255 098 000 
000 017 193 197 197 197 197 197 197 197 197 197 136 000 000 000 074 197 196 195 194 194 193 189 178 167 156 145 134 134 255 255 255 255 255 255 255 255 199 027 047 053 054 055 056 011 000 000 100 255 255 255 059 000 000 146 255 255 255 255 255 039 000 000 154 255 255 255 255 255 098 000 
000 136 255 255 255 255 255 255 255 255 255 255 175 000 000 000 095 255 255 255 255 255 255 255 255 255 255 255 255 255 255 255 255 255 255 255 255 255 196 000 000 000 000 000 000 000 000 000 113 255 255 255 059 000 000 146 255 255 255 255 255 039 000 000 154 255 255 255 255 255 098 000 
027 246 255 255 255 255 255 255 255 255 255 255 175 000 000 000 095 255 255 255 255 255 255 255 255 255 255 255 255 255 255 255 255 255 255 255 255 255 198 000 000 000 002 000 000 000 000 000 125 255 255 255 059 000 000 086 150 150 150 150 150 023 000 000 091 150 150 150 150 150 058 000 
156 255 255 255 255 255 255 255 255 255 255 255 175 000 000 000 095 255 255 255 255 255 255 255 255 255 255 255 255 255 255 255 255 255 255 255 255 255 193 000 000 008 255 255 253 250 239 216 228 255 255 255 059 000 000 000 000 000 000 000 000 000 000 000 000 000 000 000 000 000 000 000 
254 255 255 255 255 255 255 255 255 255 255 255 175 000 000 000 095 255 255 255 255 255 255 255 255 255 255 255 255 255 255 255 255 255 255 255 255 255 184 000 000 023 255 255 255 255 255 255 255 255 255 255 059 000 000 000 000 000 000 000 000 000 000 000 000 000 000 000 000 000 000 000 
255 255 255 255 255 255 255 255 255 255 255 255 175 000 000 000 095 255 255 255 255 255 255 255 255 255 255 255 255 255 255 255 255 255 255 255 255 255 176 000 000 037 255 255 255 255 255 255 255 255 255 255 059 000 000 115 200 200 200 200 200 031 000 000 121 200 200 200 200 200 077 000 
255 255 255 255 255 255 255 255 255 255 255 255 175 000 000 000 095 255 255 255 255 255 255 255 255 255 255 255 255 255 255 255 255 255 255 255 255 255 165 000 000 051 255 255 255 255 255 255 255 255 255 255 059 000 000 146 255 255 255 255 255 039 000 000 154 255 255 255 255 255 098 000 
255 239 233 251 255 255 255 255 255 255 255 255 175 000 000 000 095 255 255 255 255 255 255 255 255 243 226 255 255 255 255 255 255 255 255 255 255 255 150 000 000 066 255 255 255 255 255 255 255 255 255 255 059 000 000 146 255 255 255 255 255 039 000 000 154 255 255 255 255 255 098 000 
255 135 000 001 014 033 045 049 053 057 061 066 048 000 000 000 026 067 062 058 053 048 044 027 008 000 012 255 255 255 255 255 255 255 255 255 255 255 136 000 000 080 255 255 255 255 255 255 255 255 255 255 059 000 000 146 255 255 255 255 255 039 000 000 154 255 255 255 255 255 098 000 
255 135 000 000 000 000 000 000 000 000 000 000 000 000 000 000 000 000 000 000 000 000 000 000 000 000 012 255 255 255 255 255 255 255 255 255 255 255 120 000 000 013 039 039 039 039 037 032 038 255 255 255 059 000 000 146 255 255 255 255 255 039 000 000 154 255 255 255 255 255 098 000 
255 135 000 000 000 000 000 000 000 000 000 000 000 000 000 000 000 000 000 000 000 000 000 000 000 000 012 255 255 255 255 255 255 255 255 255 255 255 097 000 000 000 000 000 000 000 000 000 047 255 255 255 055 000 000 023 040 040 040 040 040 006 000 000 024 040 040 040 040 040 015 000 
255 138 020 042 063 084 097 101 105 109 113 118 083 000 000 000 045 119 114 110 105 100 095 077 055 032 023 255 255 255 255 255 255 255 255 255 255 255 074 000 000 000 000 000 000 000 000 000 070 255 255 255 050 000 000 000 000 000 000 000 000 000 000 000 000 000 000 000 000 000 000 000 
255 255 255 255 255 255 255 255 255 255 255 255 175 000 000 000 095 255 255 255 255 255 255 255 255 255 255 255 255 255 255 255 255 255 255 255 255 255 231 247 254 255 255 255 255 043 000 000 094 255 255 255 034 000 004 014 016 017 018 019 020 003 000 000 012 020 019 018 017 016 012 001 
255 255 255 255 255 255 255 255 255 255 255 255 175 000 000 000 095 255 255 255 255 255 255 255 255 255 255 255 255 255 255 255 255 255 255 255 255 255 255 255 255 255 255 255 255 032 000 000 114 255 255 255 239 248 255 255 255 255 255 255 255 039 000 000 154 255 255 255 255 255 255 253 
255 255 255 255 255 255 255 255 255 255 255 255 175 000 000 000 095 255 255 255 255 255 255 255 255 255 255 255 255 255 255 255 255 255 255 255 255 255 255 255 255 255 255 255 255 021 000 000 131 255 255 255 255 255 255 255 255 255 255 255 255 039 000 000 154 255 255 255 255 255 255 255 
255 255 255 255 255 255 255 255 255 255 255 255 175 000 000 000 095 255 255 255 255 255 255 255 255 255 255 255 255 255 255 255 255 255 255 255 255 255 255 255 255 255 255 255 255 010 000 000 148 255 255 255 255 255 255 255 255 255 255 255 255 039 000 000 154 255 255 255 255 255 255 255 
255 255 255 255 255 255 255 255 255 255 255 255 175 000 000 000 095 255 255 255 255 255 255 255 255 255 255 255 255 255 255 255 255 255 255 255 255 255 255 255 255 255 255 255 249 001 000 000 165 255 255 255 255 255 255 255 255 255 255 255 255 039 000 000 154 255 255 255 255 255 255 255 
255 255 255 255 255 255 255 255 255 255 255 255 175 000 000 000 095 255 255 255 255 255 255 255 255 255 255 255 255 255 255 255 255 255 255 255 255 255 255 255 255 255 255 255 221 000 000 000 181 255 025 026 040 053 067 072 077 081 085 090 094 015 000 000 058 094 092 089 087 084 082 077 
255 255 255 255 255 255 255 255 255 255 255 255 175 000 000 000 095 255 255 255 255 255 255 255 255 255 255 255 255 255 255 255 255 255 255 255 255 255 255 255 255 255 255 255 192 000 000 000 198 255 011 000 000 000 000 000 000 000 000 000 000 000 000 000 000 000 000 000 000 000 000 000 
255 255 255 255 255 255 255 255 255 255 255 255 175 000 000 000 095 255 255 255 255 255 255 255 255 255 255 255 255 255 255 255 255 255 255 255 255 255 255 255 255 255 255 255 163 000 000 000 215 255 011 000 000 000 000 000 000 000 000 000 000 000 000 000 000 000 000 000 000 000 000 000 
196 209 215 216 217 218 219 220 221 222 223 224 155 000 000 000 084 222 219 216 212 209 206 203 200 194 180 167 153 139 125 204 255 255 255 255 255 255 255 255 255 255 255 255 122 000 000 000 232 255 069 075 091 107 122 128 133 137 141 146 150 023 000 000 092 150 148 146 143 141 139 134 
000 000 000 000 000 000 000 000 000 000 000 000 000 000 000 000 000 000 000 000 000 000 000 000 000 000 000 000 000 000 000 161 255 255 255 255 255 255 255 255 255 255 255 250 035 000 000 000 249 255 255 255 255 255 255 255 255 255 255 255 255 037 000 000 153 255 255 255 255 255 255 255 
000 000 000 000 000 000 000 000 000 000 000 000 000 000 000 000 000 000 000 000 000 000 000 000 000 000 000 000 000 000 000 161 255 255 255 255 255 255 255 255 255 251 196 081 000 000 000 021 255 255 255 255 255 255 255 255 255 255 255 255 255 036 000 000 152 255 255 255 255 255 255 255 
000 000 000 000 000 000 000 000 000 000 000 000 000 000 000 000 000 000 000 000 000 000 000 000 000 000 000 000 000 000 000 161 255 255 255 255 255 255 137 023 028 013 000 000 000 000 000 105 255 255 255 255 255 255 255 255 255 255 255 255 255 035 000 000 150 255 255 255 255 255 255 255 
123 139 148 150 151 153 155 157 159 161 163 165 167 168 167 165 164 162 161 159 158 156 155 153 150 136 121 105 090 075 059 179 255 255 255 255 255 255 241 011 000 000 000 000 000 000 024 216 255 255 255 255 255 255 255 255 255 255 255 255 255 031 000 000 145 255 255 255 255 255 255 255 
255 255 255 255 255 255 255 255 255 255 255 255 255 255 255 255 255 255 255 255 255 255 255 255 255 255 255 255 255 255 255 255 255 255 255 255 255 255 255 097 000 000 000 000 001 074 231 255 255 255 255 255 255 255 255 255 255 255 255 255 255 016 000 000 131 255 255 255 255 255 255 255 
255 255 255 255 255 255 255 255 255 255 255 255 255 255 255 255 255 255 255 255 255 255 255 255 255 255 255 255 255 255 255 255 255 255 255 255 255 255 255 188 000 005 061 145 229 255 255 255 255 255 255 255 255 255 255 255 255 255 255 255 254 002 000 000 116 255 255 255 255 255 255 255 
255 255 255 255 255 255 255 255 255 255 255 255 255 255 255 255 255 255 255 255 255 255 255 255 255 255 255 255 255 255 255 255 255 255 255 255 255 255 255 246 196 247 255 255 255 255 255 255 255 255 255 255 255 255 255 255 255 255 255 255 241 000 000 000 101 255 255 255 255 255 255 255 
255 255 255 255 255 255 255 255 255 255 255 255 255 255 255 255 255 255 255 255 255 255 255 255 255 255 255 255 255 255 255 255 255 255 255 255 255 255 255 255 255 255 255 255 255 255 255 255 255 255 255 255 255 255 255 255 255 255 255 255 247 162 162 162 196 255 255 255 255 255 255 255 
255 255 255 255 255 255 255 255 255 255 255 255 255 255 255 255 255 255 255 255 255 255 255 255 255 255 255 255 255 255 255 255 255 255 255 255 255 255 255 255 255 255 255 255 255 255 255 255 255 255 255 255 255 255 255 255 255 255 255 255 255 255 255 255 255 255 255 255 255 255 255 255 
255 255 255 255 255 255 255 255 255 255 255 255 255 255 255 255 255 255 255 255 255 255 255 255 255 255 255 255 255 255 255 255 255 255 255 255 255 255 255 255 255 255 255 255 255 255 255 255 255 255 255 255 255 255 255 255 255 255 255 255 255 255 255 255 255 255 255 255 255 255 255 255 
255 255 255 255 255 255 255 255 255 255 255 255 255 255 255 255 255 255 255 255 255 255 255 255 255 255 255 255 255 255 255 255 255 255 255 255 255 255 255 255 255 255 255 255 255 255 255 255 255 255 255 255 255 255 255 255 255 255 255 255 255 255 255 255 255 255 255 255 255 255 255 255 
255 255 255 255 255 255 255 255 255 255 255 255 255 255 255 255 255 255 255 255 255 255 255 255 255 255 255 255 255 255 255 255 255 255 255 255 255 255 255 255 255 255 255 255 255 255 255 255 255 255 255 255 255 255 255 255 255 255 255 255 255 255 255 255 255 255 255 255 255 255 255 255 
255 255 255 255 255 255 255 255 255 255 255 255 255 255 255 255 255 255 255 255 255 255 255 255 255 255 255 255 255 255 255 255 255 255 255 255 255 255 255 255 255 255 255 255 255 255 255 255 255 255 255 255 255 255 255 255 255 255 255 255 255 255 255 255 255 255 255 255 255 255 255 255 
255 255 255 255 255 255 255 255 255 255 255 255 255 255 255 255 255 255 255 255 255 255 255 255 255 255 255 255 255 255 255 255 255 255 255 255 255 255 255 255 255 255 255 255 255 255 255 255 255 255 255 255 255 255 255 255 255 255 255 255 255 255 255 255 255 255 255 255 255 255 255 255 
255 255 255 255 255 255 255 255 255 255 255 255 255 255 255 255 255 255 255 255 255 255 255 255 255 255 255 255 255 255 255 255 255 255 255 255 255 255 255 255 255 255 255 255 255 255 255 255 255 255 255 255 255 255 255 255 255 255 255 255 255 255 255 255 255 255 255 255 255 255 255 255 
255 255 255 255 255 255 255 255 255 255 255 255 255 255 255 255 255 255 255 255 255 255 255 255 255 255 255 255 255 255 255 255 255 255 255 255 255 255 255 255 255 255 255 255 255 255 255 255 255 255 255 255 255 255 255 255 255 255 255 255 255 255 255 255 255 255 255 255 255 255 255 255 
255 255 255 255 255 255 255 255 255 255 255 255 255 255 255 255 255 255 255 255 255 255 255 255 255 255 255 255 255 255 255 255 255 255 255 255 255 255 255 255 255 255 255 255 255 255 255 255 255 255 255 255 255 255 255 255 255 255 255 255 255 255 255 255 255 255 255 255 255 255 255 255 
255 255 255 255 255 255 255 255 255 255 255 255 255 255 255 255 255 255 255 255 255 255 255 255 255 255 255 255 255 255 255 255 255 255 255 255 255 255 255 255 255 255 255 255 255 255 255 255 255 255 255 255 255 255 255 255 255 255 255 255 255 255 255 255 255 255 255 255 255 255 255 255 
255 255 255 255 255 255 255 255 255 255 255 255 255 255 255 255 255 255 255 255 255 255 255 255 255 255 255 255 255 255 255 255 255 255 255 255 255 255 255 255 255 255 255 255 255 255 255 255 255 255 255 255 255 255 255 255 255 255 255 255 255 255 255 255 255 255 255 255 255 255 255 255 
255 255 255 255 255 255 255 255 255 255 255 255 255 255 255 255 255 255 255 255 255 255 255 255 255 255 255 255 255 255 255 255 255 255 255 255 255 255 255 255 255 255 255 255 255 255 255 255 255 255 255 255 255 255 255 255 255 255 255 255 255 255 255 255 255 255 255 255 255 255 255 255 
255 255 255 255 255 255 255 255 255 255 255 255 255 255 255 255 255 255 255 255 255 255 255 255 255 255 255 255 255 255 255 255 255 255 255 255 255 255 255 255 255 255 255 255 255 255 255 255 255 255 255 255 255 255 255 255 255 255 255 255 255 255 255 255 255 255 255 255 255 255 255 255 
255 255 255 255 255 255 255 255 255 255 255 255 255 255 255 255 255 255 255 255 255 255 255 255 255 255 255 255 255 255 255 255 255 255 255 255 255 255 255 255 255 255 255 255 255 255 255 255 255 255 255 255 255 255 255 255 255 255 255 255 255 255 255 255 255 255 255 255 255 255 255 255 
255 255 255 255 255 255 255 255 255 255 255 255 255 255 255 255 255 255 255 255 255 255 255 255 255 255 255 255 255 255 255 255 255 255 255 255 255 255 255 255 255 255 255 255 255 255 255 255 255 255 255 255 255 255 255 255 255 255 255 255 255 255 255 255 255 255 255 255 255 255 255 255 
255 255 255 255 255 255 255 255 255 255 255 255 255 255 255 255 255 255 255 255 255 255 255 255 255 255 255 255 255 255 255 255 255 255 255 255 255 255 255 255 255 255 255 255 255 255 255 255 255 255 255 255 255 255 255 255 255 255 255 255 255 255 255 255 255 255 255 255 255 255 255 255 
255 255 255 255 255 255 255 255 255 255 255 255 255 255 255 255 255 255 255 255 255 255 255 255 255 255 255 255 255 255 255 255 255 255 255 255 255 255 255 255 255 255 255 255 255 255 255 255 255 255 255 255 255 255 255 255 255 255 255 255 255 255 255 255 255 255 255 255 255 255 255 255 
255 255 255 255 255 255 255 255 255 255 255 255 255 255 255 255 255 255 255 255 255 255 255 255 255 255 255 255 255 255 255 255 255 255 255 255 255 255 255 255 255 255 255 255 255 255 255 255 255 255 255 255 255 255 255 255 255 255 255 255 255 255 255 255 255 255 255 255 255 255 255 255 
255 255 255 255 255 255 255 255 255 255 255 255 255 255 255 255 255 255 255 255 255 255 255 255 255 255 255 255 255 255 255 255 255 255 255 255 255 255 255 255 255 255 255 255 255 255 255 255 255 255 255 255 255 255 255 255 255 255 255 255 255 255 255 255 255 255 255 255 255 255 255 255 
255 255 255 255 255 255 255 255 255 255 255 255 255 255 255 255 255 255 255 255 255 255 255 255 255 255 255 255 255 255 255 255 255 255 255 255 255 255 255 255 255 255 255 255 255 255 255 255 255 255 255 255 255 255 255 255 255 255 255 255 255 255 255 255 255 255 255 255 255 255 255 255 
255 255 255 255 255 255 255 255 255 255 255 255 255 255 255 255 255 255 255 255 255 255 255 255 255 255 255 255 255 255 255 255 255 255 255 255 255 255 255 255 255 255 255 255 255 255 255 255 255 255 255 255 255 255 255 255 255 255 255 255 255 255 255 255 255 255 255 255 255 255 255 255 
255 255 255 255 255 255 255 255 255 255 255 255 255 255 255 255 255 255 255 255 255 255 255 255 255 255 255 255 255 255 255 255 255 255 255 255 255 255 255 255 255 255 255 255 255 255 255 255 255 255 255 255 255 255 255 255 255 255 255 255 255 255 255 255 255 255 255 255 255 255 255 255 
255 255 255 255 255 255 255 255 255 255 255 255 255 255 255 255 255 255 255 255 255 255 255 255 255 255 255 255 255 255 255 255 255 255 255 255 255 255 255 255 255 255 255 255 255 255 255 255 255 255 255 255 255 255 255 255 255 255 255 255 255 255 255 255 255 255 255 255 255 255 255 255 
255 255 255 255 255 255 255 255 255 255 255 255 255 255 255 255 255 255 255 255 255 255 255 255 255 255 255 255 255 255 255 255 255 255 255 255 255 255 255 255 255 255 255 255 255 255 255 255 255 255 255 255 255 255 255 255 255 255 255 255 255 255 255 255 255 255 255 255 255 255 255 255 
255 255 255 255 255 255 255 255 255 255 255 255 255 255 255 255 255 255 255 255 255 255 255 255 255 255 255 255 255 255 255 255 255 255 255 255 255 255 255 255 255 255 255 255 255 255 255 255 255 255 255 255 255 255 255 255 255 255 255 255 255 255 255 255 255 255 255 255 255 255 255 255 
255 255 255 255 255 255 255 255 255 255 255 255 255 255 255 255 255 255 255 255 255 255 255 255 255 255 255 255 255 255 255 255 255 255 255 255 255 255 255 255 255 255 255 255 255 255 255 255 255 255 255 255 255 255 255 255 255 255 255 255 255 255 255 255 255 255 255 255 255 255 255 255 
255 255 255 255 255 255 255 255 255 255 255 255 255 255 255 255 255 255 255 255 255 255 255 255 255 255 255 255 255 255 255 255 255 255 255 255 255 255 255 255 255 255 255 255 255 255 255 255 255 255 255 255 255 255 255 255 255 255 255 255 255 255 255 255 255 255 255 255 255 255 255 255 
255 255 255 255 255 255 255 255 255 255 255 255 255 255 255 255 255 255 255 255 255 255 255 255 255 255 255 255 255 255 255 255 255 255 255 255 255 255 255 255 255 255 255 255 255 255 255 255 255 255 255 255 255 255 255 255 255 255 255 255 255 255 255 255 255 255 255 255 255 255 255 255 
255 255 255 255 255 255 255 255 255 255 255 255 255 255 255 255 255 255 255 255 255 255 255 255 255 255 255 255 255 190 012 035 059 063 061 077 255 255 255 255 255 255 255 255 255 255 255 255 255 255 255 255 255 255 255 255 255 255 255 255 255 255 255 255 255 255 255 255 255 255 255 255 
255 255 255 255 255 255 255 255 255 255 255 255 255 255 255 255 255 255 255 255 255 255 255 255 255 255 255 255 255 211 000 000 000 000 000 160 255 255 255 255 255 255 255 255 255 255 255 255 255 255 255 255 255 255 255 255 255 255 255 255 255 255 241 102 114 127 139 151 162 163 165 166 
255 255 255 254 241 233 255 255 255 255 255 255 255 255 255 255 255 255 255 255 255 255 255 255 255 255 255 255 255 233 000 000 000 000 016 248 255 255 255 255 255 255 255 255 255 255 255 255 255 255 255 255 255 255 255 255 255 255 255 255 255 255 231 000 000 000 000 000 000 000 000 000 
041 034 017 003 000 056 255 255 255 255 255 255 255 255 255 255 255 255 255 255 255 255 255 255 255 255 255 255 255 252 001 000 000 000 077 255 255 255 255 255 255 255 255 255 255 255 255 255 255 255 255 255 255 255 255 255 255 255 255 255 255 255 231 000 000 000 000 000 000 000 000 000 
000 000 000 000 000 056 255 255 255 255 255 255 255 255 255 255 255 255 255 255 255 255 255 255 255 255 255 255 255 253 000 000 000 000 103 255 255 255 255 255 255 255 255 255 255 255 255 255 255 255 255 255 255 255 255 255 255 255 255 255 255 255 231 000 000 000 000 000 000 000 000 000 
000 000 000 000 000 056 255 255 255 255 255 255 255 255 255 255 255 255 255 255 255 255 255 255 255 255 255 255 255 240 000 000 000 000 125 255 255 255 255 255 255 255 255 255 255 255 255 255 255 255 255 255 255 255 255 255 255 255 255 255 255 255 248 184 197 210 223 233 236 240 244 247 
230 220 202 183 164 171 255 255 255 255 255 255 255 255 255 255 255 255 255 255 255 255 255 255 255 255 255 255 255 226 000 000 000 000 146 255 255 255 255 255 255 255 255 255 255 255 255 255 255 255 255 255 255 255 255 255 255 255 255 255 255 255 255 255 255 255 255 255 255 255 255 255 
255 255 255 255 255 255 255 255 255 255 255 255 255 255 255 255 255 255 255 255 255 255 255 255 255 255 255 255 255 213 000 000 000 000 172 255 255 255 255 255 255 255 255 255 255 255 255 255 255 255 255 255 255 255 255 255 255 255 255 255 255 255 255 255 255 255 255 255 255 255 255 255 
255 255 255 255 255 255 255 255 255 255 255 255 255 255 255 255 255 255 255 255 255 255 255 255 255 255 255 255 255 200 000 000 000 000 210 255 255 255 255 255 255 255 255 255 255 255 255 255 255 255 255 255 255 255 255 255 255 255 255 255 255 255 255 255 255 255 255 255 255 255 255 255 
156 255 255 255 255 255 255 255 255 255 255 255 255 255 255 255 255 255 255 255 255 255 255 255 255 255 255 255 255 186 000 000 000 001 247 255 255 255 255 255 255 255 255 255 255 255 255 255 255 255 255 255 255 255 255 255 255 255 255 255 255 255 255 255 255 255 255 255 255 255 255 255 
000 083 226 255 255 255 255 255 255 255 255 255 255 255 255 255 255 255 255 255 255 255 255 255 255 255 255 255 255 172 000 000 000 002 244 255 255 255 255 255 255 255 255 255 255 255 255 255 255 255 255 255 255 255 255 255 255 255 255 255 255 255 255 255 255 255 255 255 255 255 255 255 
