255 255 255 255 255 255 255 255 255 255 255 255 255 255 255 255 255 255 255 255 255 255 255 255 255 255 255 255 255 255 255 255 255 255 255 255 255 255 255 255 255 255 255 255 255 255 255 255 255 255 255 255 255 255 255 255 255 255 255 255 255 255 255 255 255 255 255 255 255 255 255 255 
255 255 255 255 255 255 255 255 255 255 255 255 255 255 255 255 255 255 255 255 255 255 255 255 255 255 255 255 255 255 255 255 255 255 255 255 255 255 255 255 255 255 255 255 255 255 255 255 255 255 255 255 255 255 255 255 255 255 255 255 255 255 255 255 255 255 255 255 255 255 255 255 
255 255 255 255 255 255 255 255 255 255 255 255 255 255 255 255 255 255 255 255 255 255 255 255 255 255 255 255 255 255 255 255 255 255 255 255 255 255 255 255 255 255 255 255 255 255 255 255 255 255 255 255 255 255 255 255 255 255 255 255 255 255 255 255 255 255 255 255 255 255 255 255 
255 255 255 255 255 255 255 255 255 255 255 255 255 255 255 255 255 255 255 255 255 255 255 255 255 255 255 255 255 255 255 255 255 255 255 255 255 255 255 255 255 255 255 255 255 255 255 255 255 255 255 255 255 255 255 255 255 255 255 255 255 255 255 255 255 255 255 255 255 255 255 255 
255 255 255 255 255 255 255 255 255 255 255 255 255 255 255 255 255 255 255 255 255 255 255 255 255 255 255 255 255 255 255 255 255 255 255 255 255 255 255 255 255 255 255 255 255 255 255 255 255 255 255 255 255 255 255 255 255 255 255 255 255 255 255 255 255 255 255 255 255 255 255 255 
255 255 255 255 255 255 255 255 255 255 255 255 255 255 255 255 255 255 255 255 255 255 255 255 255 255 255 255 255 255 255 255 255 255 255 255 255 255 255 255 255 255 255 255 255 255 255 255 255 255 255 255 255 255 255 255 255 255 255 255 255 255 255 255 255 255 255 255 255 255 255 255 
255 255 255 255 255 255 255 255 255 255 255 255 255 255 255 255 255 249 213 175 173 255 255 255 255 255 255 255 255 255 255 255 255 255 255 255 255 255 255 255 255 255 255 255 255 255 255 255 255 255 255 255 255 255 255 255 255 255 255 255 255 255 255 255 255 255 255 255 255 255 255 255 
255 255 255 255 255 255 255 255 255 255 255 255 255 255 255 255 130 003 000 000 026 255 255 255 255 255 255 255 255 255 255 255 255 255 255 255 255 255 255 255 255 255 255 255 255 255 255 255 255 255 255 255 255 255 255 255 255 255 255 255 255 255 255 255 255 255 255 255 255 255 255 255 
255 255 255 255 255 255 255 255 255 255 255 255 255 255 255 255 206 000 000 000 000 222 255 255 255 255 255 255 255 255 255 255 255 255 255 255 255 255 255 255 255 255 255 255 255 255 255 255 255 255 255 255 255 255 255 255 255 255 255 255 255 255 255 255 255 255 255 255 255 255 255 255 
255 255 255 255 255 255 255 255 255 255 255 255 255 255 255 255 255 043 000 000 000 142 255 255 255 255 255 255 255 255 255 255 255 255 255 255 255 255 255 255 255 255 255 255 255 255 255 255 255 255 255 255 255 255 255 255 255 255 255 255 255 255 255 255 255 255 255 255 255 255 255 255 
255 254 255 255 255 255 255 255 255 255 255 255 255 255 255 255 255 126 000 000 000 050 255 255 255 255 255 255 255 255 255 255 255 255 255 255 253 255 255 255 255 255 255 255 255 255 255 255 255 255 255 255 255 255 255 255 255 255 255 255 255 255 255 255 255 255 255 255 255 255 255 255 
255 164 003 013 025 037 047 049 050 051 052 053 054 055 057 058 059 042 000 000 000 000 058 058 057 056 055 053 052 051 050 049 042 029 017 005 114 255 255 255 255 255 255 255 255 255 255 255 255 255 255 255 255 255 255 255 255 255 255 255 255 255 255 255 255 255 255 255 255 255 255 255 
255 164 000 000 000 000 000 000 000 000 000 000 000 000 000 000 000 000 000 000 000 000 000 000 000 000 000 000 000 000 000 000 000 000 000 000 114 255 255 255 255 255 255 255 255 255 255 255 255 255 255 255 255 255 255 255 255 255 255 255 255 255 255 255 255 255 255 255 255 255 255 255 
255 164 000 000 000 000 000 000 000 000 000 000 000 000 000 000 000 000 000 000 000 000 000 000 000 000 000 000 000 000 000 000 000 000 000 000 114 255 255 255 255 255 255 255 255 255 255 255 255 255 255 255 255 255 255 255 255 255 255 255 255 255 255 255 255 255 255 255 255 255 255 255 
255 164 000 000 000 164 201 201 201 201 201 201 201 201 201 201 201 201 201 201 201 201 201 201 201 201 201 201 201 201 201 201 201 001 000 000 114 255 255 255 255 255 255 255 255 255 255 255 255 255 255 255 255 255 255 255 255 255 255 255 255 255 255 255 255 255 255 255 255 255 255 255 
255 164 000 000 000 207 255 255 255 255 255 255 255 255 255 255 255 255 255 255 255 255 255 255 255 255 255 255 255 255 255 255 255 001 000 000 114 255 255 255 255 255 255 255 255 255 255 255 255 255 255 255 255 255 255 255 255 255 255 255 255 255 255 255 255 255 255 255 255 255 255 255 
255 164 000 000 000 207 255 255 255 255 255 255 255 255 255 255 255 255 255 255 255 255 255 255 255 255 255 255 255 255 255 255 255 001 000 000 114 255 255 255 255 255 255 255 255 255 255 255 255 255 255 255 255 255 255 255 255 255 255 255 255 255 255 255 255 255 255 255 255 255 255 255 
255 164 000 000 000 207 255 255 164 108 124 139 154 160 162 163 165 167 168 170 168 166 164 163 161 160 149 134 118 103 222 255 255 001 000 000 114 255 255 255 255 255 255 255 255 255 255 255 255 255 255 255 255 255 255 255 255 255 255 255 255 255 255 255 255 255 255 255 255 255 255 255 
255 164 000 000 000 207 255 255 107 000 000 000 000 000 000 000 000 000 000 000 000 000 000 000 000 000 000 000 000 000 202 255 255 001 000 000 114 255 255 255 255 255 255 255 255 255 255 255 255 255 255 255 255 255 255 255 255 255 255 255 255 255 255 255 255 255 255 255 255 255 255 255 
255 164 000 000 000 207 255 255 107 000 000 000 000 000 000 000 000 000 000 000 000 000 000 000 000 000 000 000 000 000 202 255 255 015 013 013 122 255 255 255 255 255 255 255 255 255 255 255 255 255 255 255 255 255 255 255 255 255 255 255 255 255 255 255 255 255 255 255 255 255 255 255 
255 221 157 157 157 237 255 255 137 062 077 092 099 102 106 109 036 000 000 000 016 111 112 111 110 109 106 094 080 066 215 255 255 255 255 255 255 255 255 255 255 255 255 255 255 255 255 255 255 255 255 255 255 255 255 255 255 255 255 255 255 255 255 255 255 255 255 255 255 255 255 255 
255 255 255 255 255 255 255 255 255 255 255 255 255 255 249 115 000 000 000 026 210 255 255 255 255 255 255 255 255 255 255 255 255 255 255 255 255 255 255 255 255 255 255 255 255 255 255 255 255 255 255 255 255 255 255 255 255 255 255 255 255 255 255 255 255 255 255 255 255 255 255 255 
255 255 255 255 255 255 255 255 255 255 255 255 255 189 039 000 000 000 058 225 255 255 255 255 255 255 255 255 255 255 233 233 255 255 255 255 255 255 255 255 255 255 255 255 255 255 255 255 255 255 255 255 255 255 255 255 255 255 255 255 255 255 255 255 255 255 255 255 255 255 255 255 
255 255 255 255 255 255 255 255 255 255 255 232 090 000 000 000 000 086 251 255 255 255 255 255 255 255 255 255 255 240 048 043 234 255 255 255 255 255 255 255 255 255 255 255 255 255 255 255 255 255 255 255 255 255 255 255 255 255 255 255 255 255 255 255 255 255 255 255 255 255 255 255 
255 255 255 255 255 255 255 255 255 217 103 009 000 000 000 000 000 006 149 255 255 255 255 255 255 255 255 255 221 048 000 000 036 198 255 255 255 255 255 255 255 255 255 255 255 255 255 255 255 255 255 255 255 255 255 255 255 255 255 255 255 255 255 255 255 255 255 255 255 255 255 255 
255 255 255 255 255 255 253 191 078 001 000 000 000 013 116 017 000 000 000 155 255 255 255 255 255 255 255 176 016 000 000 000 000 014 196 255 255 255 255 255 255 255 255 255 255 255 255 255 255 255 255 255 255 255 255 255 255 255 255 255 255 255 255 255 255 255 255 255 255 255 255 255 
255 255 255 247 178 099 022 000 000 000 000 004 102 233 255 212 023 000 000 004 183 255 255 255 255 251 117 000 000 000 000 017 144 243 255 255 255 255 255 255 255 255 255 255 255 255 255 255 255 255 255 255 255 255 255 255 255 255 255 255 255 255 255 255 255 255 255 255 255 255 255 255 
229 118 070 011 000 000 000 000 000 018 120 227 255 255 255 215 030 000 000 000 012 213 255 255 222 062 000 000 000 002 101 235 255 255 255 255 255 255 255 255 255 255 255 255 255 255 255 255 255 255 255 255 255 255 255 255 255 255 255 255 255 255 255 255 255 255 255 255 255 255 255 255 
255 119 000 000 000 000 000 043 154 246 255 255 255 255 183 020 000 000 000 000 000 074 249 132 009 000 000 000 030 202 255 255 255 255 255 255 255 255 255 255 255 255 255 255 255 255 255 255 255 255 255 255 255 255 255 255 255 255 255 255 255 255 255 255 255 255 255 255 255 255 255 255 
255 253 072 000 012 090 187 255 255 255 255 255 243 101 000 000 000 065 115 000 000 000 033 000 000 000 000 000 032 255 255 255 255 255 255 255 255 255 255 255 255 255 255 255 255 255 255 255 255 255 255 255 255 255 255 255 255 255 255 255 255 255 255 255 255 255 255 255 255 255 255 255 
255 255 223 170 246 255 255 255 255 255 255 189 033 000 000 000 100 249 252 046 000 000 000 000 000 071 047 000 000 221 255 255 255 255 255 255 255 255 255 255 255 255 255 255 255 255 255 255 255 255 255 255 255 255 255 255 255 255 255 255 255 255 255 255 255 255 255 255 255 255 255 255 
255 255 255 255 255 255 255 255 255 190 064 000 000 000 015 168 255 255 217 023 000 000 000 015 157 255 119 000 000 115 255 255 255 255 255 255 255 255 255 255 255 255 255 255 255 255 255 255 255 255 255 255 255 255 255 255 255 255 255 255 255 255 255 255 255 255 255 255 255 255 255 255 
255 255 255 255 255 255 253 182 060 000 000 000 000 057 223 255 255 220 028 000 000 000 000 171 255 255 188 000 000 014 241 255 255 255 255 255 255 255 255 255 255 255 255 255 255 255 255 255 255 255 255 255 255 255 255 255 255 255 255 255 255 255 255 255 255 255 255 255 255 255 255 255 
255 255 255 254 197 109 024 000 000 000 000 022 155 253 255 255 179 017 000 000 003 000 000 118 255 255 254 037 000 000 140 255 255 255 255 255 255 255 255 255 255 255 255 255 255 255 255 255 255 255 255 255 255 255 255 255 255 255 255 255 255 255 255 255 255 255 255 255 255 255 255 255 
247 165 104 032 000 000 000 000 000 006 116 241 255 255 252 120 001 000 000 044 156 000 000 055 255 255 255 143 000 000 014 212 255 255 255 255 255 255 255 255 255 255 255 255 255 255 255 251 237 248 255 255 255 255 255 255 255 255 255 255 255 255 255 255 255 255 255 255 255 255 255 255 
255 111 000 000 000 000 000 013 112 224 255 255 255 232 065 000 000 000 054 236 213 000 000 025 255 255 255 239 010 000 000 033 234 255 255 255 255 255 255 255 255 255 255 255 255 211 098 010 000 002 075 187 255 255 255 255 255 255 255 255 255 255 255 255 255 255 255 255 255 255 255 255 
255 255 084 000 000 028 138 240 255 255 255 254 164 025 000 000 000 102 248 255 213 000 000 007 255 255 255 255 110 000 000 000 059 245 255 255 255 255 255 255 255 255 255 255 193 011 000 028 071 044 000 000 148 255 255 255 255 255 255 255 255 255 255 255 255 255 255 255 255 255 255 255 
255 255 234 100 185 252 255 255 255 255 198 054 000 000 000 009 160 255 255 255 213 000 000 000 244 255 255 255 243 033 000 000 000 037 199 255 255 255 255 255 255 255 255 234 011 005 159 252 255 255 194 022 000 186 255 255 255 255 255 255 255 255 255 255 255 255 255 255 255 255 255 255 
255 255 255 255 255 255 255 255 225 087 000 000 000 000 036 209 255 255 255 255 181 000 000 000 231 255 255 255 255 192 001 000 000 000 003 121 249 255 255 255 255 255 255 135 000 142 255 255 255 255 255 200 000 075 255 255 255 255 255 255 255 255 255 255 255 255 255 255 255 255 255 255 
255 255 255 255 255 255 200 104 008 000 000 000 004 115 243 255 255 255 255 255 115 000 000 003 251 255 255 255 255 255 111 000 000 000 000 000 041 160 250 255 255 255 255 056 006 242 255 255 255 255 255 255 054 002 247 255 255 255 255 255 255 255 255 255 255 255 255 255 255 255 255 255 
255 255 255 228 135 040 000 000 000 000 000 057 209 255 255 255 255 255 255 216 014 000 000 034 255 255 255 255 255 255 247 067 000 000 000 000 000 000 123 255 255 255 255 044 019 255 255 255 255 255 255 255 083 000 236 255 255 255 255 255 255 255 255 255 255 255 255 255 255 255 255 255 
186 105 062 002 000 000 000 000 000 018 154 254 255 255 255 255 255 240 154 029 000 000 000 088 255 255 255 255 255 255 255 248 080 000 000 000 000 058 253 255 255 255 255 071 002 222 255 255 255 255 255 255 040 005 250 255 255 255 255 255 255 255 255 255 255 255 255 255 255 255 255 255 
233 036 000 000 000 000 000 021 135 242 255 255 255 255 197 032 012 000 000 000 000 000 000 202 255 255 255 255 255 255 255 255 251 093 000 000 007 215 255 255 255 255 255 167 000 093 255 255 255 255 255 175 000 090 255 255 255 255 255 255 255 255 255 255 255 255 255 255 255 255 255 255 
255 210 004 000 000 025 142 245 255 255 255 255 255 255 255 100 000 000 000 000 000 000 096 255 255 255 255 255 255 255 255 255 255 254 135 010 118 255 255 255 255 255 255 250 047 000 089 216 255 239 145 008 005 204 255 255 255 255 255 255 255 255 255 255 255 255 255 255 255 255 255 255 
255 255 118 065 162 247 255 255 255 255 255 255 255 255 255 205 000 000 000 000 004 136 255 255 255 255 255 255 255 255 255 255 255 255 255 225 232 255 255 255 255 255 255 255 236 047 000 000 009 002 000 011 183 255 255 255 255 255 255 255 255 255 255 255 255 255 255 255 255 255 255 255 
255 255 255 255 255 255 255 255 255 255 255 255 255 255 255 255 038 000 036 134 230 255 255 255 255 255 255 255 255 255 255 255 255 255 255 255 255 255 255 255 255 255 255 255 255 250 167 070 042 055 131 225 255 255 255 255 255 255 255 255 255 255 255 255 255 255 255 255 255 255 255 255 
255 255 255 255 255 255 255 255 255 255 255 255 255 255 255 255 177 211 255 255 255 255 255 255 255 255 255 255 255 255 255 255 255 255 255 255 255 255 255 255 255 255 255 255 255 255 255 255 255 255 255 255 255 255 255 255 255 255 255 255 255 255 255 255 255 255 255 255 255 255 255 255 
255 255 255 255 255 255 255 255 255 255 255 255 255 255 255 255 255 255 255 255 255 255 255 255 255 255 255 255 255 255 255 255 255 255 255 255 255 255 255 255 255 255 255 255 255 255 255 255 255 255 255 255 255 255 255 255 255 255 255 255 255 255 255 255 255 255 255 255 255 255 255 255 
255 255 255 255 255 255 255 255 255 255 255 255 255 255 255 255 255 255 255 255 255 255 255 255 255 255 255 255 255 255 255 255 255 255 255 255 255 255 255 255 255 255 255 255 255 255 255 255 255 255 255 255 255 255 255 255 255 255 255 255 255 255 255 255 255 255 255 255 255 255 255 255 
255 255 255 255 255 255 255 255 255 255 255 255 255 255 255 255 255 255 255 255 255 255 255 255 255 255 255 255 255 255 255 255 255 255 255 255 255 255 255 255 255 255 255 255 255 255 255 255 255 255 255 255 255 255 255 255 255 255 255 255 255 255 255 255 255 255 255 255 255 255 255 255 
255 255 255 255 255 255 255 255 255 255 255 255 255 255 255 255 255 255 255 255 255 255 255 255 255 255 255 255 255 255 255 255 255 255 255 255 255 255 255 255 255 255 255 255 255 255 255 255 255 255 255 255 255 255 255 255 255 255 255 255 255 255 255 255 255 255 255 255 255 255 255 255 
255 255 255 255 255 255 255 255 255 255 255 255 255 255 255 255 255 255 255 255 255 255 255 255 255 255 255 255 255 255 255 255 255 255 255 255 255 255 255 255 255 255 255 255 255 255 255 255 255 255 255 255 255 255 255 255 255 255 255 255 255 255 255 255 255 255 255 255 255 255 255 255 
255 255 255 255 255 255 255 255 255 255 255 255 255 255 255 255 255 255 255 255 255 255 255 255 255 255 255 255 255 255 255 255 255 255 255 255 255 255 255 255 255 255 255 255 255 255 255 255 255 255 255 255 255 255 255 255 255 255 255 255 255 255 255 255 255 255 255 255 255 255 255 255 
255 255 255 255 255 255 255 255 255 255 255 255 255 255 255 255 255 255 255 255 255 255 255 255 255 255 255 255 255 255 255 255 255 255 255 255 255 255 255 255 255 255 255 255 255 255 255 255 255 255 255 255 255 255 255 255 255 255 255 255 255 255 255 255 255 255 255 255 255 255 255 255 
255 255 255 255 255 255 255 255 255 255 255 255 255 255 255 255 255 255 255 255 255 255 255 255 255 255 255 255 255 255 255 255 255 255 255 255 255 255 255 255 255 255 255 255 255 255 255 255 255 255 255 255 255 255 255 255 255 255 255 255 255 255 255 255 255 255 255 255 255 255 255 255 
255 255 255 255 255 255 255 255 255 255 255 255 255 255 255 255 255 255 255 255 255 255 255 255 255 255 255 255 255 255 255 255 255 255 255 255 255 255 255 255 255 255 255 255 255 255 255 255 255 255 255 255 255 255 255 255 255 255 255 255 255 255 255 255 255 255 255 255 255 255 255 255 
255 255 255 255 255 255 255 255 255 255 255 255 255 255 255 255 255 255 255 255 255 255 255 255 255 255 255 255 255 255 255 255 255 255 255 255 255 255 255 255 255 255 255 255 255 255 255 255 255 255 255 255 255 255 255 255 255 255 255 255 255 255 255 255 255 255 255 255 255 255 255 255 
255 255 255 255 255 255 255 255 255 255 255 255 255 255 255 255 255 255 255 255 255 255 255 255 255 255 255 255 255 255 255 255 255 255 255 255 255 255 255 255 255 255 255 255 255 255 255 255 255 255 255 255 255 255 255 255 255 255 255 255 255 255 255 255 255 255 255 255 255 255 255 255 
255 255 255 255 255 255 255 255 255 255 255 255 255 255 255 255 255 255 255 255 255 255 255 255 255 255 255 255 255 255 255 255 255 255 255 255 255 255 255 255 255 255 255 255 255 255 255 255 255 255 255 255 255 255 255 255 255 255 255 255 255 255 255 255 255 255 255 255 255 255 255 255 
255 255 255 255 255 255 255 255 255 255 255 255 255 255 255 255 255 255 255 255 255 255 255 255 255 255 255 255 255 255 255 255 255 255 255 255 255 255 255 255 255 255 255 255 255 255 255 255 255 255 255 255 255 255 255 255 255 255 255 255 255 255 255 255 255 255 255 255 255 255 255 255 
255 255 255 255 255 255 255 255 255 255 255 255 255 255 255 255 255 255 255 255 255 255 255 255 255 255 255 255 255 255 255 255 255 255 255 255 255 255 255 255 255 255 255 255 255 255 255 255 255 255 255 255 255 255 255 255 255 255 255 255 255 255 255 255 255 255 255 255 255 255 255 255 
255 255 255 255 255 255 255 255 255 255 255 255 255 255 255 255 255 255 255 255 255 255 255 255 255 255 255 255 255 255 255 255 255 255 255 255 255 255 255 255 255 255 255 255 255 255 255 255 255 255 255 255 255 255 255 255 255 255 255 255 255 255 255 255 255 255 255 255 255 255 255 255 
255 255 255 255 255 255 255 255 255 255 255 255 255 255 255 255 255 255 255 255 255 255 255 255 255 255 255 255 255 255 255 255 255 255 255 255 255 255 255 255 255 255 255 255 255 255 255 255 255 255 255 255 255 255 255 255 255 255 255 255 255 255 255 255 255 255 255 255 255 255 255 255 
255 255 255 255 255 255 255 255 255 255 255 255 255 255 255 255 255 255 255 255 255 255 255 255 255 255 255 255 255 255 255 255 255 255 255 255 255 255 255 255 255 255 255 255 255 255 255 255 255 255 255 255 255 255 255 255 255 255 255 255 255 255 255 255 255 255 255 255 255 255 255 255 
255 255 255 255 255 255 255 255 255 255 255 255 255 255 255 255 255 255 255 255 255 255 255 255 255 255 255 255 255 255 255 255 255 255 255 255 255 255 255 255 255 255 255 255 255 255 255 255 255 255 255 255 255 255 255 255 255 255 255 255 255 255 255 255 255 255 255 255 255 255 255 255 
255 255 255 255 255 255 255 255 255 255 255 255 255 255 255 255 255 255 255 255 255 255 255 255 255 255 255 255 255 255 255 255 255 255 255 255 255 255 255 255 255 255 255 255 255 255 255 255 255 255 255 255 255 255 255 255 255 255 255 255 255 255 255 255 255 255 255 255 255 255 255 255 
255 255 255 255 255 255 255 255 255 255 255 255 255 255 255 255 255 255 255 255 255 255 255 255 255 255 255 255 255 255 255 255 255 255 255 255 255 255 255 255 255 255 255 255 255 255 255 255 255 255 255 255 255 255 255 255 255 255 255 255 255 255 255 255 255 255 255 255 255 255 255 255 
255 255 255 255 255 255 255 255 255 255 255 255 255 255 255 255 255 255 255 255 255 255 255 255 255 255 255 255 255 255 255 255 255 255 255 255 255 255 255 255 255 255 255 255 255 255 255 255 255 255 255 255 255 255 255 255 255 255 255 255 255 255 255 255 255 255 255 255 255 255 255 255 
255 255 255 255 255 255 255 255 255 255 255 255 255 255 255 255 255 255 255 255 255 255 255 255 255 255 255 255 255 255 255 255 255 255 255 255 255 255 255 255 255 255 255 255 255 255 255 255 255 255 255 255 255 255 255 255 255 255 255 255 255 255 255 255 255 255 255 255 255 255 255 255 
255 255 255 255 255 255 255 255 255 255 255 255 255 255 255 255 255 255 255 255 255 255 255 255 255 255 255 255 255 255 255 255 255 255 255 255 255 255 255 255 255 255 255 255 255 255 255 255 255 255 255 255 255 255 255 255 255 255 255 255 255 255 255 255 255 255 255 255 255 255 255 255 
255 255 255 255 255 255 255 255 255 255 255 255 255 255 255 255 255 255 255 255 255 255 255 255 255 255 255 255 255 255 255 255 255 255 255 255 255 255 255 255 255 255 255 255 255 255 255 255 255 255 255 255 255 255 255 255 255 255 255 255 255 255 255 255 255 255 255 255 255 255 255 255 
255 255 255 255 255 255 255 255 255 255 255 255 255 255 255 255 255 255 255 255 255 255 255 255 255 255 255 255 255 255 255 255 255 255 255 255 255 255 255 255 255 255 255 255 255 255 255 255 255 255 255 255 255 255 255 255 255 255 255 255 255 255 255 255 255 255 255 255 255 255 255 255 
255 255 255 255 255 255 255 255 255 255 255 255 255 255 255 255 255 255 255 255 255 255 255 255 255 255 255 255 255 255 255 255 255 255 255 255 255 255 255 255 255 255 255 255 255 255 255 255 255 255 255 255 255 255 255 255 255 255 255 255 255 255 255 255 255 255 255 255 255 255 255 255 
255 255 255 255 255 255 255 255 255 255 255 255 255 255 255 255 255 255 255 255 255 255 255 255 255 255 255 255 255 255 255 255 255 255 255 255 255 255 255 255 255 255 255 255 255 255 255 255 255 255 255 255 255 255 255 255 255 255 255 255 255 255 255 255 255 255 255 255 255 255 255 255 
255 255 255 255 255 255 255 255 255 255 255 255 255 255 255 255 255 255 255 255 255 255 255 255 244 255 255 255 255 253 255 255 255 255 255 255 255 255 255 255 255 255 255 255 255 255 255 255 255 255 255 255 255 255 255 255 255 255 255 255 255 255 255 255 255 255 255 255 255 255 255 255 
255 255 255 255 255 255 255 255 255 255 255 255 255 255 255 250 255 255 255 255 255 255 255 255 090 009 037 030 009 109 255 255 255 255 255 255 255 255 255 255 255 255 255 255 255 255 255 255 255 255 255 255 255 255 255 255 255 255 255 255 255 255 255 255 255 255 255 255 255 255 255 255 
255 255 255 255 255 255 255 255 255 255 255 255 251 185 061 116 255 255 255 255 255 255 255 255 111 000 000 000 008 242 255 255 255 255 255 255 255 255 255 255 255 255 255 255 255 255 255 255 255 255 255 255 255 255 255 255 255 255 255 255 255 255 255 255 255 255 255 255 255 255 255 255 
255 255 255 255 255 255 255 255 255 249 188 101 020 000 000 004 210 255 255 255 255 255 255 255 133 000 000 000 055 255 255 255 255 255 255 255 255 255 255 255 255 255 255 255 255 255 255 255 255 255 255 255 255 255 255 255 255 255 255 255 255 255 255 255 255 255 255 255 255 255 255 255 
255 255 255 255 243 202 155 108 057 007 000 000 000 000 000 000 028 221 255 255 255 255 255 255 155 000 000 000 106 255 255 255 255 255 255 255 255 255 255 255 255 255 255 255 255 255 255 255 255 255 255 255 255 255 255 255 255 255 255 255 255 255 255 255 255 255 255 255 255 255 255 255 
255 122 042 015 000 000 000 000 000 000 000 000 000 000 004 036 073 097 255 255 255 255 255 255 177 000 000 000 148 255 255 255 255 255 255 255 255 255 255 255 255 255 255 255 255 255 255 255 255 255 255 255 255 255 255 255 255 255 255 255 255 255 255 255 255 255 255 255 255 255 255 255 
255 190 000 000 000 000 000 000 000 000 011 091 150 209 250 255 255 255 255 255 255 255 255 255 182 000 000 000 162 255 255 255 255 255 255 255 255 255 255 255 255 255 255 255 255 255 255 255 255 255 255 255 255 255 255 255 255 255 255 255 255 255 255 255 255 255 255 255 255 255 255 255 
255 255 029 000 000 022 068 052 000 000 054 255 255 255 255 255 255 255 255 255 255 255 255 255 183 000 000 000 173 255 255 255 255 255 255 255 255 255 255 255 255 255 255 255 255 255 255 255 255 255 255 255 255 255 255 255 255 255 255 255 255 255 255 255 255 255 255 255 255 255 255 255 
255 255 190 192 233 255 255 128 000 000 054 255 255 255 255 255 255 255 255 255 255 255 255 255 184 000 000 000 179 255 255 255 255 202 187 250 255 255 255 255 255 255 255 255 255 255 255 255 255 255 255 255 255 255 255 255 255 255 255 255 255 255 255 255 255 255 255 255 255 255 255 255 
255 255 255 255 255 255 255 128 000 000 054 255 255 255 255 255 255 255 233 246 255 255 255 255 185 000 000 000 185 255 255 255 255 104 000 004 029 091 255 255 255 255 255 255 255 255 255 255 255 255 255 255 255 255 255 255 255 255 255 255 255 255 255 255 255 255 255 255 255 255 255 255 
255 255 255 255 255 255 255 128 000 000 054 255 255 255 255 255 255 255 074 000 022 149 255 255 185 000 000 000 191 255 255 255 255 053 000 000 001 196 255 255 255 255 255 255 255 255 255 255 255 255 255 255 255 255 255 255 255 255 255 255 255 255 255 255 255 255 255 255 255 255 255 255 
255 255 255 255 255 255 255 128 000 000 054 255 255 255 255 255 255 255 051 000 000 147 255 255 186 000 000 000 197 255 255 255 248 007 000 000 068 255 255 255 255 255 255 255 255 255 255 255 255 255 255 255 255 255 255 255 255 255 255 255 255 255 255 255 255 255 255 255 255 255 255 255 
255 255 255 255 255 255 255 128 000 000 054 255 255 255 255 255 255 255 028 000 000 171 255 255 187 000 000 000 211 255 255 255 174 000 000 000 175 255 255 255 255 255 255 255 255 255 255 255 255 255 255 255 255 255 255 255 255 255 255 255 255 255 255 255 255 255 255 255 255 255 255 255 
236 249 255 255 255 255 255 128 000 000 054 255 255 255 255 238 247 255 006 000 000 196 255 255 188 000 000 000 230 255 255 255 087 000 000 030 252 255 255 255 255 255 255 255 255 255 255 255 255 255 255 255 255 255 255 255 255 255 255 255 255 255 255 255 255 255 255 255 255 255 255 255 
084 001 024 036 040 043 047 025 000 000 010 045 036 028 011 000 190 238 000 000 000 220 255 255 188 000 000 000 250 255 255 245 011 000 000 134 255 255 255 255 255 255 255 255 255 255 255 255 255 255 255 255 255 255 255 255 255 255 255 255 255 255 255 255 255 255 255 255 255 255 255 255 
084 000 000 000 000 000 000 000 000 000 000 000 000 000 000 000 190 211 000 000 000 245 255 255 189 000 000 013 255 255 255 169 000 000 003 231 255 255 255 255 255 255 255 255 255 255 255 255 255 255 255 255 255 255 255 255 255 255 255 255 255 255 255 255 255 255 255 255 255 255 255 255 
084 000 000 000 000 000 000 000 000 000 000 000 000 000 000 000 190 168 000 000 020 255 255 255 188 000 000 032 255 255 255 082 000 000 070 255 255 255 255 255 255 255 255 255 255 255 255 255 255 255 255 255 255 255 255 255 255 255 255 255 255 255 255 255 255 255 255 255 255 255 255 255 
180 167 197 208 212 216 138 000 000 000 045 205 196 187 173 150 225 122 000 000 057 255 255 255 165 000 000 043 255 255 226 006 000 000 162 255 255 255 255 255 255 255 255 255 255 255 255 255 255 255 255 255 255 255 255 255 255 255 255 255 255 255 255 255 255 255 255 255 255 255 255 255 
255 255 255 255 255 255 088 000 000 000 054 255 255 255 255 255 255 077 000 000 094 255 255 255 138 000 000 009 253 255 103 000 000 011 244 255 255 255 255 255 255 255 255 255 255 255 255 255 255 255 255 255 255 255 255 255 255 255 255 255 255 255 255 255 255 255 255 255 255 255 255 255 
255 255 255 255 255 241 012 000 000 000 054 255 255 255 255 255 255 032 000 000 131 255 255 255 112 000 000 000 220 255 192 166 107 110 255 255 255 255 255 255 255 255 255 255 255 255 255 255 255 255 255 255 255 255 255 255 255 255 255 255 255 255 255 255 255 255 255 255 255 255 255 255 
255 255 255 255 255 144 000 000 000 000 054 255 249 246 255 255 242 001 000 000 168 255 255 255 074 000 000 000 176 255 255 255 255 255 255 255 255 255 255 255 255 255 255 255 255 255 255 255 255 255 255 255 255 255 255 255 255 255 255 255 255 255 255 255 255 255 255 255 255 255 255 255 
255 255 255 255 254 036 000 000 000 000 054 214 048 078 252 255 255 247 227 207 240 255 255 255 026 000 000 000 129 255 255 255 255 255 255 255 255 255 255 255 255 255 255 255 255 255 255 255 255 255 255 255 255 255 255 255 255 255 255 255 255 255 255 255 255 255 255 255 255 255 255 255 
255 255 255 255 179 000 000 034 000 000 053 037 000 000 106 255 255 255 255 255 255 255 255 235 000 000 000 000 056 255 255 255 255 255 255 255 255 255 255 255 255 255 255 255 255 255 255 255 255 255 255 255 255 255 255 255 255 255 255 255 255 255 255 255 255 255 255 255 255 255 255 255 
255 255 255 251 043 000 008 114 000 000 054 176 000 000 000 151 255 255 255 255 255 255 255 183 000 000 000 000 002 233 255 255 255 255 255 255 255 255 255 255 255 255 255 255 255 255 255 255 255 255 255 255 255 255 255 255 255 255 255 255 255 255 255 255 255 255 255 255 255 255 255 255 
255 255 255 146 000 000 081 128 000 000 054 255 084 000 000 009 212 255 255 255 255 255 255 097 000 000 001 000 000 159 255 255 255 255 255 255 255 255 255 255 255 255 255 255 255 255 255 255 255 255 255 255 255 255 255 255 255 255 255 255 255 255 255 255 255 255 255 255 255 255 255 255 
255 255 236 017 000 000 175 128 000 000 054 255 226 007 000 000 072 255 255 255 255 255 248 015 000 000 086 000 000 082 255 255 255 255 255 255 255 255 255 255 255 255 255 255 255 255 255 255 255 255 255 255 255 255 255 255 255 255 255 255 255 255 255 255 255 255 255 255 255 255 255 255 
255 255 082 000 000 043 254 128 000 000 054 255 255 112 000 073 236 255 255 255 255 255 172 000 000 000 200 016 000 006 229 255 255 255 255 255 255 255 255 255 255 255 255 255 255 255 255 255 255 255 255 255 255 255 255 255 255 255 255 255 255 255 255 255 255 255 255 255 255 255 255 255 
255 149 000 000 000 167 255 128 000 000 054 255 255 234 139 254 255 255 255 255 255 255 082 000 000 023 253 082 000 000 113 255 255 255 255 255 255 255 255 255 255 255 255 255 255 255 255 255 255 255 255 255 255 255 255 255 255 255 255 255 255 255 255 255 255 255 255 255 255 255 255 255 
207 007 000 000 040 253 255 128 000 000 054 255 255 255 255 255 255 255 255 255 255 239 008 000 000 130 255 185 000 000 010 217 255 255 255 255 255 255 255 255 255 255 255 255 255 255 255 255 255 255 255 255 255 255 255 255 255 255 255 255 255 255 255 255 255 255 255 255 255 255 255 255 
029 000 000 000 163 255 255 128 000 000 054 255 255 255 255 255 255 255 255 255 255 094 000 000 011 237 255 254 039 000 000 051 250 255 255 255 255 255 255 255 255 255 255 255 255 248 164 071 047 060 141 238 255 255 255 255 255 255 255 255 255 255 255 255 255 255 255 255 255 255 255 255 
003 000 000 037 252 255 255 128 000 000 054 255 255 255 255 255 255 255 255 255 165 000 000 000 109 255 255 255 145 000 000 000 087 250 255 255 255 255 255 255 255 255 255 255 231 040 000 000 005 000 000 015 200 255 255 255 255 255 255 255 255 255 255 255 255 255 255 255 255 255 255 255 
135 000 000 183 255 255 255 128 000 000 054 255 255 255 255 255 255 255 255 222 014 000 000 003 223 255 255 255 241 015 000 000 000 074 238 255 255 255 255 255 255 255 255 248 040 000 094 216 255 233 129 003 014 216 255 255 255 255 255 255 255 255 255 255 255 255 255 255 255 255 255 255 
251 036 086 255 255 255 255 128 000 000 054 255 255 255 255 255 255 255 247 057 000 000 000 114 255 255 255 255 255 170 000 000 000 000 022 164 255 255 255 255 255 255 255 162 000 099 255 255 255 255 255 156 000 102 255 255 255 255 255 255 255 255 255 255 255 255 255 255 255 255 255 255 
255 175 231 255 255 255 255 127 000 000 054 255 255 255 255 255 255 225 051 000 000 000 055 250 255 255 255 255 255 255 103 000 000 000 000 000 070 198 255 255 255 255 255 069 002 225 255 255 255 255 255 253 034 011 251 255 255 255 255 255 255 255 255 255 255 255 255 255 255 255 255 255 
255 255 255 255 255 255 255 122 000 000 051 255 255 255 255 255 190 020 000 000 000 017 224 255 255 255 255 255 255 255 247 046 000 000 000 000 000 000 053 221 255 255 255 044 019 255 255 255 255 255 255 255 083 000 236 255 255 255 255 255 255 255 255 255 255 255 255 255 255 255 255 255 
255 255 255 255 255 255 255 117 000 000 048 255 255 255 255 140 003 000 000 000 001 177 255 255 255 255 255 255 255 255 255 226 045 000 000 000 000 000 062 253 255 255 255 057 006 241 255 255 255 255 255 255 059 000 246 255 255 255 255 255 255 255 255 255 255 255 255 255 255 255 255 255 
255 255 255 255 255 255 255 113 000 000 045 255 255 213 066 000 000 000 000 005 163 255 255 255 255 255 255 255 255 255 255 255 242 074 000 000 000 003 212 255 255 255 255 139 000 137 255 255 255 255 255 215 001 062 255 255 255 255 255 255 255 255 255 255 255 255 255 255 255 255 255 255 
255 255 255 255 255 255 255 102 000 000 035 255 174 005 000 000 000 000 012 184 255 255 255 255 255 255 255 255 255 255 255 255 255 252 111 000 000 100 255 255 255 255 255 238 016 003 154 252 255 255 211 033 000 173 255 255 255 255 255 255 255 255 255 255 255 255 255 255 255 255 255 255 
255 255 255 255 255 255 255 083 000 000 014 255 254 128 002 000 000 021 203 255 255 255 255 255 255 255 255 255 255 255 255 255 255 255 255 184 036 218 255 255 255 255 255 255 201 015 000 029 075 051 000 000 122 255 255 255 255 255 255 255 255 255 255 255 255 255 255 255 255 255 255 255 
255 255 255 255 255 255 255 064 000 000 000 249 255 255 154 000 063 225 255 255 255 255 255 255 255 255 255 255 255 255 255 255 255 255 255 255 250 255 255 255 255 255 255 255 255 216 101 010 000 002 066 170 255 255 255 255 255 255 255 255 255 255 255 255 255 255 255 255 255 255 255 255 
255 255 255 255 255 255 255 087 048 048 048 234 255 255 255 195 253 255 255 255 255 255 255 255 255 255 255 255 255 255 255 255 255 255 255 255 255 255 255 255 255 255 255 255 255 255 255 249 233 244 255 255 255 255 255 255 255 255 255 255 255 255 255 255 255 255 255 255 255 255 255 255 
255 255 255 255 255 255 255 255 255 255 255 255 255 255 255 255 255 255 255 255 255 255 255 255 255 255 255 255 255 255 255 255 255 255 255 255 255 255 255 255 255 255 255 255 255 255 255 255 255 255 255 255 255 255 255 255 255 255 255 255 255 255 255 255 255 255 255 255 255 255 255 255 
255 255 255 255 255 255 255 255 255 255 255 255 255 255 255 255 255 255 255 255 255 255 255 255 255 255 255 255 255 255 255 255 255 255 255 255 255 255 255 255 255 255 255 255 255 255 255 255 255 255 255 255 255 255 255 255 255 255 255 255 255 255 255 255 255 255 255 255 255 255 255 255 
255 255 255 255 255 255 255 255 255 255 255 255 255 255 255 255 255 255 255 255 255 255 255 255 255 255 255 255 255 255 255 255 255 255 255 255 255 255 255 255 255 255 255 255 255 255 255 255 255 255 255 255 255 255 255 255 255 255 255 255 255 255 255 255 255 255 255 255 255 255 255 255 
255 255 255 255 255 255 255 255 255 255 255 255 255 255 255 255 255 255 255 255 255 255 255 255 255 255 255 255 255 255 255 255 255 255 255 255 255 255 255 255 255 255 255 255 255 255 255 255 255 255 255 255 255 255 255 255 255 255 255 255 255 255 255 255 255 255 255 255 255 255 255 255 
255 255 255 255 255 255 255 255 255 255 255 255 255 255 255 255 255 255 255 255 255 255 255 255 255 255 255 255 255 255 255 255 255 255 255 255 255 255 255 255 255 255 255 255 255 255 255 255 255 255 255 255 255 255 255 255 255 255 255 255 255 255 255 255 255 255 255 255 255 255 255 255 
255 255 255 255 255 255 255 255 255 255 255 255 255 255 255 255 255 255 255 255 255 255 255 255 255 255 255 255 255 255 255 255 255 255 255 255 255 255 255 255 255 255 255 255 255 255 255 255 255 255 255 255 255 255 255 255 255 255 255 255 255 255 255 255 255 255 255 255 255 255 255 255 
255 255 255 255 255 255 255 255 255 255 255 255 255 255 255 255 255 255 255 255 255 255 255 255 255 255 255 255 255 255 255 255 255 255 255 255 255 255 255 255 255 255 255 255 255 255 255 255 255 255 255 255 255 255 255 255 255 255 255 255 255 255 255 255 255 255 255 255 255 255 255 255 
255 255 255 255 255 255 255 255 255 255 255 255 255 255 255 255 255 255 255 255 255 255 255 255 255 255 255 255 255 255 255 255 255 255 255 255 255 255 255 255 255 255 255 255 255 255 255 255 255 255 255 255 255 255 255 255 255 255 255 255 255 255 255 255 255 255 255 255 255 255 255 255 
255 255 255 255 255 255 255 255 255 255 255 255 255 255 255 255 255 255 255 255 255 255 255 255 255 255 255 255 255 255 255 255 255 255 255 255 255 255 255 255 255 255 255 255 255 255 255 255 255 255 255 255 255 255 255 255 255 255 255 255 255 255 255 255 255 255 255 255 255 255 255 255 
255 255 255 255 255 255 255 255 255 255 255 255 255 255 255 255 255 255 255 255 255 255 255 255 255 255 255 255 255 255 255 255 255 255 255 255 255 255 255 255 255 255 255 255 255 255 255 255 255 255 255 255 255 255 255 255 255 255 255 255 255 255 255 255 255 255 255 255 255 255 255 255 
255 255 255 255 255 255 255 255 255 255 255 255 255 255 255 255 255 255 255 255 255 255 255 255 255 255 255 255 255 255 255 255 255 255 255 255 255 255 255 255 255 255 255 255 255 255 255 255 255 255 255 255 255 255 255 255 255 255 255 255 255 255 255 255 255 255 255 255 255 255 255 255 
255 255 255 255 255 255 255 255 255 255 255 255 255 255 255 255 255 255 255 255 255 255 255 255 255 255 255 255 255 255 255 255 255 255 255 255 255 255 255 255 255 255 255 255 255 255 255 255 255 255 255 255 255 255 255 255 255 255 255 255 255 255 255 255 255 255 255 255 255 255 255 255 
255 255 255 255 255 255 255 255 255 255 255 255 255 255 255 255 255 255 255 255 255 255 255 255 255 255 255 255 255 255 255 255 255 255 255 255 255 255 255 255 255 255 255 255 255 255 255 255 255 255 255 255 255 255 255 255 255 255 255 255 255 255 255 255 255 255 255 255 255 255 255 255 
255 255 255 255 255 255 255 255 255 255 255 255 255 255 255 255 255 255 255 255 255 255 255 255 255 255 255 255 255 255 255 255 255 255 255 255 255 255 255 255 255 255 255 255 255 255 255 255 255 255 255 255 255 255 255 255 255 255 255 255 255 255 255 255 255 255 255 255 255 255 255 255 
255 255 255 255 255 255 255 255 255 255 255 255 255 255 255 255 255 255 255 255 255 255 255 255 255 255 255 255 255 255 255 255 255 255 255 255 255 255 255 255 255 255 255 255 255 255 255 255 255 255 255 255 255 255 255 255 255 255 255 255 255 255 255 255 255 255 255 255 255 255 255 255 
255 255 255 255 255 255 255 255 255 255 255 255 255 255 255 255 255 255 255 255 255 255 255 255 255 255 255 255 255 255 255 255 255 255 255 255 255 255 255 255 255 255 255 255 255 255 255 255 255 255 255 255 255 255 255 255 255 255 255 255 255 255 255 255 255 255 255 255 255 255 255 255 
255 255 255 255 255 255 255 255 255 255 255 255 255 255 255 255 255 255 255 255 255 255 255 255 255 255 255 255 255 255 255 255 255 255 255 255 255 255 255 255 255 255 255 255 255 255 255 255 255 255 255 255 255 255 255 255 255 255 255 255 255 255 255 255 255 255 255 255 255 255 255 255 
255 255 255 255 255 255 255 255 255 255 255 255 255 255 255 255 255 255 255 255 255 255 255 255 255 255 255 255 255 255 255 255 255 255 255 255 255 255 255 255 255 255 255 255 255 255 255 255 255 255 255 255 255 255 255 255 255 255 255 255 255 255 255 255 255 255 255 255 255 255 255 255 
255 255 255 255 255 255 255 255 255 255 255 255 255 255 255 255 255 255 255 255 255 255 255 255 255 255 255 255 255 255 255 255 255 255 255 255 255 255 255 255 255 255 255 255 255 255 255 255 255 255 255 255 255 255 255 255 255 255 255 255 255 255 255 255 255 255 255 255 255 255 255 255 
255 255 255 255 255 255 255 255 255 255 255 255 255 255 255 255 255 255 255 255 255 255 255 255 255 255 255 255 255 255 255 255 255 255 255 255 255 255 255 255 255 255 255 255 255 255 255 255 255 255 255 255 255 255 255 255 255 255 255 255 255 255 255 255 255 255 255 255 255 255 255 255 
255 255 255 255 255 255 255 255 255 255 255 255 255 255 255 255 255 255 255 255 255 255 255 255 255 255 255 255 255 255 255 255 255 255 255 255 255 255 255 255 255 255 255 255 255 255 255 255 255 255 255 255 255 255 255 255 255 255 255 255 255 255 255 255 255 255 255 255 255 255 255 255 
255 255 255 255 255 255 255 255 255 255 255 255 255 255 255 255 255 255 255 255 255 255 255 255 255 255 255 255 255 255 255 255 255 255 255 255 255 255 255 255 255 255 255 255 255 255 255 255 255 255 255 255 255 255 255 255 255 255 255 255 255 255 255 255 255 255 255 255 255 255 255 255 
255 255 255 255 255 255 255 255 255 255 255 255 255 255 255 255 255 255 255 255 255 255 255 255 255 255 255 255 255 255 255 255 255 255 255 255 255 255 255 255 255 255 255 255 255 255 255 255 255 255 255 255 255 255 255 255 255 255 255 255 255 255 255 255 255 255 255 255 255 255 255 255 
255 255 255 255 255 255 255 255 255 255 255 255 255 255 255 255 255 255 255 255 255 255 255 255 255 255 255 255 255 255 255 255 255 255 255 255 255 255 255 255 255 255 255 255 255 255 255 255 255 255 255 255 255 255 255 255 255 255 255 255 255 255 255 255 255 255 255 255 255 255 255 255 
255 255 255 255 255 255 255 255 255 255 255 255 255 255 255 255 255 255 255 255 255 255 255 255 255 255 255 255 255 255 255 255 255 255 255 255 255 255 255 255 255 255 255 255 255 255 255 255 255 255 255 255 255 255 255 255 255 255 255 255 255 255 255 255 255 255 255 255 255 255 255 255 
255 255 255 255 255 255 255 255 255 255 255 255 255 255 255 255 255 255 255 255 255 255 255 255 255 255 255 255 255 255 255 255 255 255 255 255 255 255 255 255 255 255 255 255 255 255 255 255 255 255 255 255 255 255 255 255 255 255 255 255 255 255 255 255 255 255 255 255 255 255 255 255 
255 255 255 255 255 255 255 255 255 255 255 255 255 255 255 255 255 255 255 255 255 255 255 255 255 255 255 255 255 255 255 255 255 255 255 255 255 255 255 255 255 255 255 255 255 255 255 255 255 255 255 255 255 255 255 255 255 255 255 255 255 255 255 255 255 255 255 255 255 255 255 255 
255 255 255 255 255 255 255 255 255 255 255 255 255 255 255 255 255 255 255 255 255 255 255 255 255 255 255 255 255 255 255 255 255 255 255 255 255 255 255 255 255 255 255 255 255 255 255 255 255 255 255 255 255 255 255 255 255 255 255 255 255 255 255 255 241 192 255 255 255 255 255 255 
255 255 255 255 255 255 255 255 255 255 255 255 255 255 255 255 255 255 255 255 255 255 255 255 255 255 255 255 255 255 255 255 255 255 255 255 255 255 255 255 255 255 255 255 255 255 255 255 255 255 255 255 255 255 255 255 255 255 255 255 255 228 118 053 003 000 210 255 255 255 255 255 
255 255 255 255 212 065 221 255 255 255 255 255 255 255 255 255 255 255 255 255 255 255 255 255 255 255 255 255 255 255 255 255 255 255 255 255 255 255 255 255 255 255 255 255 255 255 255 255 255 255 255 255 255 255 255 255 255 255 255 255 255 241 011 000 000 000 114 255 255 255 255 255 
255 255 255 209 020 000 018 189 255 255 255 255 194 145 159 170 171 172 172 173 174 174 175 175 176 175 173 172 171 170 168 167 166 160 142 124 203 255 255 255 255 255 255 255 255 255 255 255 255 255 255 255 255 255 255 255 255 255 255 255 255 255 100 000 000 000 040 255 255 255 255 255 
255 255 234 020 000 000 000 004 150 255 255 255 123 000 000 000 000 000 000 000 000 000 000 000 000 000 000 000 000 000 000 000 000 000 000 000 161 255 255 255 255 255 255 255 255 255 255 255 255 255 255 255 255 255 255 255 255 255 255 255 255 255 192 000 000 000 000 223 255 255 255 255 
255 255 255 183 020 000 000 000 000 126 255 255 123 000 000 000 000 000 000 000 000 000 000 000 000 000 000 000 000 000 000 000 000 000 000 000 161 255 255 255 255 255 255 255 255 255 255 255 255 255 255 255 255 255 255 255 255 255 255 255 255 255 249 011 000 000 000 164 255 255 255 255 
255 255 255 255 213 024 000 000 000 000 106 253 147 064 088 111 124 132 140 148 151 151 151 151 151 151 151 151 151 125 023 000 000 000 000 000 161 255 255 255 255 255 255 255 255 255 221 068 084 099 114 130 137 138 139 140 141 142 143 144 145 146 147 035 000 000 000 078 146 144 142 141 
255 255 255 255 255 218 029 000 000 000 067 243 255 255 255 255 255 255 255 255 255 255 255 255 255 255 255 210 094 005 000 000 000 014 111 185 245 255 255 255 255 255 255 255 255 255 210 000 000 000 000 000 000 000 000 000 000 000 000 000 000 000 000 000 000 000 000 000 000 000 000 000 
255 255 255 255 255 255 222 021 000 097 250 255 255 255 255 255 255 255 255 255 255 255 255 255 255 185 070 000 000 000 000 030 141 242 255 255 255 255 255 255 255 255 255 255 255 255 210 000 000 000 000 000 000 000 000 000 000 000 000 000 000 000 000 000 000 000 000 000 000 000 000 000 
255 255 255 255 255 255 255 192 132 255 255 255 255 255 255 255 255 255 255 255 255 255 250 161 046 000 000 000 000 048 164 251 255 255 255 255 255 255 255 255 255 255 255 255 255 255 210 000 000 000 084 124 124 124 124 124 124 124 124 124 124 124 124 124 124 124 124 124 124 124 124 124 
255 255 255 255 255 255 255 255 255 255 255 255 255 255 255 255 255 255 255 255 255 255 090 000 000 000 000 070 187 255 255 255 255 255 255 255 255 255 255 255 255 255 255 255 255 255 210 000 000 000 172 255 255 255 255 255 255 255 255 255 255 255 255 255 255 255 255 255 255 255 255 255 
255 255 255 255 255 255 255 255 255 255 255 255 255 255 255 255 255 255 255 255 255 255 082 000 000 054 208 255 255 255 255 255 255 255 255 255 255 255 255 255 255 255 255 255 255 255 210 000 000 000 172 255 255 255 255 255 255 255 255 255 255 255 255 255 255 255 255 255 255 255 255 255 
255 255 255 255 255 255 255 255 255 255 255 186 206 225 225 234 255 255 255 255 255 255 082 000 000 111 255 255 255 255 255 255 255 222 212 243 247 240 247 255 255 255 255 255 255 255 210 000 000 000 172 255 255 255 255 255 255 243 187 255 255 255 255 255 255 255 255 255 255 255 255 255 
255 255 228 068 199 255 255 255 255 255 255 031 000 000 000 098 255 243 193 255 255 255 082 000 000 111 255 255 255 247 252 255 255 151 000 000 000 008 173 255 255 255 255 255 255 255 210 000 000 000 172 255 255 255 255 255 254 087 001 123 251 255 255 255 255 255 255 255 249 090 150 246 
255 248 055 000 002 105 240 255 255 255 255 057 000 000 031 251 142 017 007 217 255 255 082 000 000 111 255 255 255 143 041 163 243 178 000 000 000 146 255 255 255 255 255 255 255 255 210 000 000 000 172 255 255 255 255 255 111 000 000 000 044 193 255 255 255 255 255 254 090 000 000 021 
255 099 000 000 000 000 026 182 255 255 255 067 000 000 092 255 161 000 000 088 255 255 082 000 000 111 255 255 252 037 000 000 052 181 000 000 000 204 255 255 255 255 255 255 255 255 254 248 248 248 253 255 255 255 255 126 000 000 000 000 007 127 255 255 255 255 255 144 000 000 000 000 
254 153 022 000 000 000 000 000 100 242 255 071 000 000 095 255 255 046 000 003 219 255 082 000 000 111 255 255 158 000 000 036 239 186 000 000 000 204 255 255 255 255 255 255 255 255 255 255 255 255 255 255 255 252 108 000 000 000 000 064 218 255 255 255 255 255 255 251 158 036 000 000 
255 255 236 079 000 000 000 000 000 161 255 075 000 000 095 255 255 155 000 000 103 255 082 000 000 111 255 248 030 000 011 210 255 189 000 000 000 204 255 255 255 255 255 255 255 255 255 255 255 255 255 255 239 070 000 000 000 002 125 253 255 255 255 255 255 255 255 255 255 252 146 014 
255 255 255 255 149 008 000 000 082 255 255 076 000 000 095 255 255 246 018 000 014 246 082 000 000 111 255 143 000 000 165 255 255 189 000 000 000 204 255 255 255 255 255 255 255 255 255 255 255 255 255 186 033 000 000 000 020 184 255 255 255 255 255 255 255 255 255 255 255 255 255 229 
255 255 255 255 255 208 025 028 237 255 255 076 000 000 095 255 255 255 094 030 153 251 082 000 000 111 226 013 000 094 255 255 255 189 000 000 000 204 255 255 255 255 255 255 255 255 255 255 255 236 094 000 000 000 000 058 227 255 255 255 255 255 255 255 255 255 255 255 255 255 255 255 
255 255 255 255 255 255 222 198 255 255 255 076 000 000 095 255 255 255 225 249 255 255 074 000 000 014 052 000 035 242 255 255 255 189 000 000 000 204 255 255 255 255 255 255 255 255 255 255 141 014 000 000 000 000 114 251 255 255 255 255 255 255 255 255 255 255 255 255 255 255 255 255 
255 255 255 255 255 255 255 255 255 255 255 076 000 000 095 255 255 255 255 255 255 127 000 000 000 000 000 001 199 255 255 255 255 189 000 000 000 204 255 255 255 255 255 255 255 255 255 255 223 054 000 000 016 175 255 255 255 255 255 255 255 255 255 255 255 255 255 255 255 255 255 255 
255 255 255 255 255 255 255 255 255 255 255 076 000 000 095 255 255 255 255 246 097 000 000 000 000 001 000 000 107 253 255 255 255 189 000 000 000 204 255 255 255 255 255 255 255 255 255 255 255 244 054 050 221 255 255 255 255 255 255 255 255 255 255 255 255 255 255 255 255 255 255 255 
255 255 255 255 255 255 255 255 255 255 255 076 000 000 095 255 255 255 212 043 000 000 013 000 000 095 046 000 000 087 249 255 255 189 000 000 000 204 255 255 255 255 255 255 255 255 255 255 255 255 238 248 192 091 110 128 147 164 168 171 174 177 180 183 186 185 182 179 176 173 170 167 
255 255 255 255 255 192 255 255 255 255 255 076 000 000 095 255 255 155 009 000 001 144 082 000 000 111 231 033 000 000 069 246 255 189 000 000 000 204 255 255 255 255 255 255 255 255 255 255 255 255 255 255 163 000 000 000 000 000 000 000 000 000 000 000 000 000 000 000 000 000 000 000 
255 255 255 255 255 029 119 250 255 255 255 076 000 000 095 219 070 000 000 006 168 255 082 000 000 111 255 210 011 000 000 073 250 189 000 000 000 204 255 255 255 255 255 255 255 255 255 255 255 255 255 255 163 000 000 000 000 000 000 000 000 000 000 000 000 000 000 000 000 000 000 000 
255 255 255 255 225 000 000 052 180 255 255 076 000 000 095 141 000 000 010 185 255 255 082 000 000 111 255 255 173 001 000 000 086 187 000 000 000 204 255 255 255 255 255 255 255 255 255 255 255 255 255 255 163 000 000 000 000 001 007 013 019 024 006 000 000 000 021 023 019 014 010 006 
255 255 255 255 166 000 000 000 091 255 255 076 000 000 095 253 054 014 194 255 255 255 082 000 000 111 255 255 255 126 000 000 000 109 000 000 000 204 255 255 255 255 255 255 255 255 255 255 255 255 255 255 227 190 210 230 249 255 255 255 255 255 056 000 000 000 203 255 255 255 255 255 
255 255 255 255 086 000 000 000 188 255 255 076 000 000 095 255 192 202 255 255 255 255 082 000 000 111 255 255 255 253 063 000 137 189 000 000 000 204 255 255 255 255 255 255 255 255 255 255 255 255 255 255 255 255 255 255 255 255 255 255 255 255 056 000 000 000 203 255 255 255 255 255 
255 255 255 239 007 000 000 024 254 255 255 076 000 000 095 255 255 255 255 255 255 255 082 000 000 111 255 255 255 255 223 154 255 189 000 000 000 204 255 255 255 255 255 255 255 255 255 255 255 255 255 255 255 255 255 255 255 255 255 255 255 255 056 000 000 000 203 255 255 255 255 255 
255 255 255 152 000 000 000 100 255 255 255 076 000 000 095 255 255 255 248 244 242 186 027 000 000 112 255 255 255 255 255 255 255 189 000 000 000 204 255 255 255 255 255 255 255 255 255 255 255 255 255 255 255 255 255 255 255 255 255 255 255 255 056 000 000 000 203 255 255 255 255 255 
255 255 255 058 000 000 000 178 255 255 255 076 000 000 095 255 255 255 190 000 000 000 000 000 000 124 255 255 255 255 255 255 255 189 000 000 000 204 255 255 255 255 255 255 255 255 255 255 255 255 255 255 255 255 255 255 255 255 255 255 255 255 056 000 000 000 203 255 255 255 255 255 
255 255 222 000 000 000 009 246 255 255 255 076 000 000 095 255 255 255 255 063 000 000 000 000 019 212 255 255 255 255 255 255 255 189 000 000 000 204 255 255 255 255 255 255 255 255 255 255 255 255 255 255 255 255 255 255 255 255 255 255 255 255 056 000 000 000 203 255 255 255 255 255 
255 255 132 000 000 000 076 255 255 255 255 074 000 000 095 255 255 255 255 164 000 006 065 135 234 255 255 255 255 255 255 255 255 189 000 000 000 204 255 255 255 255 255 255 255 255 255 255 255 255 255 255 255 255 255 255 255 255 255 255 255 255 056 000 000 000 203 255 255 255 255 255 
255 254 037 000 000 000 152 255 255 255 255 069 000 000 095 255 255 255 255 240 206 249 255 255 255 255 255 255 255 255 255 255 255 189 000 000 000 204 255 255 255 255 255 255 255 255 255 255 255 255 255 255 255 255 255 255 255 255 255 255 255 255 056 000 000 000 203 255 255 255 255 255 
255 180 000 000 000 000 226 255 255 255 255 065 000 000 068 176 167 159 150 141 132 123 115 106 097 088 080 071 062 053 044 036 027 014 000 000 000 204 255 255 255 255 255 255 255 255 173 129 141 152 163 175 186 192 195 198 201 204 207 210 213 216 048 000 000 000 173 215 214 212 210 208 
255 069 000 000 000 045 255 255 255 255 255 058 000 000 000 000 000 000 000 000 000 000 000 000 000 000 000 000 000 000 000 000 000 000 000 000 000 203 255 255 255 255 255 255 255 255 098 000 000 000 000 000 000 000 000 000 000 000 000 000 000 000 000 000 000 000 000 000 000 000 000 000 
198 000 000 000 000 118 255 255 255 255 255 032 000 000 000 000 000 000 000 000 000 000 000 000 000 000 000 000 000 000 000 000 000 000 000 000 000 201 255 255 255 255 255 255 255 255 098 000 000 000 000 000 000 000 000 000 000 000 000 000 000 000 000 000 000 000 000 000 000 000 000 000 
