255 255 255 255 255 255 255 255 255 255 255 248 144 014 000 000 000 011 164 255 255 255 255 255 255 255 255 255 255 255 255 255 255 255 255 255 239 103 001 000 000 000 000 021 177 255 255 255 255 255 255 255 255 255 255 255 231 003 000 007 000 000 161 203 043 225 255 255 135 146 164 181 
255 255 255 255 255 255 255 255 255 255 255 094 000 000 000 000 042 214 255 255 255 255 255 255 255 255 255 255 255 255 255 255 255 255 255 255 255 255 198 040 000 000 000 005 190 255 255 255 255 255 255 255 255 255 255 255 128 000 009 058 000 000 136 009 000 064 253 255 013 000 000 000 
255 255 255 255 255 255 255 255 255 255 255 253 119 000 000 092 244 255 255 255 255 255 255 255 255 255 255 255 255 255 255 255 255 255 255 255 255 255 255 244 096 000 000 158 255 255 255 255 255 255 255 255 255 255 255 241 016 000 072 066 000 000 161 082 000 000 143 255 013 000 000 000 
255 255 255 255 255 255 255 255 255 255 255 255 255 115 154 249 252 255 255 255 255 255 255 255 255 255 255 255 255 255 255 255 255 255 255 255 255 255 255 246 255 162 129 255 255 255 255 255 255 255 255 255 255 255 255 131 000 000 143 066 000 000 161 225 010 000 011 224 041 050 070 082 
255 255 255 255 255 255 255 255 255 255 255 255 255 255 255 142 001 016 035 054 070 073 076 079 082 085 088 091 090 087 084 081 078 075 072 063 044 025 007 018 255 255 255 255 255 255 255 255 255 255 255 255 255 255 243 018 000 004 230 066 000 000 161 255 103 000 000 112 255 255 255 255 
255 255 255 255 255 255 255 255 255 255 255 255 255 255 255 142 000 000 000 000 000 000 000 000 000 000 000 000 000 000 000 000 000 000 000 000 000 000 000 018 255 255 255 255 255 255 255 255 255 255 255 255 255 255 135 000 000 079 255 066 000 000 161 255 200 007 135 252 255 255 255 255 
255 255 255 255 255 255 255 255 255 255 255 255 255 255 255 142 000 000 000 000 000 000 000 000 000 000 000 000 000 000 000 000 000 000 000 000 000 000 000 018 255 255 255 255 255 255 255 255 255 255 255 255 255 225 015 000 000 181 255 066 000 000 161 255 255 221 255 255 255 255 255 255 
255 255 255 255 255 255 255 255 255 255 255 255 255 255 255 150 030 050 071 089 096 102 108 114 120 017 000 000 000 107 118 113 109 105 100 095 078 058 039 038 255 255 255 255 255 255 255 255 255 255 255 255 253 063 000 000 030 253 255 066 000 000 161 255 255 255 255 255 255 255 255 250 
255 255 255 255 255 255 255 255 255 255 255 255 255 255 255 255 255 255 255 255 255 255 255 255 255 035 000 000 000 224 255 255 255 255 255 255 255 255 255 255 255 255 255 255 255 255 255 255 255 255 255 255 142 000 000 000 129 255 255 066 000 000 161 255 255 255 255 255 255 255 255 105 
255 255 255 255 255 255 255 255 255 255 255 255 255 255 255 255 255 255 255 255 255 255 255 255 255 035 000 000 000 224 255 255 255 255 255 255 255 255 255 255 255 255 255 255 255 255 255 255 255 255 255 255 191 001 000 006 228 255 255 066 000 000 161 255 255 255 255 255 255 255 120 000 
255 255 255 255 255 255 255 255 255 255 255 255 255 255 255 255 255 255 255 255 255 255 255 255 255 035 000 000 000 224 255 255 255 255 255 255 255 255 255 255 255 255 255 255 255 255 255 255 255 255 255 255 255 106 000 108 255 255 255 066 000 000 161 255 255 255 255 255 255 132 000 000 
255 255 255 255 255 255 255 255 255 255 255 255 255 255 255 255 255 255 255 255 255 255 255 255 255 035 000 000 000 224 255 255 255 255 255 255 255 255 255 255 255 255 255 255 255 255 255 255 255 255 255 255 255 237 026 231 255 255 255 066 000 000 161 255 255 255 255 252 117 000 000 000 
255 255 255 255 255 255 255 255 255 255 255 255 255 255 255 255 255 255 255 255 255 255 255 255 255 035 000 000 000 224 255 255 255 255 255 255 255 255 255 255 255 255 255 255 255 255 255 255 255 255 255 255 255 255 221 255 255 255 255 066 000 000 161 255 255 255 238 070 000 000 000 017 
255 255 255 255 255 255 255 255 255 255 255 255 255 255 255 255 255 255 255 255 255 255 255 255 255 035 000 000 000 224 255 255 255 255 255 255 255 255 255 255 255 255 255 255 255 255 255 255 255 255 255 255 255 255 255 255 255 255 255 064 000 000 160 255 255 209 035 000 000 000 024 210 
255 255 255 255 255 255 255 255 255 255 255 255 255 255 255 255 255 255 255 255 255 255 255 255 255 035 000 000 000 224 255 255 255 255 255 255 255 255 255 255 255 255 255 255 255 255 255 255 255 255 255 255 255 255 255 255 255 255 255 059 000 000 155 252 133 006 000 000 000 032 220 255 
255 255 255 255 255 255 255 255 255 255 255 255 255 255 255 255 255 255 255 255 255 255 255 255 255 035 000 000 000 224 255 255 255 255 255 255 255 255 255 255 255 255 255 255 255 255 255 255 255 255 255 255 255 255 255 255 255 255 255 054 000 000 151 245 082 000 000 000 041 228 255 255 
255 255 255 255 255 255 255 255 255 096 035 047 058 069 080 092 097 100 103 106 109 112 115 118 121 017 000 000 000 108 120 119 117 115 113 112 110 108 107 099 086 074 061 048 035 125 255 255 255 255 255 255 255 255 255 255 255 255 255 049 000 000 147 255 254 120 000 084 237 133 153 173 
255 255 255 255 255 255 255 255 255 077 000 000 000 000 000 000 000 000 000 000 000 000 000 000 000 000 000 000 000 000 000 000 000 000 000 000 000 000 000 000 000 000 000 000 000 109 255 255 255 255 255 255 255 255 255 255 255 255 255 030 000 000 133 255 255 255 195 255 248 000 000 000 
255 255 255 255 255 255 255 255 255 077 000 000 000 000 000 000 000 000 000 000 000 000 000 000 000 000 000 000 000 000 000 000 000 000 000 000 000 000 000 000 000 000 000 000 000 109 255 255 255 255 255 255 255 255 255 255 255 255 255 007 000 000 111 255 255 255 255 255 248 000 000 000 
255 255 255 255 255 255 255 255 255 077 000 000 000 009 021 033 043 045 046 048 049 051 053 054 056 057 059 059 058 056 055 053 051 050 048 047 045 044 040 028 017 005 000 000 000 109 255 255 255 255 255 255 255 255 255 255 255 255 240 000 000 000 089 255 255 255 255 255 249 025 044 063 
255 255 255 255 255 255 255 255 255 230 229 241 253 255 255 255 255 255 255 255 255 255 255 255 255 255 255 255 255 255 255 255 255 255 255 255 255 255 255 255 255 255 250 238 227 234 255 255 255 255 255 255 255 255 255 255 255 255 217 000 000 000 067 255 255 255 255 255 255 255 255 255 
255 255 255 255 255 255 255 255 255 255 255 255 255 255 255 255 255 255 255 255 255 255 255 255 255 255 255 255 255 255 255 255 255 255 255 255 255 255 255 255 255 255 255 255 255 255 255 255 255 255 255 255 255 255 255 255 255 255 240 178 178 178 195 255 255 255 255 255 255 255 255 255 
255 255 255 255 255 255 255 255 255 255 255 255 255 255 255 255 255 255 255 255 255 255 255 255 255 255 255 255 255 255 255 255 255 255 255 255 255 255 255 255 255 255 255 255 255 255 255 255 255 255 255 255 255 255 255 255 255 255 255 255 255 255 255 255 255 255 255 255 255 255 255 255 
255 255 255 255 255 255 255 255 255 255 255 255 255 255 255 255 255 255 255 255 255 255 255 255 255 255 255 255 255 255 255 255 255 255 255 255 255 255 255 255 255 255 255 255 255 255 255 255 255 255 255 255 255 255 255 255 255 255 255 255 255 255 255 255 255 255 255 255 255 255 255 255 
255 255 255 255 255 255 255 255 255 255 255 255 255 255 255 255 255 255 255 255 255 255 255 255 255 255 255 255 255 255 255 255 255 255 255 255 255 255 255 255 255 255 255 255 255 255 255 255 255 255 255 255 255 255 255 255 255 255 255 255 255 255 255 255 255 255 255 255 255 255 255 255 
255 255 255 255 255 255 255 255 255 255 255 255 255 255 255 255 255 255 255 255 255 255 255 255 255 255 255 255 255 255 255 255 255 255 255 255 255 255 255 255 255 255 255 255 255 255 255 255 255 255 255 255 255 255 255 255 255 255 255 255 255 255 255 255 255 255 255 255 255 255 255 255 
255 255 255 255 255 255 255 255 255 255 255 255 255 255 255 255 255 255 255 255 255 255 255 255 255 255 255 255 255 255 255 255 255 255 255 255 255 255 255 255 255 255 255 255 255 255 255 255 255 255 255 255 255 255 255 255 255 255 255 255 255 255 255 255 255 255 255 255 255 255 255 255 
255 255 255 255 255 255 255 255 255 255 255 255 255 255 255 255 255 255 255 255 255 255 255 255 255 255 255 255 255 255 255 255 255 255 255 255 255 255 255 255 255 255 255 255 255 255 255 255 255 255 255 255 255 255 255 255 255 255 255 255 255 255 255 255 255 255 255 255 255 255 255 255 
255 255 255 255 255 255 255 255 255 255 255 255 255 255 255 255 255 255 255 255 255 255 255 255 255 255 255 255 255 255 255 255 255 255 255 255 255 255 255 255 255 255 255 255 255 255 255 255 255 255 255 255 255 255 255 255 255 255 255 255 255 255 255 255 255 255 255 255 255 255 255 255 
255 255 255 255 255 255 255 255 255 255 255 255 255 255 255 255 255 255 255 255 255 255 255 255 255 255 255 255 255 255 255 255 255 255 255 255 255 255 255 255 255 255 255 255 255 255 255 255 255 255 255 255 255 255 255 255 255 255 255 255 255 255 255 255 255 255 255 255 255 255 255 255 
255 255 255 255 255 255 255 255 255 255 255 255 255 255 255 255 255 255 255 255 255 255 255 255 255 255 255 255 255 255 255 255 255 255 255 255 255 255 255 255 255 255 255 255 255 255 255 255 255 255 255 255 255 255 255 255 255 255 255 255 255 255 255 255 255 255 255 255 255 255 255 255 
255 255 255 255 255 255 255 255 255 255 255 255 255 255 255 255 255 255 255 255 255 255 255 255 255 255 255 255 255 255 255 255 255 255 255 255 255 255 255 255 255 255 255 255 255 255 255 255 255 255 255 255 255 255 255 255 255 255 255 255 255 255 255 255 255 255 255 255 255 255 255 255 
255 255 255 255 255 255 255 255 255 255 255 255 255 255 255 255 255 255 255 255 255 255 255 255 255 255 255 255 255 255 255 255 255 255 255 255 255 255 255 255 255 255 255 255 255 255 255 255 255 255 255 255 255 255 255 255 255 255 255 255 255 255 255 255 255 255 255 255 255 255 255 255 
255 255 255 255 255 255 255 255 255 255 255 255 255 255 255 255 255 255 255 255 255 255 255 255 255 255 255 255 255 255 255 255 255 255 255 255 255 255 255 255 255 255 255 255 255 255 255 255 255 255 255 255 255 255 255 255 255 255 255 255 255 255 255 255 255 255 255 255 255 255 255 255 
255 255 255 255 255 255 255 255 255 255 255 255 255 255 255 255 255 255 255 255 255 255 255 255 255 255 255 255 255 255 255 255 255 255 255 255 255 255 255 255 255 255 255 255 255 255 255 255 255 255 255 255 255 255 255 255 255 255 255 255 255 255 255 255 255 255 255 255 255 255 255 255 
255 255 255 255 255 255 255 255 255 255 255 255 255 255 255 255 255 255 255 255 255 255 255 255 255 255 255 255 255 255 255 255 255 255 255 255 255 255 255 255 255 255 255 255 255 255 255 255 255 255 255 255 255 255 255 255 255 255 255 255 255 255 255 255 255 255 255 255 255 255 255 255 
255 255 255 255 255 255 255 255 255 255 255 255 255 255 255 255 255 255 255 255 255 255 255 255 255 255 255 255 255 255 255 255 255 255 255 255 255 255 255 255 255 255 255 255 255 255 255 255 255 255 255 255 255 255 255 255 255 255 255 255 255 255 255 255 255 255 255 255 255 255 255 255 
255 255 255 255 255 255 255 255 255 255 255 255 255 255 255 255 255 255 255 255 255 255 255 255 255 255 255 255 255 255 255 255 255 255 255 255 255 255 255 255 255 255 255 255 255 255 255 255 255 255 255 255 255 255 255 255 255 255 255 255 255 255 255 255 255 255 255 255 255 255 255 255 
255 255 255 255 255 255 255 255 255 255 255 255 255 255 255 255 255 255 255 255 255 255 255 255 255 255 255 255 255 255 255 255 255 255 255 255 255 255 255 255 255 255 255 255 255 255 255 255 255 255 255 255 255 255 255 255 255 255 255 255 255 255 255 255 255 255 255 255 255 255 255 255 
255 255 255 255 255 255 255 255 255 255 255 255 255 255 255 255 255 255 255 255 255 255 255 255 255 255 255 255 255 255 255 255 255 255 255 255 255 255 255 255 255 255 255 255 255 255 255 255 255 255 255 255 255 255 255 255 255 255 255 255 255 255 255 255 255 255 255 255 255 255 255 255 
255 255 255 255 255 255 255 255 255 255 255 255 255 255 255 255 255 255 255 255 255 255 255 255 255 255 255 255 255 255 255 255 255 255 255 255 255 255 255 255 255 255 255 255 255 255 255 255 255 255 255 255 255 255 255 255 255 255 255 255 255 255 255 255 255 255 255 255 255 255 255 255 
255 255 255 255 255 255 255 255 255 255 255 255 255 255 255 255 255 255 255 255 255 255 255 255 255 255 255 255 255 255 255 255 255 255 255 255 255 255 255 255 255 255 255 255 255 255 255 255 255 255 255 255 255 255 255 255 255 255 255 255 255 255 255 255 255 255 255 255 255 255 255 255 
255 255 255 255 255 255 255 255 255 255 255 255 255 255 255 255 255 255 255 255 255 255 255 255 255 255 255 255 255 255 255 255 255 255 255 255 255 255 255 255 255 255 255 255 255 255 255 255 255 255 255 255 255 255 255 255 255 255 255 255 255 255 255 255 255 255 255 255 255 255 255 255 
255 255 255 255 255 255 255 255 255 255 255 255 255 255 255 255 255 255 255 255 255 255 255 255 255 255 255 255 255 255 255 255 255 255 255 255 255 255 255 255 255 255 255 255 255 255 255 255 255 255 255 255 255 255 255 255 255 255 255 255 255 255 255 255 255 255 255 255 255 255 255 255 
255 255 255 255 255 255 255 255 255 255 255 255 255 255 255 255 255 255 255 255 255 255 255 255 255 255 255 255 255 255 255 255 255 255 255 255 255 255 255 255 255 255 255 255 255 255 255 255 255 255 255 255 255 255 255 255 255 255 255 255 255 255 255 255 255 255 255 255 255 255 255 255 
255 255 255 255 255 255 255 255 255 255 255 255 255 255 255 255 255 255 255 255 255 255 255 255 255 255 255 255 255 255 255 255 255 255 255 255 255 255 255 255 255 255 255 255 255 255 255 255 255 255 255 255 255 255 255 255 255 255 255 255 255 255 255 255 255 255 255 255 255 255 255 255 
255 255 255 255 255 255 255 255 255 255 255 255 255 255 255 255 255 255 255 255 255 255 255 255 255 255 255 255 255 255 255 255 255 255 255 255 255 255 255 255 255 255 255 255 255 255 255 255 255 255 255 255 255 255 255 255 255 255 255 255 255 255 255 255 255 255 255 255 255 255 255 255 
255 255 255 255 255 255 255 255 255 255 255 255 255 255 255 255 255 255 255 255 255 255 255 255 255 255 255 255 255 255 255 255 255 255 255 255 255 255 255 255 255 255 255 255 255 255 255 255 255 255 255 255 255 255 255 255 255 255 255 255 255 255 255 255 255 255 255 255 255 255 255 255 
255 255 255 255 255 255 255 255 255 255 255 255 255 255 255 255 255 255 255 255 255 255 255 255 255 255 255 255 255 255 255 255 255 255 255 255 255 255 255 255 255 255 255 255 255 255 255 255 255 255 255 255 255 255 255 255 255 255 255 255 255 255 255 255 255 255 255 255 255 255 255 255 
255 255 255 255 255 255 255 255 255 255 255 255 255 255 255 255 255 255 255 255 255 255 255 255 255 255 255 255 255 255 255 255 255 255 255 255 255 255 255 255 255 255 255 255 255 255 255 255 255 255 255 255 255 255 255 255 255 255 255 255 255 255 255 255 255 255 255 255 255 255 255 255 
255 255 255 255 255 255 255 255 255 255 255 255 255 255 255 255 255 255 255 255 255 255 255 255 255 255 255 255 255 255 255 255 255 255 255 255 255 255 255 255 255 255 255 255 255 255 255 255 255 255 255 255 255 255 255 255 255 255 255 255 255 255 255 255 255 255 255 255 255 255 255 255 
255 255 255 255 255 255 255 255 255 255 255 255 255 255 255 255 255 255 255 255 255 255 255 255 255 255 255 255 255 255 255 255 255 255 255 255 255 255 255 255 255 255 255 255 255 255 255 255 255 255 238 165 193 213 214 215 217 218 219 220 221 222 223 224 223 221 220 219 218 217 216 215 
255 255 255 255 255 255 255 255 255 255 255 255 255 255 255 255 255 255 255 255 255 255 255 255 255 255 255 255 255 255 255 255 255 255 255 255 255 255 255 255 255 255 255 255 255 255 255 255 255 255 233 000 000 000 000 000 000 000 000 000 000 000 000 000 000 000 000 000 000 000 000 000 
255 255 255 128 149 171 193 215 224 227 230 233 235 238 241 244 247 249 247 244 241 239 236 233 230 227 224 216 194 172 150 129 250 255 255 255 255 255 255 255 255 255 255 255 255 255 255 255 255 255 254 002 000 000 000 000 000 000 000 000 000 000 000 000 000 000 000 000 000 000 000 000 
255 255 255 000 000 000 000 000 000 000 000 000 000 000 000 000 000 000 000 000 000 000 000 000 000 000 000 000 000 000 000 031 255 255 255 255 255 255 255 255 255 255 255 255 255 255 255 255 255 255 255 005 000 000 042 126 126 126 126 126 126 126 126 126 126 126 126 126 126 126 126 126 
255 255 255 000 000 000 000 000 000 000 000 000 000 000 000 000 000 000 000 000 000 000 000 000 000 000 000 000 000 000 000 084 255 255 255 255 255 255 255 255 255 255 255 255 255 255 255 255 255 255 255 008 000 000 084 255 255 255 255 255 255 255 255 255 255 255 255 255 255 255 255 253 
255 255 255 000 000 000 000 000 000 000 000 000 000 000 000 000 000 000 000 000 000 000 000 000 000 000 000 000 000 000 000 137 255 255 255 255 255 255 255 255 255 255 255 255 255 255 255 255 255 255 255 008 000 000 084 255 255 255 255 255 255 255 255 255 255 255 255 255 255 255 255 253 
255 255 255 056 079 103 126 134 137 139 141 143 145 148 150 152 154 154 154 154 154 154 154 154 154 154 114 000 000 000 000 201 255 255 255 255 255 255 255 255 255 255 255 255 255 255 255 255 255 255 255 008 000 000 063 189 189 189 189 189 189 189 189 189 189 189 189 189 189 189 189 188 
255 255 255 255 255 255 255 255 255 255 255 255 255 255 255 255 255 255 255 255 255 255 255 255 255 255 148 000 000 000 022 254 255 255 255 255 255 255 255 255 255 255 255 255 255 255 255 255 255 255 255 008 000 000 000 000 000 000 000 000 000 000 000 000 000 000 000 000 000 000 000 000 
255 255 255 255 255 255 255 255 235 142 086 255 255 255 255 255 255 255 255 255 255 255 255 255 255 255 097 000 000 000 095 255 255 255 255 255 255 255 255 255 255 255 255 255 255 255 255 255 255 255 255 008 000 000 000 000 000 000 000 000 000 000 000 000 000 000 000 000 000 000 000 000 
255 255 255 255 255 255 254 088 006 000 000 220 255 255 255 255 255 255 255 255 255 255 255 255 255 254 024 000 000 000 170 255 255 255 255 255 255 255 255 255 255 255 255 255 255 255 255 255 255 255 255 008 000 000 053 161 161 161 161 161 161 161 161 161 161 161 161 161 161 161 161 160 
255 255 255 255 255 255 255 083 000 000 000 131 255 255 255 255 255 255 255 255 255 255 255 255 255 199 000 000 000 004 240 255 255 255 255 255 255 255 255 255 255 255 255 255 255 255 255 255 255 255 255 008 000 000 084 255 255 255 255 255 255 255 255 255 255 255 255 255 255 255 255 253 
255 255 255 255 255 255 255 186 000 000 000 028 251 255 255 255 255 255 255 255 255 255 255 255 255 119 000 000 000 063 255 255 255 255 255 255 255 255 255 255 255 255 255 255 255 255 255 255 255 255 255 006 000 000 084 255 255 255 255 255 255 255 255 255 255 255 255 255 255 255 255 253 
255 255 255 255 255 255 255 255 046 000 000 000 171 255 255 255 255 255 255 255 255 255 255 255 255 040 000 000 000 144 255 255 255 255 255 255 255 255 255 255 255 255 255 255 255 255 255 255 255 255 255 004 000 000 051 154 154 154 154 154 154 154 154 154 154 154 154 154 154 154 154 153 
255 255 255 255 255 255 255 255 166 000 000 000 062 255 255 255 255 255 255 255 255 255 255 255 194 000 000 000 012 240 255 255 255 255 255 255 255 255 255 255 255 255 255 255 255 255 255 255 255 255 249 000 000 000 000 000 000 000 000 000 000 000 000 000 000 000 000 000 000 000 000 000 
255 255 255 255 255 255 255 255 252 035 000 000 000 196 255 255 255 255 255 255 255 255 255 255 074 000 000 000 108 255 255 255 255 255 255 255 255 255 255 255 255 255 255 255 255 255 255 255 255 255 228 000 000 000 000 000 000 000 000 000 000 000 000 000 000 000 000 000 000 000 000 000 
255 255 255 255 255 255 255 255 255 152 000 000 000 051 254 255 255 255 255 255 255 255 255 209 000 000 000 001 217 255 255 255 255 255 255 255 255 255 255 255 255 255 255 255 255 255 255 255 255 255 237 158 185 207 209 210 211 213 214 215 216 217 218 218 218 217 217 216 216 215 214 214 
255 255 255 255 255 255 255 255 255 248 035 000 000 000 157 255 255 255 255 255 255 255 255 089 000 000 000 074 255 255 255 255 255 255 255 255 255 255 255 255 255 255 255 255 255 255 255 255 255 255 255 255 255 255 255 255 255 255 255 255 255 255 255 255 255 255 255 255 255 255 255 255 
255 255 255 255 255 255 255 255 255 255 178 000 000 000 023 241 255 255 255 255 255 255 200 003 000 000 000 185 255 255 255 255 255 255 255 255 255 255 255 255 255 255 255 255 255 255 255 255 255 255 255 255 255 255 255 255 255 255 255 255 255 255 255 255 255 255 255 255 255 255 255 255 
255 255 255 255 255 255 255 255 255 255 255 073 000 000 000 084 255 255 255 255 255 247 040 000 000 000 067 255 255 255 255 255 255 255 255 255 255 255 255 255 255 255 255 255 072 032 043 053 064 075 085 095 098 099 100 101 102 103 104 105 105 106 107 108 107 106 105 104 103 102 101 100 
255 255 255 255 255 255 255 255 255 255 255 218 006 000 000 000 141 255 255 255 255 117 000 000 000 009 220 255 255 255 255 255 255 255 255 255 255 255 255 255 255 255 255 255 053 000 000 000 000 000 000 000 000 000 000 000 000 000 000 000 000 000 000 000 000 000 000 000 000 000 000 000 
255 255 255 255 255 255 255 255 255 255 255 255 138 000 000 000 004 193 255 255 198 002 000 000 000 134 255 255 255 255 255 255 255 255 255 255 255 255 255 255 255 255 255 255 053 000 000 000 000 000 000 000 000 000 000 000 000 000 000 000 000 000 000 000 000 000 000 000 000 000 000 000 
255 255 255 255 255 255 255 255 255 255 255 255 254 075 000 000 000 020 209 224 025 000 000 000 046 251 255 255 255 255 255 255 255 255 255 255 255 255 255 255 255 255 255 255 134 111 122 132 143 154 165 171 172 174 175 177 179 180 182 183 185 092 000 000 000 171 184 183 181 179 178 176 
255 255 255 255 255 255 255 255 255 255 255 255 255 236 029 000 000 000 020 039 000 000 000 003 201 255 255 255 255 255 255 255 255 255 255 255 255 255 255 255 255 255 255 255 255 255 255 255 255 255 255 255 255 255 255 255 255 255 255 255 255 125 000 000 000 235 255 255 255 255 255 255 
255 255 255 255 255 255 255 255 255 255 255 255 255 255 198 008 000 000 000 000 000 000 000 145 255 255 255 255 255 255 255 255 255 255 255 255 255 255 255 255 255 255 255 255 255 255 255 255 255 255 255 224 089 183 244 255 255 255 255 255 255 125 000 000 000 235 255 255 255 255 255 255 
255 255 255 255 255 255 255 255 255 255 255 255 255 255 255 179 004 000 000 000 000 000 108 255 255 255 255 255 255 255 255 255 255 255 255 255 255 255 255 255 255 255 255 255 255 255 255 255 255 255 255 152 000 000 005 038 215 255 255 255 255 125 000 000 000 235 255 255 255 255 255 255 
255 255 255 255 255 255 255 255 255 255 255 255 255 255 255 187 016 000 000 000 000 000 078 235 255 255 255 255 255 255 255 255 255 255 255 255 255 255 255 255 255 255 255 255 255 255 255 255 255 255 255 074 000 000 000 151 255 255 255 255 255 125 000 000 000 079 083 081 079 077 075 073 
255 255 255 255 255 255 255 255 255 255 255 255 255 251 128 002 000 000 000 000 000 000 000 025 166 255 255 255 255 255 255 255 255 255 255 255 255 255 255 255 255 255 255 255 255 255 255 255 255 255 226 003 000 000 062 255 255 255 255 255 255 125 000 000 000 000 000 000 000 000 000 000 
255 255 255 255 255 255 255 255 255 255 255 255 206 048 000 000 000 000 000 013 000 000 000 000 000 060 206 255 255 255 255 255 255 255 255 255 255 255 255 255 255 255 255 255 255 255 255 255 255 255 127 000 000 000 199 255 255 255 255 255 255 125 000 000 000 000 000 000 000 000 000 000 
255 255 255 255 255 255 255 255 255 255 248 121 004 000 000 000 000 008 163 223 044 000 000 000 000 000 002 099 215 255 255 255 255 255 255 255 255 255 255 255 255 255 255 255 255 255 255 255 255 253 029 000 000 001 187 255 255 255 255 255 255 125 000 000 000 202 218 217 216 214 213 212 
255 255 255 255 255 255 255 255 254 169 036 000 000 000 000 000 039 204 255 255 243 098 000 000 000 000 000 000 001 069 177 253 255 255 255 255 255 255 255 255 255 255 255 255 255 255 255 255 255 168 000 000 000 000 020 212 255 255 255 255 255 125 000 000 000 235 255 255 255 255 255 255 
255 255 255 255 255 255 255 190 053 000 000 000 000 000 000 106 245 255 255 255 255 255 174 019 000 000 000 000 000 000 000 032 112 182 245 255 255 255 255 255 255 255 255 255 255 255 255 255 243 027 000 000 035 000 000 022 213 255 255 255 255 125 000 000 000 235 255 255 255 255 255 255 
255 255 255 255 255 196 072 000 000 000 000 000 000 024 181 255 255 255 255 255 255 255 255 230 075 000 000 000 000 000 000 000 000 000 006 065 127 164 217 255 255 255 255 255 255 255 255 255 117 000 000 000 204 084 000 000 017 170 255 255 255 125 000 000 000 235 255 255 255 255 255 255 
255 255 250 165 053 000 000 000 000 000 000 006 117 240 255 255 255 255 255 255 255 255 255 255 255 184 044 000 000 000 000 000 000 000 000 000 000 006 203 255 255 255 255 255 255 255 255 208 005 000 000 077 255 242 046 000 000 000 086 211 255 125 000 000 000 235 255 255 255 255 255 255 
230 135 027 000 000 000 000 000 000 000 083 221 255 255 255 255 255 255 255 255 255 255 255 255 255 255 252 152 022 000 000 000 000 000 000 000 000 104 255 255 255 255 255 255 255 255 223 026 000 000 006 214 255 255 227 033 000 000 000 000 067 062 000 000 000 235 255 255 255 255 255 255 
002 000 000 000 000 000 000 000 050 193 255 255 255 255 255 255 255 255 255 255 255 255 255 255 255 255 255 255 243 148 039 000 000 000 000 000 002 219 255 255 255 255 255 255 255 233 037 000 000 000 122 255 255 255 255 241 093 000 000 000 000 000 000 000 000 006 019 034 048 060 053 044 
027 000 000 000 000 000 032 158 253 255 255 255 255 255 255 255 255 255 255 255 255 255 255 255 255 255 255 255 255 255 254 183 072 001 000 000 080 255 255 255 255 255 255 255 218 044 000 000 000 033 246 255 255 255 255 255 255 187 072 001 000 000 000 000 000 000 000 000 000 000 000 000 
213 019 000 000 062 174 252 255 255 255 255 255 255 255 255 255 255 255 255 255 255 255 255 255 255 255 255 255 255 255 255 255 255 219 132 048 150 255 255 255 255 255 255 255 119 003 000 000 000 181 255 255 255 255 255 255 255 255 255 216 117 036 000 000 000 000 000 000 000 000 000 000 
255 167 096 207 255 255 255 255 255 255 255 255 255 255 255 255 255 255 255 255 255 255 255 255 255 255 255 255 255 255 255 255 255 255 255 255 253 255 255 255 255 255 255 255 255 196 030 000 099 255 255 255 255 255 255 255 255 255 255 255 255 255 221 162 116 098 081 065 048 031 015 001 
255 255 255 255 255 255 255 255 255 255 255 255 255 255 255 255 255 255 255 255 255 255 255 255 255 255 255 255 255 255 255 255 255 255 255 255 255 255 255 255 255 255 255 255 255 255 235 088 246 255 255 255 255 255 255 255 255 255 255 255 255 255 255 255 255 255 255 255 255 255 255 252 
255 255 255 255 255 255 255 255 255 255 255 255 255 255 255 255 255 255 255 255 255 255 255 255 255 255 255 255 255 255 255 255 255 255 255 255 255 255 255 255 255 255 255 255 255 255 255 255 255 255 255 255 255 255 255 255 255 255 255 255 255 255 255 255 255 255 255 255 255 255 255 255 
255 255 255 255 255 255 255 255 255 255 255 255 255 255 255 255 255 255 255 255 255 255 255 255 255 255 255 255 255 255 255 255 255 255 255 255 255 255 255 255 255 255 255 255 255 255 255 255 255 255 255 255 255 255 255 255 255 255 255 255 255 255 255 255 255 255 255 255 255 255 255 255 
255 255 255 255 255 255 255 255 255 255 255 255 255 255 255 255 255 255 255 255 255 255 255 255 255 255 255 255 255 255 255 255 255 255 255 255 255 255 255 255 255 255 255 255 255 255 255 255 255 255 255 255 255 255 255 255 255 255 255 255 255 255 255 255 255 255 255 255 255 255 255 255 
255 255 255 255 255 255 255 255 255 255 255 255 255 255 255 255 255 255 255 255 255 255 255 255 255 255 255 255 255 255 255 255 255 255 255 255 255 255 255 255 255 255 255 255 255 255 255 255 255 255 255 255 255 255 255 255 255 255 255 255 255 255 255 255 255 255 255 255 255 255 255 255 
255 255 255 255 255 255 255 255 255 255 255 255 255 255 255 255 255 255 255 255 255 255 255 255 255 255 255 255 255 255 255 255 255 255 255 255 255 255 255 255 255 255 255 255 255 255 255 255 255 255 255 255 255 255 255 255 255 255 255 255 255 255 255 255 255 255 255 255 255 255 255 255 
255 255 255 255 255 255 255 255 255 255 255 255 255 255 255 255 255 255 255 255 255 255 255 255 255 255 255 255 255 255 255 255 255 255 255 255 255 255 255 255 255 255 255 255 255 255 255 255 255 255 255 255 255 255 255 255 255 255 255 255 255 255 255 255 255 255 255 255 255 255 255 255 
255 255 255 255 255 255 255 255 255 255 255 255 255 255 255 255 255 255 255 255 255 255 255 255 255 255 255 255 255 255 255 255 255 255 255 255 255 255 255 255 255 255 255 255 255 255 255 255 255 255 255 255 255 255 255 255 255 255 255 255 255 255 255 255 255 255 255 255 255 255 255 255 
255 255 255 255 255 255 255 255 255 255 255 255 255 255 255 255 255 255 255 255 255 255 255 255 255 255 255 255 255 255 255 255 255 255 255 255 255 255 255 255 255 255 255 255 255 255 255 255 255 255 255 255 255 255 255 255 255 255 255 255 255 255 255 255 255 255 255 255 255 255 255 255 
255 255 255 255 255 255 255 255 255 255 255 255 255 255 255 255 255 255 255 255 255 255 255 255 255 255 255 255 255 255 255 255 255 255 255 255 255 255 255 255 255 255 255 255 255 255 255 255 255 255 255 255 255 255 255 255 255 255 255 255 255 255 255 255 255 255 255 255 255 255 255 255 
255 255 255 255 255 255 255 255 255 255 255 255 255 255 255 255 255 255 255 255 255 255 255 255 255 255 255 255 255 255 255 255 255 255 255 255 255 255 255 255 255 255 255 255 255 255 255 255 255 255 255 255 255 255 255 255 255 255 255 255 255 255 255 255 255 255 255 255 255 255 255 255 
255 255 255 255 255 255 255 255 255 255 255 255 255 255 255 255 255 255 255 255 255 255 255 255 255 255 255 255 255 255 255 255 255 255 255 255 255 255 255 255 255 255 255 255 255 255 255 255 255 255 255 255 255 255 255 255 255 255 255 255 255 255 255 255 255 255 255 255 255 255 255 255 
255 255 255 255 255 255 255 255 255 255 255 255 255 255 255 255 255 255 255 255 255 255 255 255 255 255 255 255 255 255 255 255 255 255 255 255 255 255 255 255 255 255 255 255 255 255 255 255 255 255 255 255 255 255 255 255 255 255 255 255 255 255 255 255 255 255 255 255 255 255 255 255 
255 255 255 255 255 255 255 255 255 255 255 255 255 255 255 255 255 255 255 255 255 255 255 255 255 255 255 255 255 255 255 255 255 255 255 255 255 255 255 255 255 255 255 255 255 255 255 255 255 255 255 255 255 255 255 255 255 255 255 255 255 255 255 255 255 255 255 255 255 255 255 255 
255 255 255 255 255 255 255 255 255 255 255 255 255 255 255 255 255 255 255 255 255 255 255 255 255 255 255 255 255 255 255 255 255 255 255 255 255 255 255 255 255 255 255 255 255 255 255 255 255 255 255 255 255 255 255 255 255 255 255 255 255 255 255 255 255 255 255 255 255 255 255 255 
255 255 255 255 255 255 255 255 255 255 255 255 255 255 255 255 255 255 255 255 255 255 255 255 255 255 255 255 255 255 255 255 255 255 255 255 255 255 255 255 255 255 255 255 255 255 255 255 255 255 255 255 255 255 255 255 255 255 255 255 255 255 255 255 255 255 255 255 255 255 255 255 
255 255 255 255 255 255 255 255 255 255 255 255 255 255 255 255 255 255 255 255 255 255 255 255 255 255 255 255 255 255 255 255 255 255 255 255 255 255 255 255 255 255 255 255 255 255 255 255 255 255 255 255 255 255 255 255 255 255 255 255 255 255 255 255 255 255 255 255 255 255 255 255 
255 255 255 255 255 255 255 255 255 255 255 255 255 255 255 255 255 255 255 255 255 255 255 255 255 255 255 255 255 255 255 255 255 255 255 255 255 255 255 255 255 255 255 255 255 255 255 255 255 255 255 255 255 255 255 255 255 255 255 255 255 255 255 255 255 255 255 255 255 255 255 255 
255 255 255 255 255 255 255 255 255 255 255 255 255 255 255 255 255 255 255 255 255 255 255 255 255 255 255 255 255 255 255 255 255 255 255 255 255 255 255 255 255 255 255 255 255 255 255 255 255 255 255 255 255 255 255 255 255 255 255 255 255 255 255 255 255 255 255 255 255 255 255 255 
255 255 255 255 255 255 255 255 255 255 255 255 255 255 255 255 255 255 255 255 255 255 255 255 255 255 255 255 255 255 255 255 255 255 255 255 255 255 255 255 255 255 255 255 255 255 255 255 255 255 255 255 255 255 255 255 255 255 255 255 255 255 255 255 255 255 255 255 255 255 255 255 
255 255 255 255 255 255 255 255 255 255 255 255 255 255 255 255 255 255 255 255 255 255 255 255 255 255 255 255 255 255 255 255 255 255 255 255 255 255 255 255 255 255 255 255 255 255 255 255 255 255 255 255 255 255 255 255 255 255 255 255 255 255 255 255 255 255 255 255 255 255 255 255 
255 255 255 255 255 255 255 255 255 255 255 255 255 255 255 255 255 255 255 255 255 255 255 255 255 255 255 255 255 255 255 255 255 255 255 255 255 255 255 255 255 255 255 255 255 255 255 255 255 255 255 255 255 255 255 255 255 255 255 255 255 255 255 255 255 255 255 255 255 255 255 255 
255 255 255 255 255 255 255 255 255 255 255 255 255 255 255 255 255 255 255 255 255 255 255 255 255 255 255 255 255 255 255 255 255 255 255 255 255 255 255 255 255 255 255 255 255 255 255 255 255 255 255 255 255 255 255 255 255 255 255 255 255 255 255 255 255 255 255 255 255 255 255 255 
255 255 255 255 255 255 255 255 255 255 255 255 255 255 255 255 255 255 255 255 255 255 255 255 255 255 255 255 255 255 255 255 255 255 255 255 255 255 255 255 255 255 255 255 255 255 255 255 255 255 255 255 255 255 255 255 255 255 255 255 255 255 255 255 255 255 255 255 255 255 255 255 
255 255 255 255 255 255 255 255 255 255 255 255 255 255 255 255 255 255 255 255 255 255 255 255 255 255 255 255 255 255 255 255 255 255 255 255 255 255 255 255 255 255 255 255 255 255 255 255 255 255 255 255 255 255 255 255 255 255 255 255 255 255 255 255 255 255 255 255 255 255 255 255 
255 255 255 255 255 255 255 255 255 255 255 255 255 255 255 255 255 255 255 255 255 255 255 255 255 255 255 255 255 255 255 255 255 255 255 255 255 255 255 255 255 255 255 255 255 255 255 255 255 255 255 255 255 255 255 255 255 255 255 255 255 255 255 255 255 255 255 255 255 255 255 255 
255 255 255 255 255 255 255 255 255 255 255 255 255 255 255 255 255 255 255 255 255 255 255 255 255 255 255 255 255 255 255 255 255 255 255 255 255 255 255 255 255 255 255 255 255 255 255 255 255 255 255 255 255 255 255 255 255 255 255 255 255 255 255 255 255 255 255 255 255 255 255 255 
255 255 255 255 255 255 255 255 255 255 255 255 255 255 255 255 255 255 255 255 255 255 255 255 255 255 255 255 255 255 255 255 255 255 255 255 255 255 255 255 255 255 255 255 255 255 255 255 255 255 255 255 255 255 255 255 255 255 255 255 255 255 255 255 255 255 255 255 255 255 255 255 
255 255 255 255 255 255 255 255 255 255 255 255 255 255 255 255 255 255 255 255 255 255 255 255 255 255 255 255 255 255 255 255 255 255 255 255 255 255 255 255 255 255 255 255 255 255 255 255 255 255 255 255 255 255 255 255 255 255 255 255 255 255 255 255 255 255 255 255 255 255 255 255 
255 255 255 255 255 255 255 255 255 255 255 255 255 255 255 255 255 255 255 255 255 255 255 255 255 255 255 255 255 255 255 255 255 255 255 255 255 255 216 243 255 255 255 255 255 255 255 255 255 255 255 255 255 255 255 255 255 255 255 255 255 255 255 255 255 255 255 255 255 255 255 255 
255 255 255 255 255 255 255 255 255 255 225 246 255 255 255 255 255 255 255 226 182 215 222 213 250 255 255 255 255 255 255 255 255 255 255 255 255 255 074 001 021 027 047 245 255 255 255 255 255 255 255 255 255 255 255 255 255 226 063 133 200 241 255 255 255 255 255 255 255 255 255 255 
255 255 255 255 255 255 255 255 255 232 030 027 164 255 255 255 255 255 255 184 000 000 000 006 219 255 255 255 234 245 255 255 255 255 255 255 255 255 114 000 000 000 176 255 255 255 255 255 255 255 255 255 255 255 255 255 255 205 000 000 000 000 035 252 255 255 255 255 255 255 255 255 
255 255 255 255 255 255 255 255 246 054 000 000 000 080 233 255 255 255 255 199 000 000 000 098 255 255 255 255 146 002 031 041 048 196 255 255 255 255 141 000 000 000 236 255 255 255 255 255 255 255 255 255 255 255 255 255 255 182 000 000 000 000 185 255 255 255 255 255 255 255 255 255 
255 255 255 255 255 255 255 255 211 039 000 000 000 000 021 178 255 255 255 213 000 000 000 149 255 255 255 255 186 000 000 000 110 255 255 255 255 255 148 000 000 001 255 255 255 255 255 255 255 255 255 255 255 255 255 255 255 134 000 000 000 053 255 255 255 255 255 255 255 255 255 255 
255 255 255 255 255 255 255 255 255 250 125 003 000 000 000 001 148 255 255 228 000 000 000 193 255 255 255 255 215 000 000 000 174 255 255 255 255 255 154 000 000 004 255 255 255 255 255 255 255 255 255 255 255 255 255 255 255 084 000 000 000 154 255 255 255 255 255 255 255 255 255 255 
255 255 255 255 255 255 255 255 255 255 255 194 029 000 000 008 201 255 255 243 000 000 000 202 255 255 255 255 221 000 000 000 195 255 255 255 255 255 160 000 000 004 255 255 255 255 255 255 255 255 255 255 255 255 255 255 255 035 000 000 006 240 255 255 255 255 255 255 255 255 255 255 
255 255 255 255 255 255 255 255 255 255 255 255 238 075 000 166 255 255 255 255 002 000 000 200 255 255 255 255 228 000 000 000 197 255 255 255 255 255 166 000 000 004 255 255 255 255 255 255 255 255 255 255 255 255 255 255 240 001 000 000 079 255 255 255 255 255 255 255 255 255 255 255 
255 255 255 255 255 255 255 255 255 255 255 255 255 252 178 255 255 255 255 255 016 000 000 194 255 255 255 255 234 000 000 000 197 255 255 255 255 255 167 000 000 004 255 255 255 255 255 255 255 255 255 255 255 255 255 255 181 000 000 000 171 255 255 255 255 255 255 255 255 255 255 255 
255 255 255 255 255 255 255 255 255 255 255 255 255 255 255 255 255 255 255 255 031 000 000 188 255 255 255 255 240 000 000 000 197 255 255 255 255 255 167 000 000 004 255 255 255 255 255 255 255 255 255 255 255 255 255 255 098 000 000 000 062 069 070 071 071 072 073 072 050 021 215 255 
255 255 255 255 255 255 255 255 255 255 255 255 255 255 255 255 255 255 255 255 045 000 000 182 255 255 255 255 241 000 000 000 197 255 255 255 255 255 167 000 000 004 255 255 255 255 255 255 255 255 255 255 255 255 255 251 019 000 000 000 000 000 000 000 000 000 000 000 000 000 232 255 
255 255 255 255 255 255 255 255 239 255 255 255 255 255 255 255 255 255 255 255 060 000 000 176 248 203 221 255 241 000 000 000 193 204 149 205 255 255 167 000 000 004 255 255 255 255 255 255 255 255 255 255 255 255 255 178 000 000 000 000 000 000 000 000 000 000 000 000 000 001 249 255 
255 255 255 255 255 255 255 198 011 126 247 255 255 255 255 251 171 188 220 255 075 000 000 160 006 000 119 255 241 000 000 000 143 000 000 124 255 255 167 000 000 004 255 255 255 255 255 255 255 255 255 255 255 255 255 083 000 000 029 147 147 147 147 147 147 147 026 000 000 029 255 255 
255 255 255 255 255 255 244 036 000 000 034 187 255 255 255 236 000 000 098 255 088 000 000 164 040 000 069 255 241 000 000 000 194 013 000 071 255 255 167 000 000 004 255 255 255 255 255 255 255 255 255 255 255 255 237 006 000 000 128 255 255 255 255 255 255 255 022 000 000 066 255 255 
255 255 255 255 255 255 164 001 000 000 000 001 110 247 255 229 000 000 116 255 090 000 000 158 093 000 020 255 241 000 000 000 197 071 000 019 255 255 167 000 000 004 255 255 255 255 255 255 255 255 255 255 255 255 141 000 000 002 225 255 255 255 255 255 255 247 001 000 000 103 255 255 
255 255 255 255 255 255 255 202 040 000 000 000 000 079 255 213 000 000 134 255 092 000 000 152 130 000 000 225 241 000 000 000 197 115 000 000 221 255 167 000 000 004 255 255 255 255 255 255 255 255 255 255 255 243 022 000 000 068 255 255 255 255 255 255 255 211 000 000 000 139 255 255 
255 255 255 255 255 255 255 255 243 091 000 000 005 204 255 169 000 000 152 255 094 000 000 148 161 000 000 175 241 000 000 000 197 152 000 000 168 255 167 000 000 004 255 255 255 255 255 255 255 255 255 255 255 131 000 000 000 179 255 255 255 255 255 255 255 153 000 000 000 176 255 255 
255 255 255 255 255 255 255 255 255 255 146 002 137 255 255 124 000 000 170 255 096 000 000 145 192 000 000 131 241 000 000 000 197 189 000 000 116 255 167 000 000 004 255 255 255 255 255 255 255 255 255 255 238 015 000 000 048 255 255 246 255 255 255 255 255 095 000 000 000 229 255 255 
255 255 255 255 255 255 255 255 255 255 255 189 254 255 255 078 000 000 191 255 098 000 000 142 224 000 000 100 241 000 000 000 197 226 000 000 072 255 167 000 000 004 255 255 255 255 255 255 255 255 255 255 116 000 000 000 170 255 233 046 138 255 255 255 255 037 000 000 034 255 255 255 
255 255 255 255 255 255 255 255 255 255 255 255 255 255 255 033 000 000 227 255 100 000 000 139 251 003 000 069 241 000 000 000 197 254 009 000 028 255 167 000 000 004 255 255 255 255 255 255 255 255 255 189 002 000 000 040 253 226 038 000 001 161 255 255 235 000 000 000 094 255 255 255 
255 255 255 255 255 255 255 255 255 255 255 255 255 255 241 001 000 010 254 255 103 000 000 136 255 030 000 038 241 000 000 000 197 255 044 000 000 240 167 000 000 004 255 255 255 255 255 255 255 255 233 025 000 000 000 160 255 171 006 000 000 004 192 255 175 000 000 000 155 255 255 255 
255 255 255 255 255 255 255 255 255 255 255 255 255 255 171 000 000 046 255 255 103 000 000 134 255 050 000 008 240 000 000 000 197 255 070 000 000 196 167 000 000 004 255 255 255 255 255 255 255 250 060 000 000 000 039 251 255 255 192 007 000 000 031 241 087 000 000 000 216 255 255 255 
255 255 255 255 255 255 255 255 255 255 255 255 255 255 093 000 000 084 255 255 092 000 000 135 255 066 000 000 218 000 000 000 197 255 083 000 000 152 167 000 000 004 255 255 255 255 255 255 255 255 246 125 007 000 192 255 255 255 255 166 001 000 000 085 008 000 000 045 255 255 255 255 
255 255 255 255 255 255 255 255 255 255 252 174 255 255 111 082 072 153 255 255 080 000 000 137 255 081 005 037 202 000 000 000 197 255 096 003 038 154 167 000 000 004 255 255 255 255 255 255 255 255 255 255 207 117 255 255 255 255 255 255 130 000 000 000 000 000 000 141 255 255 255 255 
255 255 255 255 255 255 255 255 255 255 213 014 187 255 255 255 255 255 255 255 061 000 000 154 255 238 252 255 241 000 000 000 197 255 234 249 255 255 167 000 000 004 255 255 255 255 255 255 255 255 255 255 255 255 255 255 255 255 255 255 255 074 000 000 000 000 004 233 255 255 255 255 
255 255 255 255 255 255 255 255 255 255 166 000 005 134 246 255 255 255 255 255 021 000 000 179 255 255 255 255 241 000 000 000 197 255 255 255 255 255 167 000 000 004 255 255 255 255 255 255 255 255 255 255 255 255 255 255 255 255 255 255 255 222 009 000 000 000 077 255 255 255 255 255 
255 255 255 255 255 255 255 255 255 255 118 000 000 006 239 255 255 255 255 237 000 000 000 203 255 255 255 255 241 000 000 000 197 255 255 255 255 255 167 000 000 004 255 255 255 255 255 255 255 255 255 255 255 255 255 255 255 255 255 255 255 221 011 000 000 002 203 255 255 255 255 255 
255 255 255 255 255 255 255 255 255 255 052 000 000 077 255 255 255 255 255 197 000 000 000 228 255 255 255 255 241 000 000 000 197 255 255 255 255 255 167 000 000 004 255 255 255 255 255 255 255 255 255 255 255 255 255 255 255 255 255 255 244 054 000 000 000 109 255 255 255 255 255 255 
255 255 255 255 255 255 255 255 255 232 001 000 000 161 255 255 255 255 255 157 000 000 006 251 255 255 255 255 241 000 000 000 197 255 255 255 255 255 167 000 000 004 255 255 255 255 255 255 255 255 255 255 255 255 255 255 255 255 255 249 070 000 000 000 044 247 255 255 255 255 255 255 
255 255 255 255 255 255 255 255 255 159 000 000 000 228 255 255 255 255 255 107 000 000 061 255 255 255 255 255 239 000 000 000 195 255 255 255 255 255 167 000 000 004 255 255 255 255 255 255 255 255 255 255 255 255 255 255 255 255 249 085 000 000 000 020 219 255 255 255 255 255 255 255 
255 255 255 255 255 255 255 255 255 082 000 000 037 255 255 255 255 255 253 024 000 000 127 255 255 255 255 255 236 000 000 000 190 255 255 255 255 255 167 000 000 004 255 255 255 255 255 255 255 255 255 255 255 255 255 255 255 228 056 000 000 000 008 198 255 255 255 255 255 255 255 255 
255 255 255 255 255 255 255 255 240 007 000 000 101 255 255 255 255 255 189 000 000 000 193 255 255 255 255 255 233 000 000 000 185 255 255 255 255 255 165 000 000 003 255 255 255 255 255 255 255 255 255 255 255 255 255 255 190 022 000 000 000 002 171 255 255 255 255 255 255 255 255 255 
255 255 255 255 255 255 255 255 157 000 000 000 160 255 255 255 255 255 101 000 000 010 249 255 255 255 255 255 227 000 000 000 177 255 255 255 255 255 160 000 000 000 254 255 255 255 255 255 255 255 255 255 255 255 235 101 002 000 000 000 006 170 255 255 255 255 255 255 255 255 255 255 
255 255 255 255 255 255 255 255 064 000 000 000 218 255 255 255 255 244 019 000 000 093 255 255 255 255 255 255 213 000 000 000 162 255 255 255 255 255 155 000 000 000 249 255 255 255 255 255 255 255 255 255 252 145 016 000 000 000 000 012 188 255 255 255 255 255 255 255 255 255 255 255 
255 255 255 255 255 255 255 204 000 000 000 021 255 255 255 255 255 111 000 000 001 211 255 255 255 255 255 255 198 000 000 000 146 255 255 255 255 255 150 000 000 000 243 255 255 255 255 255 255 255 251 162 041 000 000 000 000 000 021 203 255 255 255 255 255 255 255 255 255 255 255 255 
255 255 255 255 255 255 255 082 000 000 000 074 255 255 255 255 198 002 000 000 076 255 255 255 255 255 255 255 183 000 000 000 130 255 255 255 255 255 137 000 000 000 228 255 255 255 255 255 255 255 201 059 000 000 000 000 000 033 217 255 255 255 255 255 255 255 255 255 255 255 255 255 
255 255 255 255 255 255 249 061 000 000 000 124 255 255 255 248 041 000 000 000 197 255 255 255 255 255 255 255 183 040 040 040 138 255 255 255 255 255 124 000 000 000 212 255 255 255 255 255 255 255 255 254 137 004 000 000 088 240 255 255 255 255 255 255 255 255 255 255 255 255 255 255 
255 255 255 255 255 255 255 255 204 059 000 174 255 255 244 072 000 000 000 062 255 255 255 255 255 255 255 255 255 255 255 255 255 255 255 255 255 255 110 000 000 000 196 255 255 255 255 255 255 255 255 255 255 189 018 160 255 255 255 255 255 255 255 255 255 255 255 255 255 255 255 255 
255 255 255 255 255 255 255 255 255 253 135 226 255 255 218 124 019 000 006 212 255 255 255 255 255 255 255 255 255 255 255 255 255 255 255 255 255 255 096 000 000 000 179 255 255 255 255 255 255 255 255 255 255 255 245 255 255 255 255 255 255 255 255 255 255 255 255 255 255 255 255 255 
255 255 255 255 255 255 255 255 255 255 255 255 255 255 255 255 242 107 127 255 255 255 255 255 255 255 255 255 255 255 255 255 255 255 255 255 255 255 251 248 248 248 253 255 255 255 255 255 255 255 255 255 255 255 255 255 255 255 255 255 255 255 255 255 255 255 255 255 255 255 255 255 
255 255 255 255 255 255 255 255 255 255 255 255 255 255 255 255 255 255 252 255 255 255 255 255 255 255 255 255 255 255 255 255 255 255 255 255 255 255 255 255 255 255 255 255 255 255 255 255 255 255 255 255 255 255 255 255 255 255 255 255 255 255 255 255 255 255 255 255 255 255 255 255 
255 255 255 255 255 255 255 255 255 255 255 255 255 255 255 255 255 255 255 255 255 255 255 255 255 255 255 255 255 255 255 255 255 255 255 255 255 255 255 255 255 255 255 255 255 255 255 255 255 255 255 255 255 255 255 255 255 255 255 255 255 255 255 255 255 255 255 255 255 255 255 255 
255 255 255 255 255 255 255 255 255 255 255 255 255 255 255 255 255 255 255 255 255 255 255 255 255 255 255 255 255 255 255 255 255 255 255 255 255 255 255 255 255 255 255 255 255 255 255 255 255 255 255 255 255 255 255 255 255 255 255 255 255 255 255 255 255 255 255 255 255 255 255 255 
255 255 255 255 255 255 255 255 255 255 255 255 255 255 255 255 255 255 255 255 255 255 255 255 255 255 255 255 255 255 255 255 255 255 255 255 255 255 255 255 255 255 255 255 255 255 255 255 255 255 255 255 255 255 255 255 255 255 255 255 255 255 255 255 255 255 255 255 255 255 255 255 
255 255 255 255 255 255 255 255 255 255 255 255 255 255 255 255 255 255 255 255 255 255 255 255 255 255 255 255 255 255 255 255 255 255 255 255 255 255 255 255 255 255 255 255 255 255 255 255 255 255 255 255 255 255 255 255 255 255 255 255 255 255 255 255 255 255 255 255 255 255 255 255 
255 255 255 255 255 255 255 255 255 255 255 255 255 255 255 255 255 255 255 255 255 255 255 255 255 255 255 255 255 255 255 255 255 255 255 255 255 255 255 255 255 255 255 255 255 255 255 255 255 255 255 255 255 255 255 255 255 255 255 255 255 255 255 255 255 255 255 255 255 255 255 255 
255 255 255 255 255 255 255 255 255 255 255 255 255 255 255 255 255 255 255 255 255 255 255 255 255 255 255 255 255 255 255 255 255 255 255 255 255 255 255 255 255 255 255 255 255 255 255 255 255 255 255 255 255 255 255 255 255 255 255 255 255 255 255 255 255 255 255 255 255 255 255 255 
255 255 255 255 255 255 255 255 255 255 255 255 255 255 255 255 255 255 255 255 255 255 255 255 255 255 255 255 255 255 255 255 255 255 255 255 255 255 255 255 255 255 255 255 255 255 255 255 255 255 255 255 255 255 255 255 255 255 255 255 255 255 255 255 255 255 255 255 255 255 255 255 
255 255 255 255 255 255 255 255 255 255 255 255 255 255 255 255 255 255 255 255 255 255 255 255 255 255 255 255 255 255 255 255 255 255 255 255 255 255 255 255 255 255 255 255 255 255 255 255 255 255 255 255 255 255 255 255 255 255 255 255 255 255 255 255 255 255 255 255 255 255 255 255 
255 255 255 255 255 255 255 255 255 255 255 255 255 255 255 255 255 255 255 255 255 255 255 255 255 255 255 255 255 255 255 255 255 255 255 255 255 255 255 255 255 255 255 255 255 255 255 255 255 255 255 255 255 255 255 255 255 255 255 255 255 255 255 255 255 255 255 255 255 255 255 255 
255 255 255 255 255 255 255 255 255 255 255 255 255 255 255 255 255 255 255 255 255 255 255 255 255 255 255 255 255 255 255 255 255 255 255 255 255 255 255 255 255 255 255 255 255 255 255 255 255 255 255 255 255 255 255 255 255 255 255 255 255 255 255 255 255 255 255 255 255 255 255 255 
255 255 255 255 255 255 255 255 255 255 255 255 255 255 255 255 255 255 255 255 255 255 255 255 255 255 255 255 255 255 255 255 255 255 255 255 255 255 255 255 255 255 255 255 255 255 255 255 255 255 255 255 255 255 255 255 255 255 255 255 255 255 255 255 255 255 255 255 255 255 255 255 
255 255 255 255 255 255 255 255 255 255 255 255 255 255 255 255 255 255 255 255 255 255 255 255 255 255 255 255 255 255 255 255 255 255 255 255 255 255 255 255 255 255 255 255 255 255 255 255 255 255 255 255 255 255 255 255 255 255 255 255 255 255 255 255 255 255 255 255 255 255 255 255 
255 255 255 255 255 255 255 255 255 255 255 255 255 255 255 255 255 255 255 255 255 255 255 255 255 255 255 255 255 255 255 255 255 255 255 255 255 255 255 255 255 255 255 255 255 255 255 255 255 255 255 255 255 255 255 255 255 255 255 255 255 255 255 255 255 255 255 255 255 255 255 255 
255 255 255 255 255 255 255 255 255 255 255 255 255 255 255 255 255 255 255 255 255 255 255 255 255 255 255 255 255 255 255 255 255 255 255 255 255 255 255 255 255 255 255 255 255 255 255 255 255 255 255 255 255 255 255 255 255 255 255 255 255 255 255 255 255 255 255 255 255 255 255 255 
255 255 255 255 255 255 255 255 255 255 255 255 255 255 255 255 255 255 255 255 255 255 255 255 255 255 255 255 255 255 255 255 255 255 255 255 255 255 255 255 255 255 255 255 255 255 255 255 255 255 255 255 255 255 255 255 255 255 255 255 255 255 255 255 255 255 255 255 255 255 255 255 
255 255 255 255 255 255 255 255 255 255 255 255 255 255 255 255 255 255 255 255 255 255 255 255 255 255 255 255 255 255 255 255 255 255 255 255 255 255 255 255 255 255 255 255 255 255 255 255 255 255 255 255 255 255 255 255 255 255 255 255 255 255 255 255 255 255 255 255 255 255 255 255 
255 255 255 255 255 255 255 255 255 255 255 255 255 255 255 255 255 255 255 255 255 255 255 255 255 255 255 255 255 255 255 255 255 255 255 255 255 255 255 255 255 255 255 255 255 255 255 255 255 255 255 255 255 255 255 255 255 255 255 255 255 255 255 255 255 255 255 255 255 255 255 255 
255 255 255 255 255 255 255 255 255 255 255 255 255 255 255 255 255 255 255 255 255 255 255 255 255 255 255 255 255 255 255 255 255 255 255 255 255 255 255 255 255 255 255 255 255 255 255 255 255 255 255 255 255 255 255 255 255 255 255 255 255 255 255 255 255 255 255 255 255 255 255 255 
255 255 255 255 255 255 255 255 255 255 255 255 255 255 255 255 255 255 255 255 255 255 255 255 255 255 255 255 255 255 255 255 255 255 255 255 255 255 255 255 255 255 255 255 255 255 255 255 255 255 255 255 255 255 255 255 255 255 255 255 255 255 255 255 255 255 255 255 255 255 255 255 
255 255 255 255 255 255 255 255 255 255 255 255 255 255 255 255 255 255 255 255 255 255 255 255 255 255 255 255 255 255 255 255 255 255 255 255 255 255 255 255 255 255 255 255 255 255 255 255 255 255 255 255 255 255 255 255 255 255 255 255 255 255 255 255 255 255 255 255 255 255 255 255 
255 255 255 255 255 255 255 255 255 255 255 255 255 255 255 255 255 255 255 255 255 255 255 255 255 255 255 255 255 255 255 255 255 255 255 255 255 255 255 255 255 255 255 255 255 255 255 255 255 255 255 255 255 255 255 255 255 255 255 255 255 255 255 255 255 255 255 255 255 255 255 255 
