255 255 255 255 255 255 255 255 255 255 255 255 255 255 255 255 255 255 255 255 255 255 255 255 255 255 255 255 255 255 255 255 255 255 255 255 255 255 255 255 255 255 255 255 255 255 255 255 255 255 255 255 255 255 255 255 255 255 255 255 255 255 255 255 255 255 255 255 255 255 255 255 
255 255 255 255 255 255 255 255 255 255 255 255 255 255 255 255 255 255 255 255 255 255 255 255 255 255 255 255 255 255 255 255 255 255 255 255 255 255 255 255 255 255 255 255 255 255 255 255 255 255 255 255 255 255 255 255 255 255 255 255 255 255 255 255 255 255 255 255 255 255 255 255 
255 255 255 255 255 255 255 255 255 255 255 255 255 255 255 255 255 255 255 255 255 255 255 255 255 255 255 255 255 255 255 255 255 255 255 255 255 255 255 255 255 255 255 255 255 255 255 255 255 255 255 255 255 255 255 255 255 255 255 255 255 255 255 255 255 255 255 255 255 255 255 255 
255 255 255 255 255 255 255 255 255 255 255 255 255 255 255 255 255 255 255 255 255 255 255 255 255 255 255 255 255 255 255 255 255 255 255 255 255 255 255 255 255 255 255 255 255 255 255 255 255 255 255 255 255 255 255 255 255 255 255 255 255 255 255 255 255 255 255 255 255 255 255 255 
255 255 255 255 255 255 255 255 255 255 255 255 255 255 255 255 255 255 255 255 255 255 255 255 255 255 255 255 255 255 255 255 255 255 255 255 255 255 255 255 255 255 255 255 255 255 255 255 255 255 255 255 255 255 255 255 255 255 255 255 255 255 255 255 255 255 255 255 255 255 255 255 
255 255 255 255 255 255 255 255 255 255 255 255 255 255 255 255 255 255 255 255 255 255 255 255 255 255 255 255 255 255 255 255 255 255 255 255 255 255 255 255 255 255 255 255 255 255 255 255 255 255 255 255 255 255 255 255 255 255 255 255 255 255 255 255 255 255 255 255 255 255 255 255 
255 255 255 255 255 255 255 255 255 255 255 255 250 255 255 255 255 255 255 255 255 255 255 255 255 204 083 107 115 117 182 255 255 255 255 255 255 255 255 255 255 255 255 255 255 255 255 255 255 255 255 255 255 255 245 105 224 255 255 255 255 255 255 255 255 255 255 255 255 236 162 192 
255 255 255 255 255 255 255 255 255 255 255 217 034 188 255 255 255 255 255 255 255 255 255 255 255 212 000 000 000 021 232 255 255 255 255 255 255 255 255 255 255 255 255 255 255 255 255 255 255 255 255 255 255 255 200 000 002 068 162 226 255 255 255 255 255 255 255 255 255 245 004 000 
255 255 255 255 255 255 255 255 255 255 255 085 000 001 087 206 255 255 255 255 255 255 255 255 255 239 000 000 000 079 255 255 255 255 255 255 255 255 255 255 255 255 255 255 255 255 255 255 255 255 255 255 255 255 139 000 000 000 000 012 221 255 255 255 255 255 255 255 255 255 037 000 
255 255 255 255 255 255 255 255 255 255 164 000 000 000 000 003 172 255 255 255 255 255 255 255 255 246 000 000 000 086 255 255 255 255 255 255 255 255 255 255 255 255 255 255 255 255 255 255 255 255 255 255 255 255 057 000 000 000 006 195 255 255 255 255 255 255 255 255 255 255 046 000 
255 255 255 255 255 255 255 255 255 214 011 000 000 000 031 217 255 255 255 255 255 255 255 255 255 251 000 000 000 086 255 255 255 255 255 255 255 255 255 255 255 255 255 255 255 255 255 255 255 255 255 255 255 230 001 000 000 000 121 255 255 255 255 255 255 255 255 255 255 255 055 000 
255 255 255 255 255 255 255 255 244 043 000 000 000 037 226 255 255 255 255 255 255 255 255 255 255 255 001 000 000 086 255 255 255 255 255 255 255 255 255 255 255 255 255 255 255 255 255 255 255 255 255 255 255 150 000 000 000 018 240 255 255 197 210 227 228 232 254 255 255 255 063 000 
255 255 255 255 255 255 255 254 083 000 000 000 028 225 255 255 255 172 069 089 110 125 130 136 142 148 003 000 000 051 147 142 137 132 126 117 098 078 063 255 255 255 255 255 255 255 255 255 255 255 255 255 255 062 000 000 000 139 255 255 255 037 000 000 000 026 231 255 255 255 065 000 
255 255 255 255 255 255 255 105 000 000 000 019 214 255 255 255 255 149 000 000 000 000 000 000 000 000 000 000 000 000 000 000 000 000 000 000 000 000 004 255 255 255 255 255 255 255 255 255 255 255 255 255 214 000 000 000 028 247 255 255 255 063 000 000 004 221 255 255 255 255 065 000 
255 255 255 255 255 255 111 000 000 000 014 202 255 255 255 255 255 149 000 000 000 000 000 000 000 000 000 000 000 000 000 000 000 000 000 000 000 000 004 255 255 255 255 255 255 255 255 255 255 255 255 255 109 000 000 000 154 255 255 255 255 088 000 000 040 255 255 255 255 255 065 000 
255 255 255 255 255 117 000 000 000 010 195 255 255 255 255 255 255 149 000 000 000 002 011 020 029 038 001 000 000 014 039 034 029 024 018 008 000 000 004 255 255 255 255 255 255 255 255 255 255 255 255 237 011 000 000 034 251 255 255 255 255 097 000 000 042 255 255 255 255 255 065 000 
255 255 255 247 098 000 000 000 007 186 255 255 238 229 255 255 255 220 188 213 239 255 255 255 255 255 007 000 000 086 255 255 255 255 255 255 246 226 208 255 255 255 255 255 255 255 255 255 255 255 255 132 000 000 000 129 255 255 255 255 255 101 000 000 042 255 255 255 255 255 065 000 
255 255 255 141 000 000 000 007 182 255 255 255 109 041 234 255 255 255 255 255 255 255 255 255 255 255 007 000 000 086 255 255 255 255 255 255 255 255 255 255 255 255 255 255 255 255 255 255 255 255 241 023 000 000 000 135 255 255 255 255 255 104 000 000 042 255 255 255 255 255 065 000 
255 255 255 255 112 000 008 185 255 255 255 212 004 000 036 197 255 255 255 255 255 255 255 255 255 255 007 000 000 086 255 255 255 255 255 255 255 255 255 255 255 255 255 255 255 255 255 255 255 255 107 000 000 000 000 135 255 255 255 255 255 107 000 000 042 255 255 255 255 252 056 000 
255 255 255 255 253 071 188 255 255 255 253 060 000 000 000 023 242 255 255 255 255 255 255 255 255 255 007 000 000 086 255 255 255 255 255 255 255 255 255 255 255 255 255 255 255 255 255 255 255 201 002 000 000 000 000 135 255 255 255 255 255 111 000 000 042 255 254 196 106 021 000 000 
255 255 255 255 255 252 255 255 255 255 134 000 000 000 059 222 164 181 198 216 228 233 237 242 247 251 007 000 000 086 252 249 247 245 243 240 238 230 213 196 179 162 252 255 255 255 255 255 251 047 000 000 000 000 000 135 255 255 255 255 255 114 000 000 026 108 026 000 000 000 000 000 
255 255 255 255 255 255 255 255 255 205 005 000 000 033 236 225 000 000 000 000 000 000 000 000 000 000 000 000 000 000 000 000 000 000 000 000 000 000 000 000 000 000 245 255 255 255 255 255 139 000 000 000 000 000 000 135 255 255 255 255 244 089 000 000 000 000 000 000 000 000 000 000 
255 255 255 255 255 255 255 255 246 041 000 000 011 210 255 225 000 000 000 000 000 000 000 000 000 000 000 000 000 000 000 000 000 000 000 000 000 000 000 000 000 000 245 255 255 255 255 225 011 000 000 002 006 000 000 135 255 215 149 072 007 000 000 000 000 000 000 004 070 156 054 000 
255 255 255 255 255 255 255 255 101 000 000 001 173 255 255 225 000 000 000 000 000 000 000 000 000 000 000 000 000 000 000 000 000 000 000 000 000 000 000 000 000 000 245 255 255 255 251 064 000 000 000 096 025 000 000 135 054 000 000 000 000 000 000 000 002 066 153 235 255 255 065 000 
255 255 255 255 255 255 255 166 000 000 000 064 255 255 255 232 062 080 098 116 134 152 164 166 168 171 173 175 178 180 182 108 000 000 000 126 164 157 149 135 115 095 249 255 255 255 106 000 000 000 011 230 025 000 000 135 112 000 000 000 000 000 000 000 042 255 255 255 255 255 065 000 
255 255 255 255 255 255 192 007 000 000 000 069 255 255 255 255 255 255 255 255 255 255 255 255 255 255 255 255 255 255 255 149 000 000 000 188 255 255 255 255 255 255 255 255 255 250 075 000 000 000 133 255 025 000 000 135 190 000 000 041 136 095 000 000 042 255 255 255 255 255 065 000 
255 255 255 255 255 210 015 000 000 000 000 069 255 255 255 255 255 255 255 255 255 255 255 255 255 255 255 255 255 255 255 149 000 000 000 188 255 255 255 255 255 255 255 255 255 255 250 066 000 045 250 255 025 000 000 135 251 084 197 255 255 118 000 000 042 255 255 255 255 255 065 000 
255 255 255 255 225 026 000 000 000 000 000 069 255 255 255 255 255 255 255 255 255 255 255 255 255 255 255 255 255 255 255 149 000 000 000 188 255 255 255 255 255 255 255 255 255 255 255 239 032 200 255 255 025 000 000 135 255 255 255 255 255 118 000 000 042 255 255 255 255 255 065 000 
255 255 255 228 040 000 000 000 001 000 000 069 255 255 255 175 143 185 203 209 215 221 222 222 222 222 222 222 222 222 222 130 000 000 000 162 215 209 203 181 134 217 255 255 255 255 255 255 230 255 255 255 025 000 000 135 255 255 255 255 255 118 000 000 042 255 255 255 255 255 065 000 
255 255 196 023 000 000 000 115 023 000 000 069 255 255 255 113 000 000 000 000 000 000 000 000 000 000 000 000 000 000 000 000 000 000 000 000 000 000 000 000 000 190 255 255 255 255 255 255 255 255 255 255 025 000 000 135 255 255 255 255 255 118 000 000 042 255 255 255 255 255 065 000 
255 255 093 000 000 000 083 254 023 000 000 069 255 255 255 113 000 000 000 000 000 000 000 000 000 000 000 000 000 000 000 000 000 000 000 000 000 000 000 000 000 190 255 255 255 255 255 255 255 255 255 255 025 000 000 135 255 255 255 255 255 118 000 000 042 255 255 255 255 255 065 000 
255 255 247 039 000 057 246 255 023 000 000 069 255 255 255 113 000 000 000 000 000 000 000 000 000 000 000 000 000 000 000 000 000 000 000 000 000 000 000 000 000 190 255 255 255 255 255 255 255 255 255 255 025 000 000 135 255 255 255 255 255 118 000 000 042 255 255 255 255 255 065 000 
255 255 255 190 049 239 255 255 023 000 000 069 255 255 255 194 163 187 196 199 202 205 205 205 205 205 205 205 205 205 205 120 000 000 000 150 200 196 191 176 148 224 255 255 255 255 255 255 255 255 255 255 025 000 000 135 255 255 255 255 255 118 000 000 042 255 255 255 255 255 061 000 
255 255 255 255 240 255 255 255 023 000 000 069 255 255 255 255 255 255 255 255 255 255 244 255 255 255 255 255 255 255 255 149 000 000 000 188 255 255 255 255 255 255 255 255 255 255 255 255 255 255 255 255 025 000 000 135 255 255 255 255 255 118 000 000 042 255 255 255 255 255 055 000 
255 255 255 255 255 255 255 255 023 000 000 069 255 255 255 255 255 255 255 183 112 050 003 218 255 255 255 255 255 255 255 149 000 000 000 188 255 255 255 255 255 255 255 255 255 255 255 255 255 255 255 255 025 000 000 135 255 255 255 255 255 118 000 000 042 255 255 255 255 255 048 000 
255 255 255 255 255 255 255 255 023 000 000 069 255 255 255 255 255 255 255 104 000 000 000 130 255 255 255 255 255 255 255 149 000 000 000 188 255 255 255 255 255 255 255 255 255 255 255 255 255 255 255 255 025 000 000 135 255 255 255 255 255 118 000 000 042 255 255 255 255 255 029 000 
255 255 255 255 255 255 255 255 023 000 000 069 255 255 255 255 255 255 255 196 000 000 000 042 255 255 255 255 255 255 255 149 000 000 000 188 255 255 255 255 255 255 255 255 255 255 255 255 255 255 255 255 024 000 000 135 255 255 255 255 255 118 000 000 042 255 255 255 255 255 008 000 
255 255 255 255 255 255 255 255 023 000 000 069 255 255 255 255 255 255 255 250 012 000 000 000 221 255 255 255 255 255 255 149 000 000 000 188 255 255 255 255 255 255 255 255 255 255 255 255 255 255 255 255 019 000 000 135 255 255 255 255 255 118 000 000 042 255 255 255 255 243 000 000 
255 255 255 255 255 255 255 255 023 000 000 069 255 255 255 255 255 255 255 255 073 000 000 000 149 255 255 255 255 255 255 149 000 000 000 188 255 255 255 255 255 255 255 255 255 255 255 255 255 255 255 255 014 000 000 135 255 255 255 255 255 118 000 000 041 255 255 255 255 254 239 239 
255 255 255 255 255 255 255 255 023 000 000 069 255 255 255 255 255 255 255 255 138 000 000 000 078 255 255 255 255 255 255 149 000 000 000 188 255 255 255 255 255 255 255 255 255 255 255 255 255 255 255 255 008 000 000 135 255 255 255 255 255 118 000 000 009 247 255 255 255 255 255 255 
255 255 255 255 255 255 255 255 021 000 000 069 255 255 255 255 255 255 255 255 183 000 007 064 141 255 255 255 255 255 255 149 000 000 000 188 255 255 255 255 255 255 255 255 255 255 255 255 255 255 255 255 003 000 000 135 255 255 255 255 255 120 000 000 000 069 210 254 255 255 255 255 
255 255 255 255 255 255 255 255 020 000 000 069 255 255 255 255 255 255 255 255 238 187 246 255 255 255 255 255 255 255 255 121 000 000 000 188 255 255 255 255 255 255 255 255 255 255 255 255 255 255 255 253 000 000 000 135 255 255 255 255 255 147 000 000 000 000 000 006 034 053 068 083 
255 255 255 255 255 255 255 255 019 000 000 069 255 255 255 255 255 255 255 255 255 255 255 255 255 255 210 215 215 210 149 017 000 000 000 190 255 255 255 255 255 255 255 255 255 255 255 255 255 255 255 235 000 000 000 135 255 255 255 255 255 208 000 000 000 000 000 000 000 000 000 000 
255 255 255 255 255 255 255 252 004 000 000 069 255 255 255 255 255 255 255 255 255 255 255 255 255 255 162 000 000 000 000 000 000 000 000 209 255 255 255 255 255 255 255 255 255 255 255 255 255 255 255 215 000 000 000 135 255 255 255 255 255 255 163 013 000 000 000 000 000 000 000 000 
255 255 255 255 255 255 255 226 000 000 000 069 255 255 255 255 255 255 255 255 255 255 255 255 255 255 255 043 000 000 000 000 000 000 021 254 255 255 255 255 255 255 255 255 255 255 255 255 255 255 255 194 000 000 000 135 255 255 255 255 255 255 255 253 211 160 141 130 125 121 116 112 
255 255 255 255 255 255 255 196 000 000 000 069 255 255 255 255 255 255 255 255 255 255 255 255 255 255 255 150 000 000 000 000 000 038 201 255 255 255 255 255 255 255 255 255 255 255 255 255 255 255 255 173 000 000 000 135 255 255 255 255 255 255 255 255 255 255 255 255 255 255 255 255 
255 255 255 255 255 255 255 218 137 137 137 170 255 255 255 255 255 255 255 255 255 255 255 255 255 255 255 217 031 061 098 151 206 251 255 255 255 255 255 255 255 255 255 255 255 255 255 255 255 255 255 233 193 193 193 226 255 255 255 255 255 255 255 255 255 255 255 255 255 255 255 255 
255 255 255 255 255 255 255 255 255 255 255 255 255 255 255 255 255 255 255 255 255 255 255 255 255 255 255 255 255 255 255 255 255 255 255 255 255 255 255 255 255 255 255 255 255 255 255 255 255 255 255 255 255 255 255 255 255 255 255 255 255 255 255 255 255 255 255 255 255 255 255 255 
255 255 255 255 255 255 255 255 255 255 255 255 255 255 255 255 255 255 255 255 255 255 255 255 255 255 255 255 255 255 255 255 255 255 255 255 255 255 255 255 255 255 255 255 255 255 255 255 255 255 255 255 255 255 255 255 255 255 255 255 255 255 255 255 255 255 255 255 255 255 255 255 
255 255 255 255 255 255 255 255 255 255 255 255 255 255 255 255 255 255 255 255 255 255 255 255 255 255 255 255 255 255 255 255 255 255 255 255 255 255 255 255 255 255 255 255 255 255 255 255 255 255 255 255 255 255 255 255 255 255 255 255 255 255 255 255 255 255 255 255 255 255 255 255 
255 255 255 255 255 255 255 255 255 255 255 255 255 255 255 255 255 255 255 255 255 255 255 255 255 255 255 255 255 255 255 255 255 255 255 255 255 255 255 255 255 255 255 255 255 255 255 255 255 255 255 255 255 255 255 255 255 255 255 255 255 255 255 255 255 255 255 255 255 255 255 255 
255 255 255 255 255 255 255 255 255 255 255 255 255 255 255 255 255 255 255 255 255 255 255 255 255 255 255 255 255 255 255 255 255 255 255 255 255 255 255 255 255 255 255 255 255 255 255 255 255 255 255 255 255 255 255 255 255 255 255 255 255 255 255 255 255 255 255 255 255 255 255 255 
255 255 255 255 255 255 255 255 255 255 255 255 255 255 255 255 255 255 255 255 255 255 255 255 255 255 255 255 255 255 255 255 255 255 255 255 255 255 255 255 255 255 255 255 255 255 255 255 255 255 255 255 255 255 255 255 255 255 255 255 255 255 255 255 255 255 255 255 255 255 255 255 
255 255 255 255 255 255 255 255 255 255 255 255 255 255 255 255 255 255 255 255 255 255 255 255 255 255 255 255 255 255 255 255 255 255 255 255 255 255 255 255 255 255 255 255 255 255 255 255 255 255 255 255 255 255 255 255 255 255 255 255 255 255 255 255 255 255 255 255 255 255 255 255 
255 255 255 255 255 255 255 255 255 255 255 255 255 255 255 255 255 255 255 255 255 255 255 255 255 255 255 255 255 255 255 255 255 255 255 255 255 255 255 255 255 255 255 255 255 255 255 255 255 255 255 255 255 255 255 255 255 255 255 255 255 255 255 255 255 255 255 255 255 255 255 255 
255 255 255 255 255 255 255 255 255 255 255 255 255 255 255 255 255 255 255 255 255 255 255 255 255 255 255 255 255 255 255 255 255 255 255 255 255 255 255 255 255 255 255 255 255 255 255 255 255 255 255 255 255 255 255 255 255 255 255 255 255 255 255 255 255 255 255 255 255 255 255 255 
255 255 255 255 255 255 255 255 255 255 255 255 255 255 255 255 255 255 255 255 255 255 255 255 255 255 255 255 255 255 255 255 255 255 255 255 255 255 255 255 255 255 255 255 255 255 255 255 255 255 255 255 255 255 255 255 255 255 255 255 255 255 255 255 255 255 255 255 255 255 255 255 
255 255 255 255 255 255 255 255 255 255 255 255 255 255 255 255 255 255 255 255 255 255 255 255 255 255 255 255 255 255 255 255 255 255 255 255 255 255 255 255 255 255 255 255 255 255 255 255 255 255 255 255 255 255 255 255 255 255 255 255 255 255 255 255 255 255 255 255 255 255 255 255 
255 255 255 255 255 255 255 255 255 255 255 255 255 255 255 255 255 255 255 255 255 255 255 255 255 255 255 255 255 255 255 255 255 255 255 255 255 255 255 255 255 255 255 255 255 255 255 255 255 255 255 255 255 255 255 255 255 255 255 255 255 255 255 255 255 255 255 255 255 255 255 255 
255 255 255 255 255 255 255 255 255 255 255 255 255 255 255 255 255 255 255 255 255 255 255 255 255 255 255 255 255 255 255 255 255 255 255 255 255 255 255 255 255 255 255 255 255 255 255 255 255 255 255 255 255 255 255 255 255 255 255 255 255 255 255 255 255 255 255 255 255 255 255 255 
255 255 255 255 255 255 255 255 255 255 255 255 255 255 255 255 255 255 255 255 255 255 255 255 255 255 255 255 255 255 255 255 255 255 255 255 255 255 255 255 255 255 255 255 255 255 255 255 255 255 255 255 255 255 255 255 255 255 255 255 255 255 255 255 255 255 255 255 255 255 255 255 
255 255 255 255 255 255 255 255 255 255 255 255 255 255 255 255 255 255 255 255 255 255 255 255 255 255 255 255 255 255 255 255 255 255 255 255 255 255 255 255 255 255 255 255 255 255 255 255 255 255 255 255 255 255 255 255 255 255 255 255 255 255 255 255 255 255 255 255 255 255 255 255 
255 255 255 255 255 255 255 255 255 255 255 255 255 255 255 255 255 255 255 255 255 255 255 255 255 255 255 255 255 255 255 255 255 255 255 255 255 255 255 255 255 255 255 255 255 255 255 255 255 255 255 255 255 255 255 255 255 255 255 255 255 255 255 255 255 255 255 255 255 255 255 255 
255 255 255 255 255 255 255 255 255 255 255 255 255 255 255 255 255 255 255 255 255 255 255 255 255 255 255 255 255 255 255 255 255 255 255 255 255 255 255 255 255 255 255 255 255 255 255 255 255 255 255 255 255 255 255 255 255 255 255 255 255 255 255 255 255 255 255 255 255 255 255 255 
255 255 255 255 255 255 255 255 255 255 255 255 255 255 255 255 255 255 255 255 255 255 255 255 255 255 255 255 255 255 255 255 255 255 255 255 255 255 255 255 255 255 255 255 255 255 255 255 255 255 255 255 255 255 255 255 255 255 255 255 255 255 255 255 255 255 255 255 255 255 255 255 
255 255 255 255 255 255 255 255 255 255 255 255 255 255 255 255 255 255 255 255 255 255 255 255 255 255 255 255 255 255 255 255 255 255 255 255 255 255 255 255 255 255 255 255 255 255 255 255 255 255 255 255 255 255 255 255 255 255 255 255 255 255 255 255 255 255 255 255 255 255 255 255 
255 255 255 255 255 255 255 255 255 255 255 255 255 255 255 255 255 255 255 255 255 255 255 255 255 255 255 255 255 255 255 255 255 255 255 255 255 255 255 255 255 255 255 255 255 255 255 255 255 255 255 255 255 255 255 255 255 255 255 255 255 255 255 255 255 255 255 255 255 255 255 255 
255 255 255 255 255 255 255 255 255 255 255 255 255 255 255 255 255 255 255 255 255 255 255 255 255 255 255 255 255 255 255 255 255 255 255 255 255 255 255 255 255 255 255 255 255 255 255 255 255 255 255 255 255 255 255 255 255 255 255 255 255 255 255 255 255 255 255 255 255 255 255 255 
255 255 255 255 255 255 255 255 255 255 255 255 255 255 255 255 255 255 255 255 255 255 255 255 255 255 255 255 255 255 255 255 255 255 255 255 255 255 255 255 255 255 255 255 255 255 255 255 255 255 255 255 255 255 255 255 255 255 255 255 255 255 255 255 255 255 255 255 255 255 255 255 
255 255 255 255 255 255 255 255 255 255 255 255 255 255 255 255 255 255 255 255 255 255 255 255 255 255 255 255 255 255 255 255 255 255 255 255 255 255 255 255 255 255 255 255 255 255 255 255 255 255 255 255 255 255 255 255 255 255 255 255 255 255 255 255 255 255 255 255 255 255 255 255 
255 255 255 255 255 255 255 255 255 255 255 255 255 255 255 255 255 255 255 255 255 255 255 255 255 255 255 255 255 255 255 255 255 255 255 255 255 255 255 255 255 255 255 255 255 255 255 255 255 255 255 255 255 255 255 255 255 255 255 255 255 255 255 255 255 255 255 255 255 255 255 255 
255 255 255 255 255 255 255 255 255 255 255 255 255 255 255 255 255 255 255 255 255 255 255 255 255 255 255 255 255 255 255 255 255 255 255 255 255 255 255 255 255 255 255 255 255 255 255 255 255 255 255 255 255 255 255 255 255 255 255 255 255 255 255 255 255 255 255 255 255 255 255 255 
255 255 255 255 255 255 255 255 255 255 255 255 255 255 255 255 255 255 255 255 255 255 255 255 255 255 255 255 255 255 255 255 255 255 255 255 255 255 255 255 255 255 255 255 255 255 255 255 255 255 255 255 255 255 255 255 255 255 255 255 255 255 255 255 255 255 255 255 255 255 255 255 
255 255 255 255 255 255 255 255 255 255 255 255 255 255 255 255 255 255 255 255 255 255 255 255 255 255 255 255 255 255 255 255 255 255 255 255 255 255 255 255 255 255 255 255 255 255 255 255 255 255 255 255 255 255 255 255 255 255 255 255 255 255 255 255 255 255 255 255 255 255 255 255 
255 255 255 255 255 255 255 255 255 255 255 255 255 255 255 255 255 255 255 255 255 255 255 255 255 255 255 255 255 255 255 255 255 255 255 255 255 255 255 255 255 255 255 255 255 255 255 255 255 255 255 255 255 255 255 255 255 255 255 255 255 255 255 255 255 255 255 255 255 255 255 255 
255 255 255 255 255 255 255 255 255 255 255 255 255 255 255 255 255 255 255 255 255 255 255 255 255 255 255 255 255 255 255 255 255 255 255 255 255 255 255 255 255 255 255 255 255 255 255 255 255 255 255 255 255 255 255 255 255 255 255 255 255 255 255 255 255 255 255 255 255 255 255 255 
255 255 255 255 255 255 255 255 255 255 255 255 255 255 255 255 255 255 255 255 255 255 255 255 255 255 255 255 255 255 255 255 255 255 255 255 255 255 255 255 255 255 255 255 255 255 255 255 255 255 255 255 255 255 255 255 255 255 255 255 255 255 255 255 255 255 255 255 255 255 255 255 
255 255 255 255 255 255 255 255 255 255 255 255 255 255 255 255 255 255 255 255 255 255 255 255 255 255 255 255 255 255 255 255 255 255 255 255 255 255 255 255 255 255 255 255 255 255 255 255 255 255 255 255 255 255 255 255 255 255 255 255 255 255 255 255 255 255 255 255 255 255 255 255 
255 255 255 255 255 255 255 255 255 255 255 255 255 255 255 255 255 255 255 255 255 255 255 255 255 255 255 255 255 255 255 255 255 255 255 255 255 255 255 255 255 255 255 255 255 255 255 255 255 255 255 255 255 255 255 255 255 255 255 255 255 255 255 255 255 255 255 255 255 255 255 255 
255 255 255 255 255 255 255 255 255 255 255 255 255 255 255 255 255 255 255 255 255 255 255 255 255 255 255 255 255 255 255 255 255 255 255 255 255 255 255 255 255 255 255 255 255 255 255 255 255 255 255 255 255 255 255 255 255 255 255 255 255 255 255 255 255 255 255 255 255 255 255 255 
255 255 255 255 255 255 255 255 255 255 255 255 255 255 255 255 255 255 255 255 255 255 255 255 255 255 255 255 255 255 255 255 255 255 255 255 255 255 255 255 255 255 255 255 255 255 255 255 255 255 255 255 255 255 255 255 255 255 255 255 255 255 255 255 255 255 255 255 255 255 255 255 
255 255 255 255 255 255 255 255 255 255 255 255 255 255 255 255 255 255 255 255 255 255 255 255 255 255 255 255 255 255 255 255 255 255 255 255 255 255 255 255 255 255 255 255 255 255 255 255 255 255 255 255 255 255 255 255 255 255 255 255 255 255 255 255 255 255 255 255 255 255 255 255 
255 255 255 255 255 255 255 255 255 255 255 255 255 255 255 255 255 255 255 255 255 255 255 255 255 255 255 255 255 255 255 255 255 255 255 255 255 255 255 255 255 255 255 255 255 255 255 255 255 255 255 255 255 255 255 255 255 255 255 255 255 255 255 255 255 255 255 255 255 255 255 255 
255 255 255 255 255 255 255 255 255 255 255 255 255 255 255 255 255 255 255 255 255 255 255 255 255 255 255 255 255 255 255 255 255 255 255 255 255 255 255 255 255 255 255 255 255 255 255 255 255 255 255 255 255 255 255 255 255 255 255 255 255 255 255 255 255 255 255 255 255 255 255 255 
255 255 255 255 255 255 255 255 255 255 255 255 255 255 255 255 255 255 255 255 255 255 255 255 255 255 255 255 255 255 255 255 255 255 255 255 255 255 255 255 255 255 255 255 255 255 255 255 255 255 255 255 255 255 255 255 255 255 255 255 255 255 255 255 255 255 255 255 255 255 255 255 
255 255 255 255 255 255 255 255 255 255 255 255 255 255 255 255 255 255 255 255 255 255 255 255 255 255 255 255 255 255 255 255 255 255 255 255 255 255 255 255 255 255 255 255 255 255 255 255 255 255 255 255 255 255 255 255 255 255 255 255 255 255 255 255 255 255 255 255 255 255 255 255 
255 255 255 255 255 255 255 255 255 255 255 255 255 255 255 255 255 255 255 255 255 255 255 255 255 255 255 255 255 255 255 255 255 255 255 255 255 255 255 255 255 255 255 255 255 255 255 255 255 255 255 255 255 255 255 255 255 255 255 255 255 255 255 255 255 255 255 255 255 255 255 255 
255 255 255 255 255 255 255 255 255 255 255 255 255 255 255 255 255 255 255 255 255 255 255 255 255 255 255 255 255 255 255 255 255 255 255 255 255 255 255 255 255 255 255 255 255 255 255 255 255 255 255 255 255 255 255 255 255 255 255 255 255 255 255 255 255 255 255 255 255 255 255 255 
255 255 255 255 255 255 255 255 255 255 255 255 255 255 255 255 255 255 255 255 255 255 255 255 255 255 255 255 255 255 255 255 255 255 255 255 255 255 255 255 255 255 255 255 255 255 255 255 255 255 255 255 255 255 255 255 255 255 255 255 255 255 255 255 255 255 255 255 255 255 255 255 
255 255 255 255 255 255 255 255 255 255 255 255 255 255 255 255 255 255 255 255 255 255 255 255 255 255 255 255 255 255 255 255 255 255 255 255 255 255 255 255 255 255 255 255 255 255 255 255 255 255 255 255 255 255 255 255 255 255 255 255 255 255 255 255 255 255 255 255 255 255 255 255 
255 255 255 255 255 255 255 255 255 255 255 255 255 255 255 255 255 255 255 255 255 255 255 255 255 255 255 255 255 255 255 255 255 255 255 255 255 255 255 255 255 255 255 255 255 255 255 255 255 255 255 255 255 255 255 255 255 255 255 255 255 255 255 255 255 255 255 255 255 255 255 255 
255 255 255 255 255 255 255 255 255 255 255 255 255 255 255 255 255 255 255 255 255 255 255 255 255 255 255 255 255 255 255 255 255 255 255 255 255 255 255 255 255 255 255 255 255 255 255 255 255 255 255 255 255 255 255 255 255 255 255 255 255 255 255 255 255 255 255 255 255 255 255 255 
255 255 255 255 255 255 255 255 255 255 255 255 255 255 255 255 255 255 255 255 255 255 255 255 255 255 255 255 255 255 255 255 255 255 255 255 255 255 255 255 255 255 255 255 255 255 255 255 255 255 255 255 255 255 255 255 255 255 255 255 255 255 255 255 255 255 255 255 255 255 255 255 
255 255 255 255 255 255 255 255 255 255 255 255 255 255 255 255 255 255 255 255 255 255 255 255 255 255 255 255 255 255 255 255 255 255 255 255 255 255 255 255 255 255 255 255 255 255 255 255 255 255 255 255 255 255 255 255 255 255 255 255 255 255 255 255 255 255 255 255 255 255 255 255 
255 255 255 255 255 255 255 255 255 255 255 255 255 255 255 255 255 255 255 255 255 255 255 255 255 255 255 255 255 255 255 255 255 255 255 255 255 255 255 255 255 255 255 255 255 255 255 255 255 255 255 255 255 255 255 255 255 255 255 255 255 255 255 255 255 255 255 255 255 255 255 255 
255 255 255 255 255 255 255 255 255 255 255 255 255 255 255 255 255 255 255 255 255 255 255 255 255 255 255 255 255 255 255 255 255 255 255 255 255 255 255 255 255 255 255 255 255 255 255 255 255 255 255 255 255 255 255 255 255 255 255 255 255 255 255 255 255 255 255 255 255 255 255 255 
255 255 255 255 255 255 255 255 255 255 255 255 255 255 255 255 255 255 255 255 255 255 255 255 255 255 255 255 255 255 255 255 255 255 255 255 255 255 255 255 255 255 255 255 255 255 255 255 255 255 255 255 255 255 255 255 255 255 255 255 255 255 255 255 255 255 255 255 255 255 255 255 
255 255 255 255 255 255 255 255 255 255 255 255 255 255 255 255 255 255 255 255 255 255 255 255 255 255 255 255 255 255 255 255 255 255 255 255 255 255 255 255 255 255 255 255 255 255 255 255 255 255 255 255 255 255 255 255 255 255 255 255 255 255 255 255 255 255 255 255 255 255 255 255 
255 255 255 255 255 255 255 255 255 255 255 255 255 255 255 255 255 255 255 255 255 255 255 255 255 255 255 255 255 255 255 255 255 255 255 255 255 255 255 255 255 255 255 255 255 255 255 255 255 255 255 255 255 255 255 255 255 255 255 255 255 255 255 255 255 255 255 255 255 255 255 255 
255 255 255 255 255 255 255 255 255 255 255 255 255 255 255 255 255 255 255 255 255 255 255 255 255 255 255 255 255 255 255 255 255 255 255 255 255 255 255 255 255 255 255 255 255 255 255 255 255 255 255 255 255 255 255 255 255 255 255 255 255 255 255 255 255 255 255 255 255 255 255 255 
255 255 255 255 255 255 255 255 255 255 255 255 255 255 255 255 255 255 255 255 255 255 255 255 255 255 255 255 255 255 255 255 255 255 255 255 255 255 255 255 255 255 255 255 255 255 255 255 255 255 255 255 255 255 255 255 255 255 255 255 255 255 255 255 255 255 255 255 255 255 255 255 
255 255 255 255 255 255 255 255 255 255 255 255 255 255 255 255 255 255 255 255 255 255 255 255 255 255 255 255 255 255 255 255 255 255 255 255 255 255 255 255 255 255 255 255 255 255 255 255 255 255 255 255 255 255 255 255 255 255 255 255 255 255 255 255 255 255 255 255 255 255 255 255 
255 255 255 255 255 255 255 255 255 255 255 255 255 255 255 255 255 255 255 255 255 255 255 255 255 255 255 255 255 255 255 255 255 255 255 255 255 255 255 255 255 255 255 255 255 255 255 255 255 255 255 255 255 255 255 255 255 255 255 255 255 255 255 255 255 255 255 255 255 255 255 255 
255 255 255 255 255 255 255 255 255 255 255 255 255 255 255 255 255 255 255 255 255 255 255 255 255 255 255 255 255 255 255 255 255 255 255 255 255 255 255 255 255 255 255 255 255 255 255 255 255 255 255 255 255 255 255 255 255 255 255 255 255 255 255 255 255 255 255 255 255 255 255 255 
255 255 255 255 255 255 255 255 255 255 255 255 255 255 255 255 255 255 255 255 255 255 255 255 255 255 255 255 255 255 255 255 255 255 255 255 255 255 255 255 255 255 255 255 255 255 255 255 255 255 255 255 255 255 255 255 255 255 255 255 255 255 255 255 255 255 255 255 255 255 255 255 
255 255 255 255 255 255 255 255 255 255 255 255 255 255 255 255 255 255 255 255 255 255 255 255 255 255 255 255 255 255 255 255 255 255 255 255 255 255 255 255 255 255 255 255 255 255 255 255 255 255 255 255 255 255 255 255 255 255 255 255 255 255 255 255 255 255 255 255 255 255 255 255 
255 255 255 255 255 255 255 255 255 255 255 255 255 255 255 255 255 255 255 255 255 255 255 255 255 255 255 255 255 255 255 255 255 255 255 255 255 255 255 255 255 255 255 255 255 255 255 255 255 255 255 255 255 255 255 255 255 255 255 255 255 255 255 255 255 255 255 255 255 255 255 255 
255 255 255 255 255 255 255 255 255 255 255 255 255 255 255 255 255 255 255 255 255 255 255 255 255 255 255 255 255 255 255 255 255 255 255 255 255 255 255 255 255 255 255 255 255 255 255 255 255 255 255 255 255 255 255 255 255 255 255 255 255 255 255 255 255 255 255 255 255 255 255 255 
255 255 255 255 255 255 255 255 255 255 255 255 255 255 255 255 255 255 255 255 255 255 255 255 255 255 255 255 255 255 255 255 255 255 255 255 255 255 255 255 255 255 255 255 255 255 255 255 255 255 255 255 255 255 255 255 255 255 255 255 255 255 255 255 255 255 255 255 255 255 255 255 
255 255 255 255 255 255 255 255 255 255 255 255 255 255 255 255 255 255 255 255 255 255 255 255 255 255 255 255 255 255 255 255 255 255 255 255 255 255 255 255 255 255 255 255 255 255 255 255 255 255 255 255 255 255 255 255 255 255 255 255 255 255 255 255 255 255 255 255 255 255 255 255 
255 255 255 255 255 255 255 255 255 255 255 255 255 255 255 255 255 255 255 255 255 255 255 255 255 255 255 255 255 255 255 255 255 255 255 255 255 255 255 255 255 255 255 255 255 255 255 255 255 255 255 255 255 255 255 255 255 255 255 255 255 255 255 255 255 255 255 255 255 255 255 255 
255 255 255 255 255 255 255 255 255 255 255 255 255 255 255 255 255 255 255 255 255 255 255 255 255 255 255 255 255 255 255 255 255 255 255 255 255 255 255 255 255 255 255 255 255 255 255 255 255 255 255 255 255 255 255 255 255 255 255 255 255 255 255 255 255 255 255 255 255 255 255 255 
255 255 255 255 255 255 255 255 255 255 255 255 255 255 255 255 255 255 255 255 255 255 255 255 255 255 255 255 255 255 255 255 255 255 255 255 255 255 255 255 255 255 255 255 255 255 255 255 255 255 255 255 255 255 255 255 255 255 255 255 255 255 255 255 255 255 255 255 255 255 255 255 
255 255 255 255 255 255 255 255 255 255 255 255 255 255 255 255 255 255 255 255 255 255 255 255 255 255 255 255 255 255 255 255 255 255 255 255 255 255 255 255 255 255 255 255 255 255 255 255 255 255 255 255 255 255 255 255 255 255 255 255 255 255 255 255 255 255 255 255 255 255 255 255 
255 255 255 255 255 255 255 255 255 255 255 255 255 255 255 255 255 255 255 255 255 255 255 255 255 255 255 255 255 255 255 255 255 255 255 255 255 255 255 255 255 255 255 255 255 255 255 255 255 255 255 255 255 255 255 255 255 255 255 255 255 255 255 255 255 255 255 255 255 255 255 255 
255 255 255 255 255 255 255 255 255 255 255 255 255 255 255 255 255 255 255 255 255 255 255 255 255 255 255 255 255 255 255 255 255 255 255 255 255 255 255 255 255 255 255 255 255 255 255 255 255 255 255 255 255 255 255 255 255 255 255 255 255 255 255 255 255 255 255 255 255 255 255 255 
255 255 255 255 255 255 255 255 255 255 255 255 255 255 255 255 255 255 255 255 255 255 255 255 255 255 255 255 255 255 255 255 255 255 255 255 255 255 255 255 255 255 255 255 255 255 255 255 255 255 255 255 255 255 255 255 255 255 255 255 255 255 255 255 255 255 255 255 255 255 255 255 
255 255 255 255 255 255 255 255 255 255 255 255 255 255 255 255 255 255 255 255 255 255 255 255 255 255 255 255 255 255 255 255 255 255 255 255 255 255 255 255 255 255 255 255 255 255 255 255 255 255 255 255 255 255 255 255 255 255 255 255 255 255 255 255 255 255 255 255 255 255 255 255 
255 255 255 255 255 255 255 255 255 255 255 255 255 255 255 255 255 255 255 255 255 255 255 255 255 255 255 255 255 255 255 255 255 255 255 255 255 255 255 255 255 255 255 255 255 255 255 255 255 255 255 255 255 255 255 255 255 255 255 255 255 255 255 255 255 255 255 255 255 255 255 255 
255 255 255 255 255 255 255 255 255 255 255 255 255 255 255 255 255 255 255 255 255 255 255 255 255 255 255 255 255 255 255 255 255 255 255 255 255 255 255 255 255 255 255 255 255 255 255 255 255 255 255 255 255 255 255 255 255 255 255 255 255 255 255 255 255 255 255 255 255 255 255 255 
255 255 255 255 255 255 255 255 255 255 255 255 255 255 255 255 255 255 255 255 255 255 255 255 255 255 255 255 255 255 255 255 255 255 255 255 255 255 255 255 255 255 255 255 255 255 255 255 255 255 255 255 255 255 255 255 255 255 255 255 255 255 255 255 255 255 255 255 255 255 255 255 
255 255 255 255 255 255 255 255 255 255 255 255 255 255 255 255 255 255 255 255 255 255 255 255 255 255 255 255 255 255 255 255 255 255 255 255 255 255 255 255 255 255 255 255 255 255 255 255 255 255 255 255 255 255 255 255 255 255 255 255 255 255 255 255 255 255 255 255 255 255 255 255 
255 255 255 255 255 255 255 255 255 255 255 255 255 255 255 255 255 255 255 255 255 255 255 255 255 255 255 255 255 255 255 255 255 255 255 255 255 255 255 255 255 255 255 255 255 255 255 255 255 255 255 255 255 255 255 255 255 255 255 255 255 255 255 255 255 255 255 255 255 255 255 255 
255 255 255 255 255 255 255 255 255 255 255 255 255 255 255 255 255 255 255 255 255 255 255 255 255 255 255 255 255 255 255 255 255 255 255 255 255 255 255 255 255 255 255 255 255 255 255 255 255 255 255 255 255 255 255 255 255 255 255 255 255 255 255 255 255 255 255 255 255 255 255 255 
255 255 255 255 255 255 255 255 255 255 255 255 255 255 255 255 255 255 255 255 255 255 255 255 255 255 255 255 255 255 255 255 255 255 255 255 255 255 255 255 255 255 255 255 255 255 255 255 255 255 255 255 255 255 255 255 255 255 255 255 255 255 255 255 255 255 255 255 255 255 255 255 
255 255 255 255 255 255 255 255 255 255 255 255 255 255 255 255 255 255 255 255 255 255 255 255 255 255 255 255 255 255 255 255 255 255 255 255 255 255 255 255 255 255 255 255 255 255 255 255 255 255 255 255 255 255 255 255 255 255 255 255 255 255 255 255 255 255 255 255 255 255 255 255 
255 255 255 255 255 255 255 255 255 255 255 255 255 255 255 255 255 255 255 255 255 255 255 255 255 255 255 255 255 255 255 255 255 255 255 255 255 255 255 255 255 255 255 255 255 255 255 255 255 255 255 255 255 255 255 255 255 255 255 255 255 255 255 255 255 255 255 255 255 255 255 255 
255 255 255 255 255 255 255 255 255 255 255 255 255 255 255 255 255 255 255 255 255 255 255 255 255 255 255 255 255 255 255 255 255 255 255 255 255 255 255 255 255 255 255 255 255 255 255 255 255 255 255 255 255 255 255 255 255 255 255 255 255 255 255 255 255 255 255 255 255 255 255 255 
255 255 255 255 255 255 255 255 255 255 255 255 255 255 255 255 255 255 255 255 255 255 255 255 255 255 255 255 255 255 255 255 255 255 255 255 255 255 255 255 255 255 255 255 255 255 255 255 255 255 255 255 255 255 255 255 255 255 255 255 255 255 255 255 255 255 255 255 255 255 255 255 
255 255 255 255 255 255 255 255 255 255 255 255 255 255 255 255 255 255 255 255 255 255 255 255 255 255 255 255 255 255 255 255 255 255 255 255 255 255 255 255 255 255 255 255 255 255 255 255 255 255 255 255 255 255 255 255 255 255 255 255 255 255 255 255 255 255 255 255 255 255 255 255 
255 255 255 255 255 255 255 255 255 255 255 255 255 255 255 255 255 255 255 255 255 255 255 255 255 255 255 255 255 255 255 255 255 255 255 255 255 255 255 255 255 255 255 255 255 255 255 255 255 255 255 255 255 255 255 255 255 255 255 255 255 255 255 255 255 255 255 255 255 255 255 255 
255 255 255 255 255 255 255 255 255 255 255 255 255 255 255 255 255 255 255 255 255 255 255 255 255 255 255 255 255 255 255 255 255 255 255 255 255 255 255 255 255 255 255 255 255 255 255 255 255 255 255 255 255 255 255 255 255 255 255 255 255 255 255 255 255 255 255 255 255 255 255 255 
255 255 255 255 255 255 255 255 255 255 255 255 255 255 255 255 255 255 255 255 255 255 255 255 255 255 255 255 255 255 255 255 255 255 255 255 255 255 255 255 255 255 255 255 255 255 255 255 255 255 255 255 255 255 255 255 255 255 255 255 255 255 255 255 255 255 255 255 255 255 255 255 
255 255 255 255 255 255 255 255 255 255 255 255 255 255 255 255 255 255 255 255 255 255 255 255 255 255 255 255 255 255 255 255 255 255 255 255 255 255 255 255 255 255 255 255 255 255 255 255 255 255 255 255 255 255 255 255 255 255 255 255 255 255 255 255 255 255 255 255 255 255 255 255 
255 255 255 255 255 255 255 255 255 255 255 255 255 255 255 255 255 255 255 255 255 255 255 255 255 255 255 255 255 255 255 255 255 255 255 255 255 255 255 255 255 255 255 255 255 255 255 255 255 255 255 255 255 255 255 255 255 255 255 255 255 255 255 255 255 255 255 255 255 255 255 255 
255 255 255 255 255 255 255 255 255 255 255 255 255 255 255 255 255 255 255 255 255 255 255 255 255 255 255 255 255 255 255 255 255 255 255 255 255 255 255 255 255 255 255 255 255 255 255 255 255 255 255 255 255 255 255 255 255 255 255 255 255 255 255 255 255 255 255 255 255 255 255 255 
255 255 255 255 255 255 255 255 255 255 255 255 255 255 255 255 255 255 255 255 255 255 255 255 255 255 255 255 255 255 255 255 255 255 255 255 255 255 255 255 255 255 255 255 255 255 255 255 255 255 255 255 255 255 255 255 255 255 255 255 255 255 255 255 255 255 255 255 255 255 255 255 
255 255 255 255 255 255 255 255 255 255 255 255 255 255 255 255 255 255 255 255 255 255 255 255 255 255 255 255 255 255 255 255 255 255 255 255 255 255 255 255 255 255 255 255 255 255 255 255 255 255 255 255 255 255 255 255 255 255 255 255 255 255 255 255 255 255 255 255 255 255 255 255 
255 255 255 255 255 255 255 255 255 255 255 255 255 255 255 255 255 255 255 255 255 255 255 255 255 255 255 255 255 255 255 255 255 255 255 255 255 255 255 255 255 255 255 255 255 255 255 255 255 255 255 255 255 255 255 255 255 255 255 255 255 255 255 255 255 255 255 255 255 255 255 255 
255 255 255 255 255 255 255 255 255 255 255 255 255 255 255 255 255 255 255 255 255 255 255 255 255 255 255 255 255 255 255 255 255 255 255 255 255 255 255 255 255 255 255 255 255 255 255 255 255 255 255 255 255 255 255 255 255 255 255 255 255 255 255 255 255 255 255 255 255 255 255 255 
255 255 255 255 255 255 255 255 255 255 255 255 255 255 255 255 255 255 255 255 255 255 255 255 255 255 255 255 255 255 255 255 255 255 255 255 255 255 255 255 255 255 255 255 255 255 255 255 255 255 255 255 255 255 255 255 255 255 255 255 255 255 255 255 255 255 255 255 255 255 255 255 
255 255 255 255 255 255 255 255 255 255 255 255 255 255 255 255 255 255 255 255 255 255 255 255 255 255 255 255 255 255 255 255 255 255 255 255 255 255 255 255 255 255 255 255 255 255 255 255 255 255 255 255 255 255 255 255 255 255 255 255 255 255 255 255 255 255 255 255 255 255 255 255 
255 255 255 255 255 255 255 255 255 255 255 255 255 255 255 255 255 255 255 255 255 255 255 255 255 255 255 255 255 255 255 255 255 255 255 255 255 255 255 255 255 255 255 255 255 255 255 255 255 255 255 255 255 255 255 255 255 255 255 255 255 255 255 255 255 255 255 255 255 255 255 255 
255 255 255 255 255 255 255 255 255 255 255 255 255 255 255 255 255 255 255 255 255 255 255 255 255 255 255 255 255 255 255 255 255 255 255 255 255 255 255 255 255 255 255 255 255 254 255 255 255 255 255 255 255 255 255 255 255 255 255 255 255 255 255 255 255 255 255 255 255 255 255 255 
255 255 255 255 255 255 255 255 255 255 255 255 255 255 255 255 255 255 255 255 255 255 255 255 255 255 255 255 255 255 255 255 255 255 255 255 255 255 255 255 255 255 255 255 255 099 098 241 255 255 255 255 255 255 255 255 255 255 255 255 255 255 255 255 255 255 255 255 255 255 255 255 
255 255 255 255 255 255 255 255 255 255 255 255 255 255 255 255 255 255 255 255 255 255 255 255 255 255 255 255 255 255 255 255 255 255 253 255 255 255 255 255 255 255 255 255 148 000 000 029 186 255 255 255 255 255 255 255 255 255 255 255 255 255 255 255 255 255 255 255 255 255 255 255 
038 055 072 089 095 097 100 102 104 106 109 111 113 115 118 120 122 121 120 119 118 118 117 116 109 101 093 085 077 070 062 054 042 020 002 247 255 255 255 255 255 255 255 198 005 000 000 000 000 111 250 255 255 201 207 220 232 245 252 255 255 255 255 255 255 255 255 255 255 255 255 255 
000 000 000 000 000 000 000 000 000 000 000 000 000 000 000 000 000 000 000 000 000 000 000 000 000 000 000 000 000 000 000 000 000 000 000 247 255 255 255 255 255 255 255 247 123 005 000 000 000 000 058 228 255 025 000 000 000 000 000 000 001 003 005 007 010 012 009 008 006 004 002 001 
000 000 000 000 000 000 000 000 000 000 000 000 000 000 000 000 000 000 000 000 000 000 000 000 000 000 000 000 000 000 000 000 000 000 000 247 255 255 255 255 255 255 255 255 255 194 020 000 000 000 000 023 237 025 000 000 000 000 000 000 000 000 000 000 000 000 000 000 000 000 000 000 
050 061 073 083 085 086 088 089 091 092 042 000 000 029 093 093 093 093 030 000 000 037 093 092 090 089 088 087 085 084 081 068 053 038 024 248 255 255 255 255 255 255 255 255 255 255 223 044 000 000 000 117 255 025 000 000 000 000 000 000 000 000 000 000 000 000 000 000 000 000 000 000 
255 255 255 255 255 255 255 255 255 255 114 000 000 080 255 255 255 255 082 000 000 101 255 255 255 255 255 255 255 255 255 255 255 255 255 255 255 255 255 255 255 255 255 255 255 255 255 242 072 000 068 252 255 080 067 068 000 000 000 103 125 125 125 125 125 125 125 125 125 125 125 086 
255 255 255 255 255 255 255 255 255 255 114 000 000 080 255 255 255 255 082 000 000 101 255 255 255 255 255 255 255 255 255 255 255 255 255 255 255 255 255 255 255 255 255 255 255 255 255 255 247 090 236 255 255 255 255 237 000 000 000 176 255 255 255 255 255 255 255 255 255 255 255 138 
255 255 255 255 255 255 255 255 255 255 114 000 000 080 255 255 255 255 082 000 000 101 255 255 255 255 255 255 255 255 255 255 255 255 255 255 255 255 255 255 255 255 255 255 255 255 255 255 255 255 255 255 255 255 255 255 028 000 000 131 255 255 255 255 255 255 255 255 255 255 255 089 
255 255 255 255 255 255 255 255 255 255 114 000 000 080 255 255 255 255 082 000 000 101 255 255 255 255 255 255 255 255 255 255 255 255 255 255 255 255 255 255 255 255 255 253 255 255 255 255 255 255 255 255 255 255 255 255 076 000 000 073 255 255 255 255 255 255 255 255 255 255 255 034 
255 255 255 255 255 255 255 255 255 255 114 000 000 080 255 255 255 255 082 000 000 101 255 255 255 255 255 255 255 255 255 255 255 255 255 255 255 255 255 255 255 255 192 038 175 255 255 255 255 255 255 255 255 255 255 255 136 000 000 012 251 255 255 255 255 255 255 255 255 255 223 000 
196 105 120 135 150 156 159 162 164 167 076 000 000 054 170 170 170 170 055 000 000 067 167 165 162 159 156 151 137 122 107 169 255 255 255 255 255 255 255 255 255 248 039 000 000 062 203 255 255 255 255 255 255 255 255 255 202 000 000 000 198 255 255 255 255 255 255 255 255 255 156 000 
178 000 000 000 000 000 000 000 000 000 000 000 000 000 000 000 000 000 000 000 000 000 000 000 000 000 000 000 000 000 000 135 255 255 255 255 255 255 255 255 255 126 000 000 000 000 001 095 231 255 255 255 255 255 255 255 252 016 000 000 132 255 255 255 255 255 255 255 255 255 089 000 
200 000 000 000 000 000 000 000 000 000 000 000 000 000 000 000 000 000 000 000 000 000 000 000 000 000 000 000 000 000 000 158 255 255 255 255 255 255 255 255 255 140 020 000 000 000 000 000 013 135 249 255 255 255 255 255 255 078 000 000 066 255 255 255 255 255 255 255 255 255 024 000 
209 000 000 000 047 079 079 079 079 079 035 000 000 026 079 079 079 079 025 000 000 031 079 079 079 079 079 058 000 000 000 167 255 255 255 255 255 255 255 255 255 255 244 120 005 000 000 000 000 033 248 255 255 255 255 255 255 143 000 000 004 235 255 255 255 255 255 255 255 196 000 000 
216 000 000 000 150 255 255 255 255 255 104 000 000 092 255 255 255 255 082 000 000 101 255 255 255 255 255 185 000 000 000 171 255 255 255 255 255 255 255 255 255 255 255 255 214 065 000 000 000 170 255 255 255 255 255 255 255 211 000 000 000 149 255 255 255 255 255 255 255 101 000 000 
221 000 000 000 150 255 255 255 255 255 089 000 000 104 255 255 255 255 082 000 000 101 255 255 255 255 255 185 000 000 000 174 255 255 255 255 255 255 255 255 255 255 255 255 255 255 159 009 060 255 255 255 255 255 255 255 255 255 041 000 000 059 255 255 255 255 255 255 247 015 000 000 
221 000 000 000 150 255 255 255 255 255 043 000 000 134 255 255 255 255 082 000 000 101 255 255 255 255 255 185 000 000 000 174 255 255 255 255 255 255 255 255 255 255 255 255 255 255 255 204 206 255 255 255 255 255 255 255 255 255 131 000 000 001 223 255 255 255 255 255 167 000 000 000 
221 000 000 000 150 255 255 255 255 242 002 000 000 187 255 255 255 255 082 000 000 101 255 255 255 255 255 185 000 000 000 174 255 255 255 255 255 255 255 255 255 255 255 255 255 255 255 255 255 255 255 255 255 255 255 255 255 255 221 000 000 000 127 255 255 255 255 255 058 000 000 010 
221 000 000 000 150 255 255 255 255 190 000 000 001 239 255 255 255 255 082 000 000 101 255 255 255 255 255 185 000 000 000 174 255 255 255 255 255 255 255 255 255 255 255 255 255 255 255 255 255 255 255 255 255 255 255 255 255 255 255 057 000 000 019 243 255 255 255 179 000 000 000 095 
221 000 000 000 150 255 255 255 255 094 000 000 037 255 255 255 255 255 082 000 000 101 255 255 255 255 255 185 000 000 000 174 255 255 255 255 255 255 255 255 255 255 255 255 255 255 255 255 255 255 255 255 255 255 255 255 255 255 255 148 000 000 000 138 255 255 254 047 000 000 002 213 
221 000 000 000 150 255 255 255 219 003 000 000 125 255 255 255 255 255 082 000 000 100 255 255 255 255 255 185 000 000 000 174 255 255 255 255 255 255 255 255 255 255 255 255 255 255 248 255 255 255 255 255 255 255 255 255 255 255 255 241 016 000 000 023 246 255 167 000 000 000 096 255 
221 000 000 000 150 255 255 255 089 000 000 010 235 255 255 255 255 255 082 000 000 052 255 255 255 255 255 185 000 000 000 174 255 255 255 255 255 255 255 255 255 255 255 255 255 255 067 207 255 255 255 255 255 255 255 255 255 255 255 255 126 000 000 000 129 237 026 000 000 007 225 255 
221 000 000 000 150 255 255 138 000 000 000 108 255 255 255 255 255 255 083 000 000 000 068 123 105 073 186 185 000 000 000 174 255 255 255 255 255 255 255 255 255 255 255 255 255 240 000 002 103 214 255 255 255 255 255 255 255 255 255 255 238 013 000 000 005 062 000 000 000 114 255 255 
221 000 000 000 150 255 164 001 000 000 025 232 255 255 255 255 255 255 110 000 000 000 000 000 000 003 240 185 000 000 000 174 255 255 255 255 255 255 255 255 255 255 255 255 255 198 000 000 000 033 255 255 255 255 255 255 255 255 255 255 255 121 000 000 000 000 000 000 016 236 255 255 
221 000 000 000 150 139 003 000 000 004 194 255 255 255 255 255 255 255 206 008 000 000 000 000 000 013 255 185 000 000 000 174 255 255 255 255 255 255 255 255 255 255 255 255 255 151 000 000 000 118 255 255 255 255 255 255 255 255 255 255 255 236 022 000 000 000 000 000 162 255 255 255 
221 000 000 000 147 153 013 000 000 139 255 255 255 255 255 255 255 255 255 221 142 126 123 123 133 151 255 185 000 000 000 174 255 255 255 255 255 255 255 255 255 255 255 255 255 082 000 000 000 203 255 255 255 255 255 255 255 255 255 255 255 255 174 000 000 000 000 064 255 255 255 255 
218 000 000 000 150 255 216 038 112 255 255 255 255 255 255 255 255 255 255 255 255 255 255 255 255 255 255 185 000 000 000 172 255 255 255 255 255 255 255 255 255 255 255 255 251 015 000 000 020 254 255 255 255 255 255 255 255 255 255 255 255 255 124 000 000 000 000 004 175 255 255 255 
215 000 000 000 150 255 255 236 255 255 255 255 255 255 255 255 255 255 255 255 255 255 255 255 255 255 255 185 000 000 000 169 255 255 255 255 255 255 255 255 255 255 255 255 195 000 000 000 087 255 255 255 255 255 255 255 255 255 255 255 255 146 000 000 000 000 000 000 005 155 255 255 
212 000 000 000 150 255 255 255 255 255 255 255 255 255 255 255 255 255 255 255 255 255 255 255 255 255 255 185 000 000 000 165 255 255 255 255 255 255 255 255 255 255 255 255 112 000 000 000 155 255 255 255 255 255 255 255 255 255 255 255 128 000 000 000 000 000 000 000 000 000 108 251 
208 000 000 000 150 255 255 255 255 255 255 255 255 255 255 255 255 255 255 255 255 255 255 255 255 255 255 185 000 000 000 161 255 255 255 255 255 255 255 255 255 255 255 254 028 000 000 000 224 255 255 255 255 255 255 255 255 255 253 107 000 000 000 000 069 180 008 000 000 000 000 065 
205 000 000 000 054 091 091 091 091 091 091 091 091 091 091 091 091 091 091 091 091 091 091 091 091 091 091 066 000 000 000 158 255 255 255 255 255 255 255 255 255 255 255 197 000 000 000 035 255 255 255 255 255 255 255 255 255 239 083 000 000 000 000 050 241 255 191 018 000 000 000 000 
202 000 000 000 000 000 000 000 000 000 000 000 000 000 000 000 000 000 000 000 000 000 000 000 000 000 000 000 000 000 000 154 255 255 255 255 255 255 255 255 255 255 255 112 000 000 000 101 255 255 255 255 255 255 255 255 190 029 000 000 000 000 057 240 255 255 255 221 042 000 000 000 
196 000 000 000 000 000 000 000 000 000 000 000 000 000 000 000 000 000 000 000 000 000 000 000 000 000 000 000 000 000 000 143 255 255 255 255 255 255 255 255 255 255 248 021 000 000 000 167 255 255 255 255 255 255 243 114 001 000 000 000 000 063 243 255 255 255 255 255 242 078 000 000 
183 000 000 000 080 135 135 135 135 135 135 135 135 135 135 135 135 135 135 135 135 135 135 135 135 135 135 098 000 000 000 127 255 255 255 255 255 255 255 255 255 255 162 000 000 000 000 233 255 255 255 255 243 135 020 000 000 000 000 000 094 246 255 255 255 255 255 255 255 255 158 016 
170 000 000 000 150 255 255 255 255 255 255 255 255 255 255 255 255 255 255 255 255 255 255 255 255 255 255 185 000 000 000 110 255 255 255 255 255 255 255 255 255 255 055 000 000 000 033 255 255 255 217 127 020 000 000 000 000 000 009 156 255 255 255 255 255 255 255 255 255 255 255 229 
