255 255 255 255 255 255 255 255 255 255 255 255 255 255 255 255 255 255 255 255 255 255 255 255 255 255 255 255 255 255 255 255 255 255 255 255 255 255 255 255 255 255 255 255 255 255 255 255 255 255 255 255 255 255 255 255 255 255 255 255 255 255 255 255 255 255 255 255 255 255 255 255 
255 255 255 255 255 255 255 255 255 255 255 255 255 255 255 255 255 255 255 255 255 255 255 255 255 255 255 255 255 255 255 255 255 255 255 255 255 255 255 255 255 255 255 255 255 255 255 255 255 255 255 255 255 255 255 255 255 255 255 255 255 255 255 255 255 255 255 255 255 255 255 255 
255 255 255 255 255 255 255 255 255 255 255 255 255 255 255 255 255 255 255 255 255 255 255 255 255 255 255 255 255 255 255 255 255 255 255 255 255 255 255 255 255 255 255 255 255 255 255 255 255 255 255 255 255 255 255 255 255 255 255 255 255 255 255 255 255 255 255 255 255 255 255 255 
255 255 255 255 255 255 255 255 255 255 255 255 255 255 255 255 255 255 255 255 255 255 255 255 255 255 255 255 255 255 255 255 255 255 255 255 255 255 255 255 255 255 255 255 255 255 255 255 255 255 255 255 255 255 255 255 255 255 255 255 255 255 255 255 255 255 255 255 255 255 255 255 
255 255 255 255 255 255 255 255 255 255 255 255 255 255 255 255 255 255 255 255 255 255 255 255 255 255 255 255 255 255 255 255 255 255 255 255 255 255 255 255 255 255 255 255 255 255 255 255 255 255 255 255 255 255 255 255 255 255 255 255 255 255 255 255 255 255 255 255 255 255 255 255 
255 255 255 255 255 255 255 255 255 255 255 255 255 255 255 255 255 255 255 255 255 255 255 255 255 255 255 255 255 255 255 255 255 255 255 255 255 255 255 255 255 255 255 255 255 255 255 255 255 255 255 255 255 255 255 255 255 255 255 255 255 255 255 255 255 255 255 255 255 255 255 255 
255 255 255 255 255 255 255 255 255 255 255 255 255 255 255 255 255 255 255 255 255 255 255 255 255 255 255 255 255 255 255 255 255 255 255 255 255 255 255 255 255 255 255 255 255 255 255 255 255 255 255 255 255 255 255 255 255 255 255 255 255 255 255 255 255 255 255 255 255 255 255 255 
255 255 255 255 255 255 255 255 255 255 255 255 255 255 255 255 255 255 255 255 255 255 255 255 255 255 255 255 255 255 255 255 255 255 255 255 255 255 255 255 255 255 255 255 255 255 255 255 255 255 255 255 255 255 255 255 255 255 255 255 255 255 255 255 255 255 255 255 255 255 255 255 
255 255 255 255 255 255 255 255 255 255 255 255 255 255 255 255 255 255 255 255 255 255 255 255 255 255 255 255 255 255 255 255 255 255 255 255 255 255 255 255 255 255 255 255 255 255 255 255 255 255 255 255 255 255 255 255 255 255 255 255 255 255 255 255 255 255 255 255 255 255 255 255 
255 255 255 255 255 255 255 255 255 255 255 255 255 255 255 255 255 255 255 255 255 255 255 255 255 255 255 255 255 255 255 255 255 255 255 255 255 255 255 255 255 255 255 255 255 255 255 255 255 255 255 255 255 255 255 255 255 255 255 255 255 255 255 255 255 255 255 255 255 255 255 255 
255 255 255 255 255 255 255 255 255 255 255 255 255 255 255 255 255 255 255 255 255 255 255 255 255 255 255 255 255 255 255 255 255 255 255 255 255 255 255 255 255 255 255 255 255 255 255 255 255 255 255 255 255 255 255 255 255 255 255 255 255 255 255 255 255 255 255 255 255 255 255 255 
255 255 255 255 255 255 255 255 255 255 255 255 255 255 255 255 255 255 255 255 255 255 255 255 255 255 255 255 255 255 255 255 255 255 255 255 255 255 255 255 255 255 255 255 255 255 255 255 255 255 255 255 255 255 255 255 255 255 255 255 255 255 255 255 255 255 255 255 255 255 255 255 
255 255 255 255 255 255 255 255 255 255 255 255 255 255 255 255 255 255 255 255 255 255 255 255 255 255 255 255 255 255 255 255 255 255 255 255 255 255 255 255 255 255 255 255 255 255 255 255 255 255 255 255 255 255 255 255 255 255 255 255 255 255 255 255 255 255 255 255 255 255 255 255 
255 255 255 255 255 255 255 255 255 255 255 255 255 255 255 255 255 255 255 255 255 255 255 255 255 255 255 255 255 255 255 255 255 255 255 255 255 255 255 255 255 255 255 255 255 255 255 255 255 255 255 255 255 255 255 255 255 255 255 255 255 255 255 255 255 255 255 255 255 255 255 255 
255 255 255 255 255 255 255 255 255 255 255 255 255 255 255 255 255 255 255 255 255 255 255 255 255 255 255 255 255 255 255 255 255 255 255 255 255 255 255 255 255 255 255 255 255 255 255 255 255 255 255 255 255 255 255 255 255 255 255 255 255 255 255 255 255 255 255 255 255 255 255 255 
255 255 255 255 255 255 255 255 255 255 255 255 255 255 255 255 255 255 255 255 255 255 255 255 255 255 255 255 255 255 255 255 255 255 255 255 255 255 255 255 255 255 255 255 255 255 255 255 255 255 255 255 255 255 255 255 255 255 255 255 255 255 255 255 255 255 255 255 255 255 255 255 
255 255 255 255 255 255 255 255 255 255 255 255 255 255 255 255 255 255 255 255 255 255 255 255 255 255 255 255 255 255 255 255 255 255 255 255 255 255 255 255 255 255 255 255 255 255 255 255 255 255 255 255 255 255 255 255 255 255 255 255 255 255 255 255 255 255 255 255 255 255 255 255 
255 255 255 255 255 255 255 255 255 255 255 255 255 255 255 255 255 255 255 255 255 255 255 255 255 255 255 255 255 255 255 255 255 255 255 255 255 255 255 255 255 255 255 255 255 255 255 255 255 255 255 255 255 255 255 255 255 255 255 255 255 255 255 255 255 255 255 255 255 255 255 255 
255 255 255 255 255 255 255 255 255 255 255 255 255 255 255 255 255 255 255 255 255 255 255 255 255 255 255 255 255 255 255 255 255 255 255 255 255 255 255 255 255 255 255 255 255 255 255 255 255 255 255 255 255 255 255 255 255 255 255 255 255 255 255 255 255 255 255 255 255 255 255 255 
255 255 255 255 255 255 255 255 255 255 255 255 255 255 255 255 255 255 255 255 255 255 255 255 255 255 255 255 255 255 255 255 255 255 255 255 255 255 255 255 255 255 255 255 255 255 255 255 255 255 255 255 255 255 255 255 255 255 255 255 255 255 255 255 255 255 255 255 255 255 255 255 
255 255 255 255 255 255 255 255 255 255 255 255 255 255 255 255 255 255 255 255 255 255 255 255 255 255 255 255 255 255 255 255 255 255 255 255 255 255 255 255 255 255 255 255 255 255 255 255 255 255 255 255 255 255 255 255 255 255 255 255 255 255 255 255 255 255 255 255 255 255 255 255 
255 255 255 255 255 255 255 255 255 255 255 255 255 255 255 255 255 255 255 255 255 255 255 255 255 255 255 255 255 255 255 255 255 255 255 255 255 255 255 255 255 255 255 255 255 255 255 255 255 255 255 255 255 255 255 255 255 255 255 255 255 255 255 255 255 255 255 255 255 255 255 255 
255 255 255 255 255 255 255 255 255 255 255 255 255 255 255 255 255 255 255 255 255 255 255 255 255 255 255 255 255 255 255 255 255 255 255 255 255 255 255 255 255 255 255 255 255 255 255 255 255 255 255 255 255 255 255 255 255 255 255 255 255 255 255 255 255 255 255 255 255 255 255 255 
255 255 255 255 255 255 255 255 255 255 255 255 255 255 255 255 255 255 255 255 255 255 255 255 255 255 255 255 255 255 255 255 255 255 255 255 255 255 255 255 255 255 255 255 255 255 255 255 255 255 255 255 255 255 255 255 255 255 255 255 255 255 255 255 255 255 255 255 255 255 255 255 
255 255 255 255 255 255 255 255 255 255 255 255 255 255 255 255 255 255 255 255 255 255 255 255 255 255 255 255 255 255 255 255 255 255 255 255 255 255 255 255 255 255 255 255 255 255 255 255 255 255 255 255 255 255 255 255 255 255 255 255 255 255 255 255 255 255 255 255 255 255 255 255 
255 255 255 255 255 255 255 255 255 255 255 255 255 255 255 255 255 255 255 255 255 255 255 255 255 255 255 255 255 255 255 255 255 255 255 255 255 255 255 255 255 255 255 255 255 255 255 255 255 255 255 255 255 255 255 255 255 255 255 255 255 255 255 255 255 255 255 255 255 255 255 255 
255 255 255 255 255 255 255 255 255 255 255 255 255 255 255 255 255 255 255 255 255 255 255 255 255 255 255 255 255 255 255 255 255 255 255 255 255 255 255 255 255 255 255 255 255 255 255 255 255 255 255 255 255 255 255 255 255 255 255 255 255 255 255 255 255 255 255 255 255 255 255 255 
255 255 255 255 255 255 255 255 255 255 255 255 255 255 255 255 255 255 255 255 255 255 255 255 255 255 255 255 255 255 255 255 255 255 255 255 255 255 255 255 255 255 255 255 255 255 255 255 255 255 255 255 255 255 255 255 255 255 255 255 255 255 255 255 255 255 255 255 255 255 255 255 
255 255 255 255 255 255 255 255 255 255 255 255 255 255 255 255 255 255 255 255 255 255 255 255 255 255 255 255 255 255 255 255 255 255 255 255 255 255 255 255 255 255 255 255 255 255 255 255 255 255 255 255 255 255 255 255 255 255 255 255 255 255 255 255 255 255 255 255 255 255 255 255 
255 255 255 255 255 255 255 255 255 255 255 255 255 255 255 255 255 255 255 255 255 255 255 255 255 255 255 255 255 255 255 255 255 255 255 255 255 255 255 255 255 255 255 255 255 255 255 255 255 255 255 255 255 255 255 255 255 255 255 255 255 255 255 255 255 255 255 255 255 255 255 255 
255 255 255 255 255 255 255 255 255 255 255 255 255 255 255 255 255 255 255 255 255 255 255 255 255 255 255 255 255 255 255 255 255 255 255 255 255 255 255 255 255 255 255 255 255 255 255 255 255 255 255 255 255 255 255 255 255 255 255 255 255 255 255 255 255 255 255 255 255 255 255 255 
255 255 255 255 255 255 255 255 255 255 255 255 255 255 255 255 255 255 255 255 255 255 255 255 255 255 255 255 255 255 255 255 255 255 255 255 255 255 255 255 255 255 255 255 255 255 255 255 255 255 255 255 255 255 255 255 255 255 255 255 255 255 255 255 255 255 255 255 255 255 255 255 
255 255 255 255 255 255 255 255 255 255 255 255 255 255 255 255 255 255 255 255 255 255 255 255 255 255 255 255 255 255 255 255 255 255 255 255 255 255 255 255 255 255 255 255 255 255 255 255 255 255 255 255 255 255 255 255 255 255 255 255 255 255 255 255 255 255 255 255 255 255 255 255 
255 255 255 255 255 255 255 255 255 255 255 255 255 255 255 255 255 255 255 255 255 255 255 255 255 255 255 255 255 255 255 255 255 255 255 255 255 255 255 255 255 255 255 255 255 255 255 255 255 255 255 255 255 255 255 255 255 255 255 255 255 255 255 255 255 255 255 255 255 255 255 255 
255 255 255 255 255 255 255 255 255 255 255 255 255 255 255 255 255 255 255 255 255 255 255 255 255 255 255 255 255 255 255 255 255 255 255 255 255 255 255 255 255 255 255 255 255 255 255 255 255 255 255 255 255 255 255 255 255 255 255 255 255 255 255 255 255 255 255 255 255 255 255 255 
255 255 255 255 255 255 255 255 255 255 255 255 255 255 255 255 255 255 255 255 255 255 255 255 255 255 255 255 255 255 255 255 255 255 255 255 255 255 255 255 255 255 255 255 255 255 255 255 255 255 255 255 255 255 255 255 255 255 255 255 255 255 255 255 255 255 255 255 255 255 255 255 
255 255 255 255 255 255 255 255 255 255 255 255 255 255 255 255 255 255 255 255 255 255 255 255 255 255 255 255 255 255 255 255 255 255 255 255 255 255 255 255 255 255 255 255 255 255 255 255 255 255 255 255 255 255 255 255 255 255 255 255 255 255 255 255 255 255 255 255 255 255 255 255 
255 255 255 255 255 255 255 255 255 255 255 255 255 255 255 229 251 255 255 255 255 255 255 255 255 255 255 255 255 255 255 255 255 255 255 255 255 255 255 255 255 255 255 255 255 255 255 255 255 255 255 255 255 255 255 255 255 255 255 255 253 143 192 239 250 250 253 255 255 255 255 255 
255 255 255 255 255 255 255 255 255 255 255 255 255 255 255 099 012 061 083 190 255 255 255 255 255 255 255 255 255 255 255 181 096 119 120 120 249 255 255 255 255 255 255 255 255 255 255 255 255 255 255 255 255 255 255 255 255 255 255 255 255 016 000 000 000 000 174 255 255 255 255 255 
255 255 255 255 254 229 255 255 255 255 255 255 255 255 255 104 000 000 030 242 255 255 255 255 255 255 255 255 255 255 255 184 000 000 000 105 255 255 255 255 255 255 255 255 255 255 255 255 255 255 255 255 255 255 255 255 255 255 255 255 255 016 000 000 000 082 255 255 255 255 255 255 
255 255 231 134 036 044 255 255 255 255 255 255 255 255 255 101 000 000 132 255 255 255 255 255 255 255 255 255 255 255 255 222 000 000 000 199 255 255 255 255 255 255 255 255 255 255 255 255 255 255 255 255 255 255 255 255 255 255 255 255 250 000 000 000 001 219 255 255 255 255 255 255 
255 255 085 000 000 000 202 255 255 255 255 255 255 255 255 082 000 000 218 255 255 255 255 255 255 255 255 255 255 255 255 230 000 000 000 205 255 255 255 255 255 255 255 255 255 255 229 110 124 139 154 168 182 187 190 194 197 200 204 207 191 000 000 000 050 209 207 204 202 199 196 194 
255 255 222 003 000 000 101 255 255 255 255 236 232 255 255 062 000 048 255 255 255 255 251 224 242 255 255 255 255 255 255 234 000 000 000 205 255 255 255 255 255 255 255 255 255 255 211 000 000 000 000 000 000 000 000 000 000 000 000 000 000 000 000 000 000 000 000 000 000 000 000 000 
255 255 255 086 000 000 006 225 255 255 255 170 000 003 015 005 000 009 025 025 020 012 002 000 203 255 255 255 255 255 255 238 000 000 000 205 255 255 255 255 255 255 255 255 255 255 211 000 000 000 000 000 000 000 000 000 000 000 000 000 000 000 000 000 000 000 000 000 000 000 000 000 
255 255 255 201 000 000 000 099 255 255 255 200 000 000 000 000 000 000 000 000 000 000 000 000 233 255 255 255 255 255 255 243 000 000 000 205 255 255 255 255 255 255 255 255 255 255 226 093 108 123 138 153 166 171 174 177 181 184 188 191 078 000 000 022 194 192 190 188 186 184 183 181 
255 255 255 255 056 000 000 023 243 255 255 207 000 000 041 148 148 148 148 148 148 009 000 000 241 255 255 255 255 255 255 244 000 000 000 205 255 255 255 255 255 255 255 255 255 255 255 255 255 255 255 255 255 255 255 255 255 255 255 255 058 000 000 082 255 255 255 255 255 255 255 255 
255 255 255 255 140 027 142 244 255 255 255 212 000 000 070 255 255 255 255 255 255 015 000 000 245 255 255 255 255 255 255 244 000 000 000 205 255 255 255 255 255 255 255 255 255 255 255 255 255 255 255 255 255 255 255 255 255 255 255 247 008 000 000 151 255 255 255 255 255 255 255 255 
255 255 255 255 242 249 255 255 255 255 255 212 000 000 070 255 255 255 255 255 255 015 000 000 245 177 093 124 141 147 153 148 000 000 000 111 126 100 211 255 255 255 255 255 255 255 255 255 106 078 098 117 137 153 156 158 159 161 163 129 000 000 000 140 166 166 166 163 161 159 157 155 
255 255 255 255 255 255 255 255 255 255 255 212 000 000 070 255 255 255 255 255 255 015 000 000 245 145 000 000 000 000 000 000 000 000 000 000 000 000 190 255 255 255 255 255 255 255 255 255 058 000 000 000 000 000 000 000 000 000 000 000 000 000 000 000 000 000 000 000 000 000 000 000 
255 255 255 255 255 255 255 255 255 255 255 212 000 000 009 035 035 035 035 035 035 002 000 000 245 145 000 000 000 000 000 000 000 000 000 000 000 000 190 255 255 255 255 255 255 255 255 255 058 000 000 000 000 000 000 000 000 000 000 000 000 000 000 000 000 000 000 000 000 000 000 000 
130 151 155 158 153 145 112 215 255 255 255 212 000 000 000 000 000 000 000 000 000 000 000 000 245 170 075 102 116 122 128 123 000 000 000 090 099 074 204 255 255 255 255 255 255 255 255 255 147 132 152 172 192 203 206 209 212 215 134 000 000 011 209 218 218 218 218 215 213 210 207 205 
000 000 000 000 000 000 000 221 255 255 255 212 000 000 038 138 138 138 138 138 138 008 000 000 245 255 255 255 255 255 255 244 000 000 000 205 255 255 255 255 255 255 255 255 255 255 255 255 255 255 255 255 255 255 255 255 255 255 049 000 000 107 255 255 255 255 255 255 255 255 255 255 
000 000 000 000 000 000 002 250 255 255 255 212 000 000 070 255 255 255 255 255 255 015 000 000 245 255 255 255 255 255 255 244 000 000 000 205 255 255 255 255 255 255 255 255 255 255 255 255 255 255 255 255 255 255 255 255 255 164 000 000 007 226 255 255 255 255 255 255 255 255 255 255 
040 052 054 041 000 000 011 255 255 255 255 212 000 000 070 255 255 255 255 255 255 015 000 000 245 255 255 255 255 255 255 244 000 000 000 205 255 255 255 255 255 255 255 255 233 096 112 128 144 160 174 177 179 181 183 184 182 020 000 000 070 187 187 187 187 187 187 187 187 186 184 182 
255 255 255 189 000 000 018 255 255 255 255 212 000 000 070 255 255 255 255 255 255 015 000 000 245 255 255 251 227 255 255 244 000 000 000 205 255 255 255 255 255 255 255 255 220 000 000 000 000 000 000 000 000 000 000 000 000 000 000 000 000 000 000 000 000 000 000 000 000 000 000 000 
255 255 255 189 000 000 025 255 255 255 255 212 000 000 021 078 078 078 078 078 078 004 000 000 245 219 050 007 036 255 255 244 000 000 000 205 255 255 255 255 255 255 255 255 220 000 000 000 000 000 000 000 000 000 000 000 000 000 000 000 000 000 000 000 000 000 000 000 000 000 000 000 
255 255 255 189 000 000 027 255 255 255 255 212 000 000 000 000 000 000 000 000 000 000 000 000 245 249 012 000 001 241 255 244 000 000 000 205 255 255 255 255 255 255 255 255 232 097 114 131 149 165 174 179 185 190 100 000 000 000 093 197 197 197 197 197 197 197 197 167 000 000 000 104 
255 255 255 189 000 000 027 255 255 255 255 212 000 000 026 094 094 094 094 094 094 005 000 000 245 255 074 000 000 192 255 244 000 000 000 205 255 255 255 255 255 255 255 255 255 255 255 255 255 255 255 255 255 163 003 000 000 045 246 255 255 255 255 255 255 255 255 255 091 000 000 007 
255 255 255 189 000 000 027 255 255 255 255 212 000 000 070 255 255 255 255 255 255 015 000 000 245 255 122 000 000 142 255 244 000 000 000 205 255 255 255 255 255 255 255 255 255 255 255 255 255 255 255 255 131 001 000 000 020 218 255 255 255 255 255 255 255 255 255 255 242 038 000 000 
255 255 255 189 000 000 027 255 255 255 255 212 000 000 070 255 255 255 255 255 255 015 000 000 245 255 170 000 000 084 255 244 000 000 000 205 255 255 255 255 255 255 255 255 255 255 255 255 255 255 248 098 000 000 000 014 205 255 255 255 255 255 255 255 255 255 255 255 255 211 019 000 
255 255 255 189 000 000 027 255 255 255 255 212 000 000 070 255 255 255 255 255 255 015 000 000 245 255 218 000 000 023 255 244 000 000 000 205 255 255 255 255 255 255 255 255 255 255 255 255 255 201 041 000 000 000 000 051 106 112 119 120 120 120 120 120 118 117 115 114 109 104 060 000 
255 255 255 189 000 000 027 255 255 193 171 140 000 000 036 116 095 074 052 031 010 000 000 000 245 255 254 010 000 000 218 244 000 000 000 205 255 255 255 255 255 255 255 255 255 255 255 248 119 003 000 000 000 000 000 000 000 000 000 000 000 000 000 000 000 000 000 000 000 000 000 000 
255 255 255 189 000 000 027 255 255 106 000 000 000 000 000 000 000 000 000 000 000 000 000 000 245 255 255 030 000 026 191 244 000 000 000 205 255 255 255 255 255 255 255 255 255 255 201 043 000 000 000 000 000 000 000 000 000 000 000 000 000 000 000 000 000 000 000 000 000 000 000 000 
255 255 255 189 000 000 027 255 255 156 000 000 000 003 035 069 092 102 001 000 117 013 000 000 245 255 255 173 216 255 255 244 000 000 000 205 255 255 255 255 255 255 255 255 208 081 001 000 000 000 000 059 085 000 000 006 252 252 252 252 252 252 252 252 252 252 252 252 252 252 180 000 
255 255 255 189 000 000 027 255 255 208 110 170 211 248 255 255 255 087 000 028 245 015 000 000 245 255 255 255 255 255 255 244 000 000 000 205 255 255 255 255 255 255 249 088 001 000 000 000 000 000 107 250 109 000 000 006 255 255 255 255 255 255 255 255 255 255 255 255 255 255 182 000 
255 255 255 189 000 000 027 255 188 181 255 255 255 255 255 255 152 000 000 163 255 015 000 000 245 255 255 255 255 255 255 244 000 000 000 205 255 255 255 255 255 255 255 200 015 000 000 000 015 162 255 255 109 000 000 006 255 255 255 255 255 255 255 255 255 255 255 255 255 255 182 000 
255 255 255 189 000 000 027 241 033 122 255 255 255 255 255 199 008 000 054 254 255 015 000 000 245 255 255 255 255 255 255 244 000 000 000 205 255 255 255 255 255 255 255 255 196 011 000 077 229 255 255 255 109 000 000 002 107 107 107 107 107 107 107 107 107 107 107 107 107 107 077 000 
255 255 255 189 000 000 026 077 000 042 254 255 255 255 207 016 000 013 218 255 255 015 000 000 245 255 255 255 255 255 255 244 000 000 000 205 255 255 255 255 255 255 255 255 255 160 165 255 255 255 255 255 109 000 000 000 000 000 000 000 000 000 000 000 000 000 000 000 000 000 000 000 
255 255 255 187 000 000 000 000 000 061 251 255 255 214 021 000 000 167 255 255 255 015 000 000 245 255 255 255 255 255 255 244 000 000 000 205 255 255 255 255 255 255 255 255 255 255 255 255 255 255 255 255 109 000 000 000 009 009 009 009 009 009 009 009 009 009 009 009 009 009 007 000 
255 255 255 167 000 000 000 000 032 235 255 255 221 026 000 000 103 255 255 255 255 015 000 000 245 255 255 255 255 255 255 244 000 000 000 205 255 255 255 255 255 255 255 255 255 255 255 255 255 255 255 255 109 000 000 006 255 255 255 255 255 255 255 255 255 255 255 255 255 255 182 000 
255 255 255 071 000 000 000 013 211 255 255 199 026 000 000 048 247 255 255 255 255 015 000 000 245 255 255 255 255 255 255 244 000 000 000 205 255 255 255 255 255 255 255 255 255 255 255 255 255 255 255 255 109 000 000 006 255 255 255 255 255 255 255 255 255 255 255 255 255 255 182 000 
255 255 189 000 000 000 002 178 255 255 153 006 000 000 013 218 255 255 255 255 255 015 000 000 245 255 255 255 255 255 255 244 000 000 000 205 255 255 255 255 255 255 255 255 255 255 255 255 255 255 255 255 109 000 000 006 255 255 255 255 255 255 255 255 255 255 255 255 255 255 182 000 
255 216 027 000 000 000 129 255 244 085 000 000 000 003 173 255 255 255 255 255 252 008 000 000 245 255 255 255 255 255 255 230 000 000 000 205 255 255 255 255 255 255 255 255 255 255 255 255 255 255 255 255 109 000 000 004 151 151 151 151 151 151 151 151 151 151 151 151 151 151 108 000 
255 242 067 000 000 075 254 255 255 238 112 004 003 167 255 255 255 223 206 211 115 000 000 000 246 255 255 235 083 117 137 059 000 000 000 206 255 255 255 255 255 255 255 255 255 255 255 255 255 255 255 255 105 000 000 000 000 000 000 000 000 000 000 000 000 000 000 000 000 000 000 000 
255 255 240 042 013 230 255 255 255 255 255 188 167 255 255 255 255 224 009 000 000 000 000 016 254 255 255 255 110 000 000 000 000 000 000 214 255 255 255 255 255 255 255 255 255 255 255 255 255 255 255 255 101 000 000 000 000 000 000 000 000 000 000 000 000 000 000 000 000 000 000 000 
255 255 255 211 142 255 255 255 255 255 255 255 255 255 255 255 255 255 087 000 000 000 000 119 255 255 255 255 194 000 000 000 000 000 038 254 255 255 255 255 255 255 255 255 255 255 255 255 255 255 255 255 091 000 000 005 188 188 188 188 188 188 188 188 188 188 188 188 188 188 135 000 
255 255 255 255 255 255 255 255 255 255 255 255 255 255 255 255 255 255 163 000 020 080 165 255 255 255 255 255 253 009 000 015 068 130 242 255 255 255 255 255 255 255 255 255 255 255 255 255 255 255 255 255 060 000 000 006 255 255 255 255 255 255 255 255 255 255 255 255 255 255 182 000 
255 255 255 255 255 255 255 255 255 255 255 255 255 255 255 255 255 255 245 240 255 255 255 255 255 255 255 255 255 204 228 254 255 255 255 255 255 255 255 255 255 255 255 255 255 255 255 255 255 255 255 255 086 061 061 067 255 255 255 255 255 255 255 255 255 255 255 255 255 255 251 240 
255 255 255 255 255 255 255 255 255 255 255 255 255 255 255 255 255 255 255 255 255 255 255 255 255 255 255 255 255 255 255 255 255 255 255 255 255 255 255 255 255 255 255 255 255 255 255 255 255 255 255 255 255 255 255 255 255 255 255 255 255 255 255 255 255 255 255 255 255 255 255 255 
255 255 255 255 255 255 255 255 255 255 255 255 255 255 255 255 255 255 255 255 255 255 255 255 255 255 255 255 255 255 255 255 255 255 255 255 255 255 255 255 255 255 255 255 255 255 255 255 255 255 255 255 255 255 255 255 255 255 255 255 255 255 255 255 255 255 255 255 255 255 255 255 
255 255 255 255 255 255 255 255 255 255 255 255 255 255 255 255 255 255 255 255 255 255 255 255 255 255 255 255 255 255 255 255 255 255 255 255 255 255 255 255 255 255 255 255 255 255 255 255 255 255 255 255 255 255 255 255 255 255 255 255 255 255 255 255 255 255 255 255 255 255 255 255 
255 255 255 255 255 255 255 255 255 255 255 255 255 255 255 255 255 255 255 255 255 255 255 255 255 255 255 255 255 255 255 255 255 255 255 255 255 255 255 255 255 255 255 255 255 255 255 255 255 255 255 255 255 255 255 255 255 255 255 255 255 255 255 255 255 255 255 255 255 255 255 255 
255 255 255 255 255 255 255 255 255 255 255 255 255 255 255 255 255 255 255 255 255 255 255 255 255 255 255 255 255 255 255 255 255 255 255 255 255 255 255 255 255 255 255 255 255 255 255 255 255 255 255 255 255 255 255 255 255 255 255 255 255 255 255 255 255 255 255 255 255 255 255 255 
255 255 255 255 255 255 255 255 255 255 255 255 255 255 255 255 255 255 255 255 255 255 255 255 255 255 255 255 255 255 255 255 255 255 255 255 255 255 255 255 255 255 255 255 255 255 255 255 255 255 255 255 255 255 255 255 255 255 255 255 255 255 255 255 255 255 255 255 255 255 255 255 
255 255 255 255 255 255 255 255 255 255 255 255 255 255 255 255 255 255 255 255 255 255 255 255 255 255 255 255 255 255 255 255 255 255 255 255 255 255 255 255 255 255 255 255 255 255 255 255 255 255 255 255 255 255 255 255 255 255 255 255 255 255 255 255 255 255 255 255 255 255 255 255 
255 255 255 255 255 255 255 255 255 255 255 255 255 255 255 255 255 255 255 255 255 255 255 255 255 255 255 255 255 255 255 255 255 255 255 255 255 255 255 255 255 255 255 255 255 255 255 255 255 255 255 255 255 255 255 255 255 255 255 255 255 255 255 255 255 255 255 255 255 255 255 255 
255 255 255 255 255 255 255 255 255 255 255 255 255 255 255 255 255 255 255 255 255 255 255 255 255 255 255 255 255 255 255 255 255 255 255 255 255 255 255 255 255 255 255 255 255 255 255 255 255 255 255 255 255 255 255 255 255 255 255 255 255 255 255 255 255 255 255 255 255 255 255 255 
255 255 255 255 255 255 255 255 255 255 255 255 255 255 255 255 255 255 255 255 255 255 255 255 255 255 255 255 255 255 255 255 255 255 255 255 255 255 255 255 255 255 255 255 255 255 255 255 255 255 255 255 255 255 255 255 255 255 255 255 255 255 255 255 255 255 255 255 255 255 255 255 
255 255 255 255 255 255 255 255 255 255 255 255 255 255 255 255 255 255 255 255 255 255 255 255 255 255 255 255 255 255 255 255 255 255 255 255 255 255 255 255 255 255 255 255 255 255 255 255 255 255 255 255 255 255 255 255 255 255 255 255 255 255 255 255 255 255 255 255 255 255 255 255 
255 255 255 255 255 255 255 255 255 255 255 255 255 255 255 255 255 255 255 255 255 255 255 255 255 255 255 255 255 255 255 255 255 255 255 255 255 255 255 255 255 255 255 255 255 255 255 255 255 255 255 255 255 255 255 255 255 255 255 255 255 255 255 255 255 255 255 255 255 255 255 255 
255 255 255 255 255 255 255 255 255 255 255 255 255 255 255 255 255 255 255 255 255 255 255 255 255 255 255 255 255 255 255 255 255 255 255 255 255 255 255 255 255 255 255 255 255 255 255 255 255 255 255 255 255 255 255 255 255 255 255 255 255 255 255 255 255 255 255 255 255 255 255 255 
255 255 255 255 255 255 255 255 255 255 255 255 255 255 255 255 255 255 255 255 255 255 255 255 255 255 255 255 255 255 255 255 255 255 255 255 255 255 255 255 255 255 255 255 255 255 255 255 255 255 255 255 255 255 255 255 255 255 255 255 255 255 255 255 255 255 255 255 255 255 255 255 
255 255 255 255 255 255 255 255 255 255 255 255 255 255 255 255 255 255 255 255 255 255 255 255 255 255 255 255 255 255 255 255 255 255 255 255 255 255 255 255 255 255 255 255 255 255 255 255 255 255 255 255 255 255 255 255 255 255 255 255 255 255 255 255 255 255 255 255 255 255 255 255 
255 255 255 255 255 255 255 255 255 255 255 255 255 255 255 255 255 255 255 255 255 255 255 255 255 255 255 255 255 255 255 255 255 255 255 255 255 255 255 255 255 255 255 255 255 255 255 255 255 255 255 255 255 255 255 255 255 255 255 255 255 255 255 255 255 255 255 255 255 255 255 255 
255 255 255 255 255 255 255 255 255 255 255 255 255 255 255 255 255 255 255 255 255 255 255 255 255 255 255 255 255 255 255 255 255 255 255 255 255 255 255 255 255 255 255 255 255 255 255 255 255 255 255 255 255 255 255 255 255 255 255 255 255 255 255 255 255 255 255 255 255 255 255 255 
255 255 255 255 255 255 255 255 255 255 255 255 255 255 255 255 255 255 255 255 255 255 255 255 255 255 255 255 255 255 255 255 255 255 255 255 255 255 255 255 255 255 255 255 255 255 255 255 255 255 255 255 255 255 255 255 255 255 255 255 255 255 255 255 255 255 255 255 255 255 255 255 
255 255 255 255 255 255 255 255 255 255 255 255 255 255 255 255 255 255 255 255 255 255 255 255 255 255 255 255 255 255 255 255 255 255 255 255 255 255 255 255 255 255 255 255 255 255 255 255 255 255 255 255 255 255 255 255 255 255 255 255 255 255 255 255 255 255 255 255 255 255 255 255 
255 255 255 255 255 255 255 255 255 255 255 255 255 255 255 255 255 255 255 255 255 255 255 255 255 255 255 255 255 255 255 255 255 255 255 255 255 255 255 255 255 255 255 255 255 255 255 255 255 255 255 255 255 255 255 255 255 255 255 255 255 255 255 255 255 255 255 255 255 255 255 255 
255 255 255 255 255 255 255 255 255 255 255 255 255 255 255 255 255 255 255 255 255 255 255 255 255 255 255 255 255 255 255 255 255 255 255 255 255 255 255 255 255 255 255 255 255 255 255 255 255 255 255 255 255 255 255 255 255 255 255 255 255 255 255 255 255 255 255 255 255 255 255 255 
255 255 255 255 255 255 255 255 255 255 255 255 255 255 255 255 255 255 255 255 255 255 255 255 255 255 255 255 255 255 255 255 255 255 255 255 255 255 255 255 255 255 255 255 255 255 255 255 255 255 255 255 255 255 255 255 255 255 255 255 255 255 255 255 255 255 255 255 255 255 255 255 
255 255 255 255 255 255 255 255 255 255 255 255 255 255 255 255 255 255 255 255 255 255 255 255 255 255 255 255 255 255 255 255 255 255 255 255 255 255 255 255 255 255 255 255 255 255 255 255 255 255 255 255 255 255 255 255 255 255 255 255 255 255 255 255 255 255 255 255 255 255 255 255 
255 255 255 255 255 255 255 255 255 255 255 255 255 255 255 255 255 255 255 255 255 255 255 255 255 255 255 255 255 255 255 255 255 255 255 255 255 255 255 255 255 255 255 255 255 255 255 255 255 255 255 255 255 255 255 255 255 255 255 255 255 255 255 255 255 255 255 255 255 255 255 255 
255 255 255 255 255 255 255 255 255 255 255 255 255 255 255 255 255 255 255 255 255 255 255 255 255 255 255 255 255 255 255 255 255 255 255 255 255 255 255 255 255 255 255 255 255 255 255 255 255 255 255 255 255 255 255 255 255 255 255 255 255 255 255 255 255 255 255 255 255 255 255 255 
255 255 255 255 255 255 255 255 255 255 255 255 255 255 255 255 255 255 255 255 255 255 255 255 255 255 255 255 255 255 255 255 255 255 255 255 255 255 255 255 255 255 255 255 255 255 255 255 255 255 255 255 255 255 255 255 255 255 255 255 255 255 255 255 255 255 255 255 255 255 255 255 
255 255 255 255 255 255 255 255 255 255 255 255 255 255 255 255 255 255 255 255 255 255 255 255 255 255 255 255 255 255 255 255 255 255 255 255 255 255 255 255 255 255 255 255 255 255 255 255 255 255 255 255 255 255 255 255 255 255 255 255 255 255 255 255 255 255 255 255 255 255 255 255 
255 255 255 255 255 255 255 255 255 255 255 255 255 255 255 255 255 255 255 255 255 255 255 255 255 255 255 255 255 255 255 255 255 255 255 255 255 255 255 255 255 255 255 255 255 255 255 255 255 255 255 255 255 255 255 255 255 255 255 255 255 255 255 255 255 255 255 255 255 255 255 255 
255 255 255 255 255 255 255 255 255 255 255 255 255 255 255 255 255 255 255 255 255 255 255 255 255 255 255 255 255 255 255 255 255 255 255 255 255 255 255 255 255 255 255 255 255 255 255 255 255 255 255 255 255 255 255 255 255 255 255 255 255 255 255 255 255 255 255 255 255 255 255 255 
255 255 255 255 255 255 255 255 255 255 255 255 255 255 255 255 255 255 255 255 255 255 255 255 255 255 255 255 255 255 255 255 255 255 255 255 255 255 255 255 255 255 255 255 255 255 255 255 255 255 255 255 255 255 255 255 255 255 255 255 255 255 255 255 255 255 255 255 255 255 255 255 
255 255 255 255 255 255 255 255 255 255 255 255 234 209 223 236 251 255 255 255 255 255 255 255 255 255 255 255 255 255 255 255 255 255 255 255 255 255 255 255 255 247 234 221 208 236 255 255 255 255 255 255 255 229 155 192 215 218 221 224 226 229 230 227 224 221 219 216 205 173 166 255 
255 255 255 255 255 255 255 255 255 255 255 255 158 000 000 000 000 008 022 031 032 034 035 036 037 038 039 040 042 041 039 037 036 034 032 031 029 027 026 018 005 000 000 000 000 167 255 255 255 255 255 255 255 200 000 000 000 000 000 000 000 000 000 000 000 000 000 000 000 000 050 255 
255 255 255 255 255 255 255 255 255 255 255 255 158 000 000 000 000 000 000 000 000 000 000 000 000 000 000 000 000 000 000 000 000 000 000 000 000 000 000 000 000 000 000 000 000 167 255 255 255 255 255 255 255 200 000 000 000 000 000 000 000 000 000 000 000 000 000 000 000 000 050 255 
255 255 255 255 255 255 255 255 255 255 255 255 158 000 000 000 000 000 000 000 000 000 000 000 000 000 000 000 000 000 000 000 000 000 000 000 000 000 000 000 000 000 000 000 000 167 255 255 255 255 255 255 255 200 000 000 000 000 000 000 000 000 000 000 000 000 000 000 000 000 050 255 
255 255 255 255 255 255 255 255 255 255 255 255 192 097 111 125 139 153 167 175 177 178 179 180 181 182 183 184 185 185 184 183 182 181 180 179 178 177 175 167 153 138 124 110 096 198 255 255 255 255 255 255 255 229 156 192 217 224 230 230 230 230 230 230 146 000 000 008 209 186 169 255 
255 255 255 255 255 255 255 255 255 255 255 255 255 255 255 255 255 255 255 255 255 255 255 255 255 255 255 255 255 255 255 255 255 255 255 255 255 255 255 255 255 255 255 255 255 255 255 255 255 255 255 255 255 255 255 255 255 255 255 255 255 255 255 255 161 000 000 009 255 255 255 255 
255 255 255 255 255 255 255 255 255 255 255 255 255 255 255 255 255 255 255 255 255 255 255 255 255 255 255 255 255 255 255 255 255 255 255 255 255 255 255 255 255 255 255 255 255 255 255 255 255 255 255 255 255 255 255 255 233 225 255 255 255 255 255 255 161 000 000 009 255 255 255 255 
034 126 255 255 255 255 255 255 255 255 255 255 255 255 255 255 255 255 254 198 220 242 255 255 255 255 255 255 255 255 255 255 255 255 255 245 224 203 237 255 255 255 255 255 255 255 255 255 255 255 255 255 255 255 255 255 164 001 053 104 161 255 255 255 161 000 000 009 255 255 255 255 
000 113 255 255 255 255 255 255 255 255 255 255 255 255 255 255 255 255 255 006 000 000 007 010 012 014 016 018 019 017 015 012 009 007 004 000 000 000 197 255 255 255 255 255 255 255 255 255 255 255 255 255 255 255 255 255 130 000 000 000 116 255 255 255 161 000 000 009 255 255 255 255 
000 113 255 255 255 255 255 255 255 255 255 255 255 255 255 255 255 255 255 027 000 000 000 000 000 000 000 000 000 000 000 000 000 000 000 000 000 000 220 255 255 255 255 255 255 255 255 255 255 255 255 255 255 255 255 255 096 000 000 023 252 255 255 255 161 000 000 009 255 255 255 255 
000 113 255 255 255 255 255 255 255 255 255 255 255 255 255 255 255 255 255 048 000 000 023 040 040 040 040 000 000 000 036 040 040 040 034 000 000 000 243 255 255 255 255 255 255 255 255 255 255 255 255 255 255 255 255 255 062 000 000 106 255 255 255 255 161 000 000 009 255 255 255 255 
000 113 255 255 255 255 255 255 255 255 255 236 191 220 227 219 231 255 255 056 000 000 148 255 255 255 255 002 000 000 225 255 255 255 215 000 000 000 250 255 255 205 180 199 206 197 223 255 255 255 255 255 255 255 255 255 022 000 000 192 255 255 255 255 161 000 000 009 255 255 255 255 
000 113 255 255 255 255 255 255 255 255 255 214 000 000 000 004 170 255 255 061 000 000 148 255 255 255 255 002 000 000 225 255 255 255 215 000 000 000 253 255 255 144 000 000 000 034 198 255 255 255 255 255 255 255 255 214 000 000 015 253 255 255 255 255 161 000 000 009 255 255 255 255 
000 113 255 255 255 255 255 255 255 255 255 243 000 000 000 095 255 255 255 067 000 000 148 255 255 255 255 002 000 000 225 255 255 255 215 000 000 001 255 255 255 178 000 000 000 184 255 255 255 255 255 255 255 255 255 149 000 000 072 255 255 255 255 255 161 000 000 009 255 255 255 255 
000 113 255 255 255 255 255 255 255 255 255 253 000 000 000 146 255 255 255 068 000 000 148 255 255 255 255 002 000 000 225 255 255 255 215 000 000 001 255 255 255 183 000 000 000 212 255 255 255 255 255 255 255 255 255 076 000 000 132 255 255 255 255 255 161 000 000 009 255 255 255 254 
189 219 255 255 255 255 255 255 255 255 255 255 000 000 000 147 255 255 255 068 000 000 148 255 255 255 255 002 000 000 225 255 255 255 215 000 000 001 255 255 255 188 000 000 000 212 255 255 255 255 255 255 255 255 186 000 000 000 051 076 076 076 076 076 048 000 000 002 063 060 039 074 
255 255 255 255 255 255 255 255 255 255 255 255 001 000 000 147 255 255 255 068 000 000 045 078 078 078 078 000 000 000 069 078 078 078 066 000 000 001 255 255 255 192 000 000 000 212 255 255 255 255 255 255 255 255 078 000 000 000 000 000 000 000 000 000 000 000 000 000 000 000 000 070 
255 255 255 255 255 255 255 255 255 255 255 255 001 000 000 147 255 255 255 068 000 000 000 000 000 000 000 000 000 000 000 000 000 000 000 000 000 001 255 255 255 192 000 000 000 212 255 255 255 255 255 255 255 255 187 000 000 000 000 000 000 000 000 000 000 000 000 000 000 000 000 070 
255 255 255 255 255 255 255 255 255 255 255 255 001 000 000 147 255 255 255 068 000 000 000 000 000 000 000 000 000 000 000 000 000 000 000 000 000 001 255 255 255 192 000 000 000 212 255 255 255 255 255 255 255 255 249 007 023 064 102 132 143 024 000 055 095 000 000 005 137 132 118 139 
255 255 255 255 255 255 255 255 255 255 255 255 001 000 000 147 255 255 255 068 000 000 132 227 227 227 227 002 000 000 201 227 227 227 192 000 000 001 255 255 255 192 000 000 000 212 255 255 255 255 255 255 255 255 255 214 255 255 255 255 227 001 000 148 161 000 000 009 255 255 255 255 
255 255 255 255 255 255 255 255 255 255 255 255 001 000 000 147 255 255 255 068 000 000 148 255 255 255 255 002 000 000 225 255 255 255 215 000 000 001 255 255 255 192 000 000 000 212 255 255 255 255 255 255 255 255 255 255 255 255 255 255 139 000 000 218 161 000 000 009 255 255 255 255 
255 255 255 255 255 255 255 255 255 255 255 255 001 000 000 147 255 255 255 068 000 000 148 255 255 255 255 002 000 000 225 255 255 255 215 000 000 001 255 255 255 192 000 000 000 212 255 255 255 255 255 255 255 255 255 255 255 255 255 251 030 000 036 255 161 000 000 009 255 255 255 255 
255 255 255 255 255 255 255 255 255 255 255 255 001 000 000 147 255 255 255 065 000 000 148 255 255 255 255 002 000 000 225 255 255 255 215 000 000 000 254 255 255 192 000 000 000 212 255 255 255 255 255 255 255 255 255 255 255 255 255 162 000 000 126 255 161 000 000 009 255 255 255 255 
128 155 255 255 255 255 255 255 255 255 255 255 001 000 000 147 255 255 255 062 000 000 148 255 255 255 255 002 000 000 225 255 255 255 215 000 000 000 249 255 255 192 000 000 000 212 255 255 255 255 255 255 255 255 255 255 255 255 255 044 000 000 216 255 161 000 000 009 255 255 255 255 
000 069 255 255 255 255 255 255 255 255 255 255 001 000 000 147 255 255 255 059 000 000 099 170 170 170 170 002 000 000 150 170 170 170 144 000 000 000 244 255 255 192 000 000 000 212 255 255 255 255 255 255 255 255 255 255 255 255 167 000 000 051 255 255 161 000 000 009 255 255 255 255 
000 069 255 255 255 255 255 255 255 255 255 255 001 000 000 147 255 255 255 046 000 000 000 000 000 000 000 000 000 000 000 000 000 000 000 000 000 000 230 255 255 192 000 000 000 212 255 255 255 255 255 255 255 255 255 255 255 236 022 000 000 142 255 255 161 000 000 009 255 255 255 255 
000 069 255 255 255 255 255 255 255 255 255 255 001 000 000 147 255 255 255 021 000 000 000 000 000 000 000 000 000 000 000 000 000 000 000 000 000 000 207 255 255 192 000 000 000 212 255 255 255 255 255 255 255 255 255 255 255 092 000 000 010 234 255 255 161 000 000 009 255 255 255 135 
120 148 255 255 255 255 255 255 255 255 255 255 001 000 000 147 255 255 254 070 088 108 126 132 133 134 135 135 136 136 136 135 134 133 132 121 099 076 204 255 255 192 000 000 000 212 255 255 255 255 255 255 255 255 255 255 174 000 000 000 117 255 255 255 161 000 000 009 255 255 255 038 
255 255 255 255 255 255 255 255 255 255 255 255 001 000 000 147 255 255 255 255 255 255 255 255 255 255 255 255 255 255 255 255 255 255 255 255 255 255 255 255 255 192 000 000 000 212 255 255 255 255 255 255 255 255 255 205 011 000 000 012 235 255 255 255 161 000 000 009 255 255 255 038 
255 255 255 255 255 255 255 255 255 255 255 254 000 000 000 147 255 255 255 255 255 255 255 255 255 255 255 255 255 255 255 255 255 255 255 255 255 255 255 255 255 192 000 000 000 212 255 255 255 255 255 255 255 255 227 026 000 000 000 120 255 255 255 255 161 000 000 009 255 255 255 039 
255 255 255 255 255 255 255 255 255 255 255 248 000 000 000 147 255 255 255 255 255 255 255 255 255 255 255 255 255 255 255 255 255 255 255 255 255 255 255 255 255 192 000 000 000 212 255 255 255 255 255 255 255 235 046 000 000 000 026 238 255 255 255 255 161 000 000 009 255 255 255 252 
255 255 255 255 255 255 255 255 255 255 255 243 000 000 000 137 234 231 228 225 222 219 216 213 210 207 204 201 198 195 192 189 186 183 180 178 175 172 169 166 163 121 000 000 000 212 255 255 255 255 255 255 250 045 000 000 000 002 189 255 255 255 255 255 160 000 000 009 255 255 255 255 
255 255 255 255 255 255 255 255 255 255 255 238 000 000 000 000 000 000 000 000 000 000 000 000 000 000 000 000 000 000 000 000 000 000 000 000 000 000 000 000 000 000 000 000 000 212 255 255 255 255 255 255 255 111 000 000 000 121 255 255 255 255 255 254 097 000 000 009 255 255 255 255 
255 255 255 255 255 255 255 255 255 255 255 218 000 000 000 000 000 000 000 000 000 000 000 000 000 000 000 000 000 000 000 000 000 000 000 000 000 000 000 000 000 000 000 000 000 207 255 255 255 255 255 255 255 249 039 000 058 251 255 237 128 127 114 032 000 000 000 010 255 255 255 255 
255 255 255 255 255 255 255 255 255 255 255 190 000 000 000 000 000 000 000 000 000 000 000 000 000 000 000 000 000 000 000 000 000 001 005 009 013 017 021 025 029 025 000 000 000 201 255 255 255 255 255 255 255 255 160 044 236 255 255 255 086 000 000 000 000 000 000 043 255 255 255 255 
255 255 255 255 255 255 255 255 255 255 255 196 101 127 143 150 157 164 171 178 185 192 199 206 213 220 227 232 236 240 244 248 253 255 255 255 255 255 255 255 255 192 000 000 000 193 255 255 255 255 255 255 255 255 251 233 255 255 255 255 205 000 000 000 000 000 004 155 255 255 255 255 
255 255 255 255 255 255 255 255 255 255 255 255 255 255 255 255 255 255 255 255 255 255 255 255 255 255 255 255 255 255 255 255 255 255 255 255 255 255 255 255 255 192 000 000 000 166 255 255 255 255 255 255 255 255 255 255 255 255 255 255 255 053 000 000 035 110 204 255 255 255 255 255 
255 255 255 255 255 255 255 255 255 255 255 255 255 255 255 255 255 255 255 255 255 255 255 255 255 255 255 255 255 255 255 255 255 255 255 255 255 255 255 255 255 222 119 119 119 196 255 255 255 255 255 255 255 255 255 255 255 255 255 255 255 177 164 220 255 255 255 255 255 255 255 255 
255 255 255 255 255 255 255 255 255 255 255 255 255 255 255 255 255 255 255 255 255 255 255 255 255 255 255 255 255 255 255 255 255 255 255 255 255 255 255 255 255 255 255 255 255 255 255 255 255 255 255 255 255 255 255 255 255 255 255 255 255 255 255 255 255 255 255 255 255 255 255 255 
255 255 255 255 255 255 255 255 255 255 255 255 255 255 255 255 255 255 255 255 255 255 255 255 255 255 255 255 255 255 255 255 255 255 255 255 255 255 255 255 255 255 255 255 255 255 255 255 255 255 255 255 255 255 255 255 255 255 255 255 255 255 255 255 255 255 255 255 255 255 255 255 
255 255 255 255 255 255 255 255 255 255 255 255 255 255 255 255 255 255 255 255 255 255 255 255 255 255 255 255 255 255 255 255 255 255 255 255 255 255 255 255 255 255 255 255 255 255 255 255 255 255 255 255 255 255 255 255 255 255 255 255 255 255 255 255 255 255 255 255 255 255 255 255 
255 255 255 255 255 255 255 255 255 255 255 255 255 255 255 255 255 255 255 255 255 255 255 255 255 255 255 255 255 255 255 255 255 255 255 255 255 255 255 255 255 255 255 255 255 255 255 255 255 255 255 255 255 255 255 255 255 255 255 255 255 255 255 255 255 255 255 255 255 255 255 255 
255 255 255 255 255 255 255 255 255 255 255 255 255 255 255 255 255 255 255 255 255 255 255 255 255 255 255 255 255 255 255 255 255 255 255 255 255 255 255 255 255 255 255 255 255 255 255 255 255 255 255 255 255 255 255 255 255 255 255 255 255 255 255 255 255 255 255 255 255 255 255 255 
255 255 255 255 255 255 255 255 255 255 255 255 255 255 255 255 255 255 255 255 255 255 255 255 255 255 255 255 255 255 255 255 255 255 255 255 255 255 255 255 255 255 255 255 255 255 255 255 255 255 255 255 255 255 255 255 255 255 255 255 255 255 255 255 255 255 255 255 255 255 255 255 
255 255 255 255 255 255 255 255 255 255 255 255 255 255 255 255 255 255 255 255 255 255 255 255 255 255 255 255 255 255 255 255 255 255 255 255 255 255 255 255 255 255 255 255 255 255 255 255 255 255 255 255 255 255 255 255 255 255 255 255 255 255 255 255 255 255 255 255 255 255 255 255 
255 255 255 255 255 255 255 255 255 255 255 255 255 255 255 255 255 255 255 255 255 255 255 255 255 255 255 255 255 255 255 255 255 255 255 255 255 255 255 255 255 255 255 255 255 255 255 255 255 255 255 255 255 255 255 255 255 255 255 255 255 255 255 255 255 255 255 255 255 255 255 255 
255 255 255 255 255 255 255 255 255 255 255 255 255 255 255 255 255 255 255 255 255 255 255 255 255 255 255 255 255 255 255 255 255 255 255 255 255 255 255 255 255 255 255 255 255 255 255 255 255 255 255 255 255 255 255 255 255 255 255 255 255 255 255 255 255 255 255 255 255 255 255 255 
255 255 255 255 255 255 255 255 255 255 255 255 255 255 255 255 255 255 255 255 255 255 255 255 255 255 255 255 255 255 255 255 255 255 255 255 255 255 255 255 255 255 255 255 255 255 255 255 255 255 255 255 255 255 255 255 255 255 255 255 255 255 255 255 255 255 255 255 255 255 255 255 
255 255 255 255 255 255 255 255 255 255 255 255 255 255 255 255 255 255 255 255 255 255 255 255 255 255 255 255 255 255 255 255 255 255 255 255 255 255 255 255 255 255 255 255 255 255 255 255 255 255 255 255 255 255 255 255 255 255 255 255 255 255 255 255 255 255 255 255 255 255 255 255 
255 255 255 255 255 255 255 255 255 255 255 255 255 255 255 255 255 255 255 255 255 255 255 255 255 255 255 255 255 255 255 255 255 255 255 255 255 255 255 255 255 255 255 255 255 255 255 255 255 255 255 255 255 255 255 255 255 255 255 255 255 255 255 255 255 255 255 255 255 255 255 255 
255 255 255 255 255 255 255 255 255 255 255 255 255 255 255 255 255 255 255 255 255 255 255 255 255 255 255 255 255 255 255 255 255 255 255 255 255 255 255 255 255 255 255 255 255 255 255 255 255 255 255 255 255 255 255 255 255 255 255 255 255 255 255 255 255 255 255 255 255 255 255 255 
255 255 255 255 255 255 255 255 255 255 255 255 255 255 255 255 255 255 255 255 255 255 255 255 255 255 255 255 255 255 255 255 255 255 255 255 255 255 255 255 255 255 255 255 255 255 255 255 255 255 255 255 255 255 255 255 255 255 255 255 255 255 255 255 255 255 255 255 255 255 255 255 
255 255 255 255 255 255 255 255 255 255 255 255 255 255 255 255 255 255 255 255 255 255 255 255 255 255 255 255 255 255 255 255 255 255 255 255 255 255 255 255 255 255 255 255 255 255 255 255 255 255 255 255 255 255 255 255 255 255 255 255 255 255 255 255 255 255 255 255 255 255 255 255 
255 255 255 255 255 255 255 255 255 255 255 255 255 255 255 255 255 255 255 255 255 255 255 255 255 255 255 255 255 255 255 255 255 255 255 255 255 255 255 255 255 255 255 255 255 255 255 255 255 255 255 255 255 255 255 255 255 255 255 255 255 255 255 255 255 255 255 255 255 255 255 255 
255 255 255 255 255 255 255 255 255 255 255 255 255 255 255 255 255 255 255 255 255 255 255 255 255 255 255 255 255 255 255 255 255 255 255 255 255 255 255 255 255 255 255 255 255 255 255 255 255 255 255 255 255 255 255 255 255 255 255 255 255 255 255 255 255 255 255 255 255 255 255 255 
255 255 255 255 255 255 255 255 255 255 255 255 255 255 255 255 255 255 255 255 255 255 255 255 255 255 255 255 255 255 255 255 255 255 255 255 255 255 255 255 255 255 255 255 255 255 255 255 255 255 255 255 255 255 255 255 255 255 255 255 255 255 255 255 255 255 255 255 255 255 255 255 
255 255 255 255 255 255 255 255 255 255 255 255 255 255 255 255 255 255 255 255 255 255 255 255 255 255 255 255 255 255 255 255 255 255 255 255 255 255 255 255 255 255 255 255 255 255 255 255 255 255 255 255 255 255 255 255 255 255 255 255 255 255 255 255 255 255 255 255 255 255 255 255 
255 255 255 255 255 255 255 255 255 255 255 255 255 255 255 255 255 255 255 255 255 255 255 255 255 255 255 255 255 255 255 255 255 255 255 255 255 255 255 255 255 255 255 255 255 255 255 255 255 255 255 255 255 255 255 255 255 255 255 255 255 255 255 255 255 255 255 255 255 255 255 255 
255 255 255 255 255 255 255 255 255 255 255 255 255 255 255 255 255 255 255 255 255 255 255 255 255 255 255 255 255 255 255 255 255 255 255 255 255 255 255 255 255 255 255 255 255 255 255 255 255 255 255 255 255 255 255 255 255 255 255 255 255 255 255 255 255 255 255 255 255 255 255 255 
255 255 255 255 255 255 255 255 255 255 255 255 255 255 255 255 255 255 255 255 255 255 255 255 255 255 255 255 255 255 255 255 255 255 255 255 255 255 255 255 255 255 255 255 255 255 255 255 255 255 255 255 255 255 255 255 255 255 255 255 255 255 255 255 255 255 255 255 255 255 255 255 
255 255 255 255 255 255 255 255 255 255 255 255 255 255 255 255 255 255 255 255 255 255 255 255 255 255 255 255 255 255 255 255 255 255 255 255 255 255 255 255 255 255 255 255 255 255 255 255 255 255 255 255 255 255 255 255 255 255 255 255 255 255 255 255 255 255 255 255 255 255 255 255 
255 255 255 255 255 255 255 255 255 255 255 255 255 255 255 255 255 255 255 255 255 255 255 255 255 255 255 255 255 255 255 255 255 255 255 255 255 255 255 255 255 255 255 255 255 255 255 255 255 255 255 255 255 255 255 255 255 255 255 255 255 255 255 255 255 255 255 255 255 255 255 255 
255 255 255 255 255 255 255 255 255 255 255 255 255 255 255 255 255 255 255 255 255 255 255 255 255 255 255 255 255 255 255 255 255 255 255 255 255 255 255 255 255 255 255 255 255 255 255 255 255 255 255 255 255 255 255 255 255 255 255 255 255 255 255 255 255 255 255 255 255 255 255 255 
255 255 255 255 255 255 255 255 255 255 255 255 255 255 255 255 255 255 255 255 255 255 255 255 255 255 255 255 255 255 255 255 255 255 255 255 255 255 255 255 255 255 255 255 255 255 255 255 255 255 255 255 255 255 255 255 255 255 255 255 255 255 255 255 255 255 255 255 255 255 255 255 
255 255 255 255 255 255 255 255 255 255 255 255 255 255 255 255 255 255 255 255 255 255 255 255 255 255 255 255 255 255 255 255 255 255 255 255 255 255 255 255 255 255 255 255 255 255 255 255 255 255 255 255 255 255 255 255 255 255 255 255 255 255 255 255 255 255 255 255 255 255 255 255 
255 255 255 255 255 255 255 255 255 255 255 255 255 255 255 255 255 255 255 255 255 255 255 255 255 255 255 255 255 255 255 255 255 255 255 255 255 255 234 255 255 255 255 255 255 255 255 255 255 255 255 255 255 255 255 255 255 255 255 255 255 255 255 255 255 255 255 255 255 255 255 255 
255 255 255 255 255 255 255 255 255 255 255 255 255 255 255 255 255 255 255 255 255 255 255 233 177 253 255 255 255 255 255 255 255 255 255 255 255 218 003 040 108 155 201 255 255 255 255 255 255 255 255 255 255 255 255 255 255 255 255 255 255 255 255 255 255 255 206 200 234 243 251 255 
255 255 255 255 255 255 255 255 255 255 255 255 255 255 255 255 255 255 255 255 255 255 255 167 000 030 100 149 220 255 255 255 255 255 255 255 255 096 000 000 000 000 112 255 255 255 255 255 255 255 255 255 255 255 255 255 255 255 255 255 255 255 255 255 255 255 140 000 000 000 000 197 
255 255 255 255 255 255 255 255 255 255 255 255 255 255 255 255 255 255 255 255 255 255 255 101 000 000 000 007 165 255 255 255 255 255 255 255 197 002 000 000 000 000 100 255 255 255 255 255 255 255 255 255 255 255 255 255 255 255 255 255 255 255 255 255 255 255 167 000 000 000 100 255 
255 255 255 255 255 255 255 255 255 255 255 255 255 255 255 255 255 255 255 255 255 255 252 021 000 000 000 176 255 255 255 255 255 255 255 245 037 000 000 000 003 000 000 167 255 255 255 255 255 255 255 255 255 255 255 255 255 255 255 255 255 255 255 255 255 255 181 000 000 000 205 255 
197 199 197 195 193 191 189 184 163 141 120 255 255 255 255 255 255 255 255 255 255 255 189 000 000 000 070 255 255 255 255 255 255 255 255 110 000 000 000 063 180 001 000 006 179 255 255 255 255 255 255 255 255 255 255 255 255 255 255 255 255 255 255 255 255 255 195 000 000 000 229 255 
000 000 000 000 000 000 000 000 000 000 000 254 255 255 255 255 255 255 255 255 255 255 104 000 000 000 186 255 255 255 255 255 255 255 191 001 000 000 027 233 255 115 000 000 006 179 255 255 255 255 255 255 255 255 255 255 255 255 255 255 255 255 255 255 255 255 210 000 000 000 229 255 
