255 255 255 255 255 255 255 255 255 255 255 255 255 255 255 255 255 255 255 255 255 255 255 255 255 255 255 255 255 255 255 255 255 255 255 255 255 255 255 255 255 255 255 255 255 255 255 255 255 255 255 255 255 255 255 255 255 255 255 255 255 255 255 255 255 255 255 255 255 255 255 255 
255 255 255 255 255 255 255 255 255 255 255 255 255 255 255 255 255 255 255 255 255 255 255 255 255 255 255 255 255 255 255 255 255 255 255 255 255 255 255 255 255 255 255 255 255 255 255 255 255 255 255 255 255 255 255 255 255 255 255 255 255 255 255 255 255 255 255 255 255 255 255 255 
255 255 255 255 255 255 255 255 255 255 255 255 255 255 255 255 255 255 255 255 255 255 255 255 255 255 255 255 255 255 255 255 255 255 255 255 255 255 255 255 255 255 255 255 255 255 255 255 255 255 255 255 255 255 255 255 255 255 255 255 255 255 255 255 255 255 255 255 255 255 255 255 
255 255 255 255 255 255 255 255 255 255 255 255 255 255 255 255 255 255 255 255 255 255 255 255 255 255 255 255 255 255 255 255 255 255 255 255 255 255 255 255 255 255 255 255 255 255 255 255 255 255 255 255 255 255 255 255 255 255 255 255 255 255 255 255 255 255 255 255 255 255 255 255 
255 255 255 255 255 255 255 255 255 255 255 255 255 255 255 255 255 255 255 255 255 255 255 255 255 255 255 255 255 255 255 255 255 255 255 255 255 255 255 255 255 255 255 255 255 255 255 255 255 255 255 255 255 255 255 255 255 255 255 255 255 255 255 255 255 255 255 255 255 255 255 255 
255 255 255 255 255 255 255 255 255 255 255 255 255 255 255 255 255 255 255 255 255 255 255 255 255 255 255 255 255 255 255 255 255 255 255 255 255 255 255 255 255 255 255 255 255 255 255 255 255 255 255 255 255 255 255 255 255 255 255 255 255 255 255 255 255 255 255 255 255 255 255 255 
255 255 255 255 255 255 255 255 255 255 255 255 255 255 255 255 255 255 255 255 255 255 255 255 255 255 255 255 255 255 255 255 255 255 255 255 255 255 255 255 255 255 255 255 255 255 255 255 255 255 255 255 255 255 255 255 255 255 255 255 255 255 255 255 255 255 255 255 255 255 255 255 
255 255 255 255 255 255 255 255 255 255 255 255 255 255 255 255 255 255 255 255 255 255 255 255 255 255 255 255 255 255 255 255 255 255 255 255 255 255 255 255 255 255 255 255 255 255 255 255 255 255 255 255 255 255 255 255 255 255 255 255 255 255 255 255 255 255 255 255 255 255 255 255 
255 255 255 255 255 255 255 255 255 255 255 255 255 255 255 255 255 255 255 255 255 255 255 255 255 255 255 255 255 255 255 255 255 255 255 255 255 255 255 255 255 255 255 255 255 255 255 255 255 255 255 255 255 255 255 255 255 255 255 255 255 255 255 255 255 255 255 255 255 255 255 255 
255 255 255 255 255 255 255 255 255 255 255 255 255 255 255 255 255 255 255 255 255 255 255 255 255 255 255 255 255 255 255 255 255 255 255 255 255 255 255 255 255 255 255 255 255 255 255 255 255 255 255 255 255 255 255 255 255 255 255 255 255 255 255 255 255 255 255 255 255 255 255 255 
255 255 255 255 255 255 255 255 255 255 255 255 255 255 255 255 255 255 255 255 255 255 255 255 255 255 255 255 255 255 255 255 255 255 255 255 255 255 255 255 255 255 255 255 255 255 255 255 255 255 255 255 255 255 255 255 255 255 255 255 255 255 255 255 255 255 255 255 255 255 255 255 
255 255 255 255 255 255 255 255 255 255 255 255 255 255 255 255 255 255 255 255 255 255 255 255 255 255 255 255 255 255 255 255 255 255 255 255 255 255 255 255 255 255 255 255 255 255 255 255 255 255 255 255 255 255 255 255 255 255 255 255 255 255 255 255 255 255 255 255 255 255 255 255 
255 255 255 255 255 255 255 255 255 255 255 255 255 255 255 255 255 255 255 255 255 255 255 255 255 255 255 255 255 255 255 255 255 255 255 255 255 255 255 255 255 255 255 255 255 255 255 255 255 255 255 255 255 255 255 255 255 255 255 255 255 255 255 255 255 255 255 255 255 255 255 255 
255 255 255 255 255 255 255 255 255 255 255 255 255 255 255 255 255 255 255 255 255 255 255 255 255 255 255 255 255 255 255 255 255 255 255 255 255 255 255 255 255 255 255 255 255 255 255 255 255 255 255 255 255 255 255 255 255 255 255 255 255 255 255 255 255 255 255 255 255 255 255 255 
255 255 255 255 255 255 255 255 255 255 255 255 255 255 255 255 255 255 255 255 255 255 255 255 255 255 255 255 255 255 255 255 255 255 255 255 255 255 255 255 255 255 255 255 255 255 255 255 255 255 255 255 255 255 255 255 255 255 255 255 255 255 255 255 255 255 255 255 255 255 255 255 
255 255 255 255 255 255 255 255 255 255 255 255 255 255 255 255 255 255 255 255 255 255 255 255 255 255 255 255 255 255 255 255 255 255 255 255 255 255 255 255 255 255 255 255 255 255 255 255 255 255 255 255 255 255 255 255 255 255 255 255 255 255 255 255 255 255 255 255 255 255 255 255 
255 255 255 255 255 255 255 255 255 255 255 255 255 255 255 255 255 255 255 255 255 255 255 255 255 255 255 255 255 255 255 255 255 255 255 255 255 255 255 255 255 255 255 255 255 255 255 255 255 255 255 255 255 255 255 255 255 255 255 255 255 255 255 255 255 255 255 255 255 255 255 255 
255 255 255 255 255 255 255 255 255 255 255 255 255 255 255 255 255 255 255 255 255 255 255 255 255 255 255 255 255 255 255 255 255 255 255 255 255 255 255 255 255 255 255 255 255 255 255 255 255 255 255 255 255 255 255 255 255 255 255 255 255 255 255 255 255 255 255 255 255 255 255 255 
255 255 255 255 255 255 255 255 255 255 255 255 255 255 255 255 255 255 255 255 255 255 255 255 255 255 255 255 255 255 255 255 255 255 255 255 255 255 255 255 255 255 255 255 255 255 255 255 255 255 255 255 255 255 255 255 255 241 247 255 255 255 255 255 255 255 255 255 255 255 255 255 
255 255 255 255 255 255 255 255 255 255 255 255 255 255 255 255 255 255 255 255 255 255 255 255 255 255 255 255 255 255 255 255 255 255 255 255 255 255 255 255 255 255 255 255 255 255 255 255 255 255 255 255 255 255 255 255 255 158 003 037 058 064 145 255 255 255 255 255 255 255 255 255 
255 255 255 255 255 255 255 255 255 255 255 255 255 255 255 255 255 255 255 255 255 255 255 255 255 255 255 255 255 255 255 255 255 255 255 255 255 255 255 255 255 255 255 255 255 255 255 255 255 255 255 255 255 255 255 255 255 172 000 000 000 048 240 255 255 255 255 255 255 255 255 255 
255 110 117 142 166 173 177 180 184 187 192 191 189 186 183 180 178 166 140 114 131 255 255 255 255 255 255 255 255 255 255 255 255 255 255 255 255 255 255 255 255 255 255 255 255 255 255 255 255 255 255 255 255 255 255 255 255 186 000 000 000 121 255 255 255 255 255 255 255 255 255 255 
255 050 000 000 000 000 000 000 000 000 000 000 000 000 000 000 000 000 000 000 084 255 255 255 255 255 255 255 255 255 255 255 255 255 255 255 255 255 255 255 255 255 255 255 255 255 255 255 255 255 255 255 255 255 255 255 255 189 000 000 000 121 255 255 255 255 255 255 255 255 255 255 
255 078 000 000 000 000 000 000 000 000 000 000 000 000 000 000 000 000 000 000 107 255 255 255 255 255 255 255 255 255 255 255 255 255 255 255 255 255 255 255 255 255 255 255 255 255 255 255 255 255 255 255 255 255 255 255 255 190 000 000 000 121 255 255 255 255 255 255 255 255 255 255 
255 087 000 000 007 034 034 034 034 034 034 034 034 034 034 034 034 001 000 000 112 255 255 255 255 255 255 255 105 075 093 112 119 119 119 119 119 118 117 116 115 112 097 080 063 244 255 255 255 255 255 255 255 255 255 255 255 190 000 000 000 121 255 255 255 255 255 255 255 255 255 255 
255 092 000 000 054 255 255 255 255 255 255 255 255 255 255 255 255 008 000 000 116 255 255 255 255 255 255 255 059 000 000 000 000 000 000 000 000 000 000 000 000 000 000 000 018 255 255 255 255 255 255 255 255 255 255 255 255 191 000 000 000 121 255 255 255 255 255 255 255 255 255 255 
255 095 000 000 054 255 255 255 255 255 255 255 255 255 255 255 255 008 000 000 118 255 255 255 255 255 255 255 059 000 000 000 000 000 000 000 000 000 000 000 000 000 000 000 056 255 255 255 255 255 255 255 255 255 255 255 255 192 000 000 000 121 255 255 255 255 255 255 255 255 255 255 
255 095 000 000 054 255 255 255 255 255 255 255 255 255 255 255 255 008 000 000 118 255 255 255 255 255 255 255 104 072 087 093 095 096 096 096 096 096 096 096 056 000 000 000 094 255 255 255 255 255 255 255 255 255 255 255 255 193 000 000 000 121 255 255 255 255 255 255 255 255 255 255 
255 095 000 000 054 255 255 255 255 255 255 255 255 255 255 255 255 008 000 000 118 255 255 255 255 255 255 255 255 255 255 255 255 255 255 255 255 255 255 255 123 000 000 000 132 217 057 090 106 109 112 115 115 115 115 115 115 088 000 000 000 055 113 111 109 084 072 255 255 255 255 255 
255 095 000 000 054 255 255 255 255 255 255 255 255 255 255 255 255 008 000 000 118 255 255 255 255 255 255 255 255 255 255 255 255 255 255 255 255 255 255 255 085 000 000 000 180 209 000 000 000 000 000 000 000 000 000 000 000 000 000 000 000 000 000 000 000 000 024 255 255 255 255 255 
255 095 000 000 054 255 255 255 255 255 255 255 255 255 255 255 255 008 000 000 118 255 255 255 255 255 255 255 255 255 255 255 255 255 255 255 255 255 255 255 047 000 000 004 243 209 000 000 000 000 000 000 000 000 000 000 000 000 000 000 000 000 000 000 000 000 024 255 255 255 255 255 
255 095 000 000 030 142 142 142 142 142 142 142 142 142 142 142 142 005 000 000 118 255 255 255 255 255 255 255 255 255 255 255 255 255 255 255 255 255 255 244 004 000 000 059 255 216 048 069 081 084 087 089 089 089 089 089 089 068 000 000 000 042 085 080 075 056 055 255 255 255 255 255 
255 095 000 000 000 000 000 000 000 000 000 000 000 000 000 000 000 000 000 000 118 255 255 255 255 255 255 255 255 255 255 255 234 232 255 255 255 255 255 187 000 000 000 126 255 255 255 255 255 255 255 255 255 255 255 255 255 194 000 000 000 121 255 255 255 255 255 255 255 255 255 255 
255 095 000 000 000 000 000 000 000 000 000 000 000 000 000 000 000 000 000 000 118 255 255 255 255 255 255 255 255 255 255 165 020 059 250 255 255 255 255 125 000 000 000 194 255 255 255 255 255 255 255 255 255 255 255 255 255 194 000 000 000 121 255 255 255 255 255 255 255 255 255 255 
255 095 000 000 025 118 118 118 118 118 118 118 118 118 118 118 118 004 000 000 118 255 255 255 255 255 255 255 255 255 122 000 000 000 109 255 255 255 255 064 000 000 011 250 255 255 255 255 255 255 255 255 255 255 255 255 255 194 000 000 000 121 255 255 255 255 255 255 255 255 255 255 
255 095 000 000 054 255 255 255 255 255 255 255 255 255 255 255 255 008 000 000 118 255 255 255 255 255 255 255 255 255 235 044 000 000 000 166 255 255 249 009 000 000 072 255 255 255 255 255 255 255 255 255 255 255 255 255 255 194 000 000 000 121 255 255 255 255 255 255 255 255 255 255 
255 095 000 000 054 255 255 255 255 255 255 255 255 255 255 255 255 008 000 000 118 255 255 255 255 255 255 255 255 255 255 221 014 000 000 013 219 255 192 000 000 000 140 255 255 255 255 255 255 244 176 255 255 255 255 255 255 194 000 000 000 121 255 255 255 255 255 255 255 255 255 255 
255 095 000 000 054 255 255 255 255 255 255 255 255 255 255 255 255 008 000 000 118 255 255 255 255 255 255 255 255 255 255 255 163 000 000 000 051 249 104 000 000 000 207 255 255 255 255 224 109 014 000 199 255 255 255 255 255 194 000 000 000 121 255 255 255 255 255 255 255 255 255 255 
255 095 000 000 054 255 255 255 255 255 255 255 255 255 255 255 255 008 000 000 118 255 255 255 255 255 255 255 255 255 255 255 255 092 000 000 000 106 020 000 000 033 254 255 255 255 255 204 000 000 000 075 255 255 255 255 255 194 000 000 000 121 255 255 255 255 255 255 255 255 255 255 
255 095 000 000 054 255 255 255 255 255 255 255 255 255 255 255 255 008 000 000 118 255 255 255 255 255 255 255 255 255 255 255 255 242 035 000 000 000 000 000 000 129 255 255 255 255 255 255 077 000 000 002 223 255 255 255 255 194 000 000 000 121 255 255 255 255 255 255 255 255 255 255 
255 095 000 000 054 255 255 255 255 255 255 255 255 255 255 255 255 008 000 000 118 255 255 255 255 255 255 255 255 255 255 255 255 255 197 001 000 000 000 000 002 225 255 255 255 255 255 255 184 000 000 000 121 255 255 255 255 194 000 000 000 121 255 255 255 255 255 255 255 255 255 255 
255 095 000 000 017 080 080 080 080 080 080 080 080 080 080 080 080 002 000 000 118 255 255 255 255 255 255 255 255 255 255 255 255 255 255 104 000 000 000 000 068 255 255 255 255 255 255 255 253 027 000 000 023 250 255 255 255 194 000 000 000 121 255 255 255 255 255 255 255 255 255 255 
255 095 000 000 000 000 000 000 000 000 000 000 000 000 000 000 000 000 000 000 118 255 255 255 255 255 255 255 255 255 255 255 255 255 255 240 020 000 000 000 132 255 255 255 255 255 255 255 255 121 000 000 000 170 255 255 255 194 000 000 000 121 255 255 255 255 255 255 255 255 255 255 
255 095 000 000 000 000 000 000 000 000 000 000 000 000 000 000 000 000 000 000 118 255 255 255 255 255 255 255 255 255 255 255 255 255 255 221 004 000 000 000 019 233 255 255 255 255 255 255 255 218 000 000 000 080 255 255 255 194 000 000 000 121 255 255 255 255 255 255 255 255 255 255 
255 095 000 000 034 158 158 158 158 158 158 158 158 158 158 158 158 005 000 000 118 255 255 255 255 255 255 255 255 255 255 255 255 255 255 094 000 000 000 000 000 082 255 255 255 255 255 255 255 255 054 000 000 008 243 255 255 194 000 000 000 121 255 255 255 255 255 255 255 255 255 255 
255 095 000 000 054 255 255 255 255 255 255 255 255 255 255 255 255 008 000 000 118 255 255 255 255 255 255 255 255 255 255 255 255 255 194 001 000 000 000 000 000 000 177 255 255 255 255 255 255 255 124 007 089 190 254 255 255 194 000 000 000 121 255 255 255 255 255 255 255 255 255 255 
255 095 000 000 054 255 255 255 255 255 255 255 255 255 255 255 255 008 000 000 118 255 255 255 255 255 255 255 255 255 255 255 255 249 040 000 000 000 033 000 000 000 036 249 255 255 255 255 255 255 230 237 255 255 255 255 255 194 000 000 000 121 255 255 255 255 255 255 255 255 255 255 
255 095 000 000 054 255 255 255 255 255 255 255 255 255 255 255 255 008 000 000 118 255 255 255 255 255 255 255 255 255 255 255 255 128 000 000 000 034 231 018 000 000 000 139 255 255 255 255 255 255 255 255 255 255 255 255 255 194 000 000 000 121 255 255 255 255 255 255 255 255 255 255 
255 095 000 000 054 255 255 255 255 255 255 255 255 255 255 255 255 008 000 000 118 255 255 255 255 255 255 255 255 255 255 255 189 004 000 000 000 175 255 143 000 000 000 014 233 255 255 255 255 255 255 255 255 255 255 255 255 194 000 000 000 121 255 255 255 255 255 255 255 255 255 255 
255 095 000 000 054 255 255 255 255 255 255 255 255 255 255 255 255 008 000 000 118 255 255 255 255 255 255 255 255 255 255 220 018 000 000 000 077 255 255 250 035 000 000 000 100 255 255 255 255 255 255 255 255 255 255 255 255 194 000 000 000 121 255 255 255 255 255 255 255 255 255 255 
255 095 000 000 054 255 255 255 255 255 255 255 255 255 255 255 255 008 000 000 118 255 255 255 255 255 255 255 255 255 239 042 000 000 000 032 238 255 255 255 168 000 000 000 002 221 255 255 255 255 255 255 255 255 255 255 255 194 000 000 000 121 255 255 255 255 255 255 255 255 255 255 
255 095 000 000 030 142 142 142 142 142 142 142 142 142 142 142 142 005 000 000 118 255 255 255 255 255 255 255 255 233 047 000 000 000 007 203 255 255 255 255 252 029 000 000 000 111 255 255 255 255 255 255 255 255 255 255 255 194 000 000 000 121 255 255 255 255 255 255 255 255 255 255 
255 092 000 000 000 000 000 000 000 000 000 000 000 000 000 000 000 000 000 000 116 255 255 255 255 255 255 255 226 038 000 000 000 000 151 255 255 255 255 255 255 132 000 000 049 191 255 255 255 255 255 255 255 255 255 255 255 194 000 000 000 121 255 255 255 255 255 255 255 255 255 255 
255 089 000 000 000 000 000 000 000 000 000 000 000 000 000 000 000 000 000 000 113 255 255 255 255 255 255 199 028 000 000 000 000 092 255 255 255 255 255 255 255 233 036 162 254 255 255 255 255 255 255 255 255 255 255 255 255 159 000 000 000 121 255 255 255 255 255 255 255 255 255 255 
255 086 000 000 025 119 119 119 119 119 119 119 119 119 119 119 119 004 000 000 110 255 255 255 255 255 251 090 000 000 000 000 043 244 255 255 255 255 255 255 255 255 253 255 255 255 255 255 255 255 255 255 190 166 165 151 108 014 000 000 000 124 255 255 255 255 255 255 255 255 255 255 
255 080 000 000 054 255 255 255 255 255 255 255 255 255 255 255 255 008 000 000 100 255 255 255 255 255 255 255 162 008 000 041 229 255 255 255 255 255 255 255 255 255 255 255 255 255 255 255 255 255 255 255 183 000 000 000 000 000 000 000 000 154 255 255 255 255 255 255 255 255 255 255 
255 060 000 000 054 255 255 255 255 255 255 255 255 255 255 255 255 008 000 000 083 255 255 255 255 255 255 255 255 196 057 234 255 255 255 255 255 255 255 255 255 255 255 255 255 255 255 255 255 255 255 255 255 058 000 000 000 000 000 000 025 247 255 255 255 255 255 255 255 255 255 255 
255 039 000 000 054 255 255 255 255 255 255 255 255 255 255 255 255 008 000 000 066 255 255 255 255 255 255 255 255 255 254 255 255 255 255 255 255 255 255 255 255 255 255 255 255 255 255 255 255 255 255 255 255 153 000 000 000 000 000 075 221 255 255 255 255 255 255 255 255 255 255 255 
255 106 090 090 126 255 255 255 255 255 255 255 255 255 255 255 255 172 168 168 187 255 255 255 255 255 255 255 255 255 255 255 255 255 255 255 255 255 255 255 255 255 255 255 255 255 255 255 255 255 255 255 255 227 045 065 103 160 217 255 255 255 255 255 255 255 255 255 255 255 255 255 
255 255 255 255 255 255 255 255 255 255 255 255 255 255 255 255 255 255 255 255 255 255 255 255 255 255 255 255 255 255 255 255 255 255 255 255 255 255 255 255 255 255 255 255 255 255 255 255 255 255 255 255 255 255 255 255 255 255 255 255 255 255 255 255 255 255 255 255 255 255 255 255 
255 255 255 255 255 255 255 255 255 255 255 255 255 255 255 255 255 255 255 255 255 255 255 255 255 255 255 255 255 255 255 255 255 255 255 255 255 255 255 255 255 255 255 255 255 255 255 255 255 255 255 255 255 255 255 255 255 255 255 255 255 255 255 255 255 255 255 255 255 255 255 255 
255 255 255 255 255 255 255 255 255 255 255 255 255 255 255 255 255 255 255 255 255 255 255 255 255 255 255 255 255 255 255 255 255 255 255 255 255 255 255 255 255 255 255 255 255 255 255 255 255 255 255 255 255 255 255 255 255 255 255 255 255 255 255 255 255 255 255 255 255 255 255 255 
255 255 255 255 255 255 255 255 255 255 255 255 255 255 255 255 255 255 255 255 255 255 255 255 255 255 255 255 255 255 255 255 255 255 255 255 255 255 255 255 255 255 255 255 255 255 255 255 255 255 255 255 255 255 255 255 255 255 255 255 255 255 255 255 255 255 255 255 255 255 255 255 
255 255 255 255 255 255 255 255 255 255 255 255 255 255 255 255 255 255 255 255 255 255 255 255 255 255 255 255 255 255 255 255 255 255 255 255 255 255 255 255 255 255 255 255 255 255 255 255 255 255 255 255 255 255 255 255 255 255 255 255 255 255 255 255 255 255 255 255 255 255 255 255 
255 255 255 255 255 255 255 255 255 255 255 255 255 255 255 255 255 255 255 255 255 255 255 255 255 255 255 255 255 255 255 255 255 255 255 255 255 255 255 255 255 255 255 255 255 255 255 255 255 255 255 255 255 255 255 255 255 255 255 255 255 255 255 255 255 255 255 255 255 255 255 255 
255 255 255 255 255 255 255 255 255 255 255 255 255 255 255 255 255 255 255 255 255 255 255 255 255 255 255 255 255 255 255 255 255 255 255 255 255 255 255 255 255 255 255 255 255 255 255 255 255 255 255 255 255 255 255 255 255 255 255 255 255 255 255 255 255 255 255 255 255 255 255 255 
255 255 255 255 255 255 255 255 255 255 255 255 255 255 255 255 255 255 255 255 255 255 255 255 255 255 255 255 255 255 255 255 255 255 255 255 255 255 255 255 255 255 255 255 255 255 255 255 255 255 255 255 255 255 255 255 255 255 255 255 255 255 255 255 255 255 255 255 255 255 255 255 
255 255 255 255 255 255 255 255 255 255 255 255 255 255 255 255 255 255 255 255 255 255 255 255 255 255 255 255 255 255 255 255 255 255 255 255 255 255 255 255 255 255 255 255 255 255 255 255 255 255 255 255 255 255 255 255 255 255 255 255 255 255 255 255 255 255 255 255 255 255 255 255 
255 255 255 255 255 255 255 255 255 255 255 255 255 255 255 255 255 255 255 255 255 255 255 255 255 255 255 255 255 255 255 255 255 255 255 255 255 255 255 255 255 255 255 255 255 255 255 255 255 255 255 255 255 255 255 255 255 255 255 255 255 255 255 255 255 255 255 255 255 255 255 255 
255 255 255 255 255 255 255 255 255 255 255 255 255 255 255 255 255 255 255 255 255 255 255 255 255 255 255 255 255 255 255 255 255 255 255 255 255 255 255 255 255 255 255 255 255 255 255 255 255 255 255 255 255 255 255 255 255 255 255 255 255 255 255 255 255 255 255 255 255 255 255 255 
255 255 255 255 255 255 255 255 255 255 255 255 255 255 255 255 255 255 255 255 255 255 255 255 255 255 255 255 255 255 255 255 255 255 255 255 255 255 255 255 255 255 255 255 255 255 255 255 255 255 255 255 255 255 255 255 255 255 255 255 255 255 255 255 255 255 255 255 255 255 255 255 
255 255 255 255 255 255 255 255 255 255 255 255 255 255 255 255 255 255 255 255 255 255 255 255 255 255 255 255 255 255 255 255 255 255 255 255 255 255 255 255 255 255 255 255 255 255 255 255 255 255 255 255 255 255 255 255 255 255 255 255 255 255 255 255 255 255 255 255 255 255 255 255 
255 255 255 255 255 255 255 255 255 255 255 255 255 255 255 255 255 255 255 255 255 255 255 255 255 255 255 255 255 255 255 255 255 255 255 255 255 255 255 255 255 255 255 255 255 255 255 255 255 255 255 255 255 255 255 255 255 255 255 255 255 255 255 255 255 255 255 255 255 255 255 255 
255 255 255 255 255 255 255 255 255 255 255 255 255 255 255 255 255 255 255 255 255 255 255 255 255 255 255 255 255 255 255 255 255 255 255 255 255 255 255 255 255 255 255 255 255 255 255 255 255 255 255 255 255 255 255 255 255 255 255 255 255 255 255 255 255 255 255 255 255 255 255 255 
255 255 255 255 255 255 255 255 255 255 255 255 255 255 255 255 255 255 255 255 255 255 255 255 255 255 255 255 255 255 255 255 255 255 255 255 255 255 255 255 255 255 255 255 255 255 255 255 255 255 255 255 255 255 255 255 255 255 255 255 255 255 255 255 255 255 255 255 255 255 255 255 
255 255 255 255 255 255 255 255 255 255 255 255 255 255 255 255 255 255 255 255 255 255 255 255 255 255 255 255 255 255 255 255 255 255 255 255 255 255 255 255 255 255 255 255 255 255 255 255 255 255 255 255 255 255 255 255 255 255 255 255 255 255 255 255 255 255 255 255 255 255 255 255 
255 255 255 255 255 255 255 255 255 255 255 255 255 255 255 255 255 255 255 255 255 255 255 255 255 255 255 255 255 255 255 255 255 255 255 255 255 255 255 255 255 255 255 255 255 255 255 255 255 255 255 255 255 255 255 255 255 255 255 255 255 255 255 255 255 255 255 255 255 255 255 255 
255 255 255 255 255 255 255 255 255 255 255 255 255 255 255 255 255 255 255 255 255 255 255 255 255 255 255 255 255 255 255 255 255 255 255 255 255 255 255 255 255 255 255 255 255 255 255 255 255 255 255 255 255 255 255 255 255 255 255 255 255 255 255 255 255 255 255 255 255 255 255 255 
255 255 255 255 255 255 255 255 255 255 255 255 255 255 255 255 255 255 255 255 255 255 255 255 255 255 255 255 255 255 255 255 255 255 255 255 255 255 255 255 255 255 255 255 255 255 255 255 255 255 255 255 255 255 255 255 255 255 255 255 255 255 255 255 255 255 255 255 255 255 255 255 
255 255 255 255 255 255 255 255 255 255 255 255 255 255 255 255 255 255 255 255 255 255 255 255 255 255 255 255 255 255 255 255 255 255 255 255 255 255 255 255 255 255 255 255 255 255 255 255 255 255 255 255 255 255 255 255 255 255 255 255 255 255 255 255 255 255 255 255 255 255 255 255 
255 255 255 255 255 255 255 255 255 255 255 255 255 255 255 255 255 255 255 255 255 255 255 255 255 255 255 255 255 255 255 255 255 255 255 255 255 255 255 255 255 255 255 255 255 255 255 255 255 255 255 255 255 255 255 255 255 255 255 255 255 255 255 255 255 255 255 255 255 255 255 255 
255 255 255 255 255 255 255 255 255 255 255 255 255 255 255 255 255 255 255 255 255 255 255 255 255 255 255 255 255 255 255 255 255 255 255 255 255 255 255 255 255 255 255 255 255 255 255 255 255 255 255 255 255 255 255 255 255 255 255 255 255 255 255 255 255 255 255 255 255 255 255 255 
255 255 255 255 255 255 255 255 255 255 255 255 255 255 255 255 255 255 255 255 255 255 255 255 255 255 255 255 255 255 255 255 255 255 255 255 255 255 255 255 255 255 255 255 255 255 255 255 255 255 255 255 255 255 255 255 255 255 255 255 255 255 255 255 255 255 255 255 255 255 255 255 
255 255 255 255 255 255 255 255 255 255 255 255 255 255 255 255 255 255 255 255 255 255 255 255 255 255 255 255 255 255 255 255 255 255 255 255 255 255 255 255 255 255 255 255 255 255 255 255 255 255 255 255 255 255 255 255 255 255 255 255 255 255 255 255 255 255 255 255 255 255 255 255 
255 255 255 255 255 255 255 255 255 255 255 255 255 255 255 255 255 255 255 255 255 255 255 255 255 255 255 255 255 255 255 255 255 255 255 255 255 255 255 255 255 255 255 255 255 255 255 255 255 255 255 255 255 255 255 255 255 255 255 255 255 255 255 255 255 255 255 255 255 255 255 255 
255 255 255 255 255 255 255 255 255 255 255 255 255 255 255 255 255 255 255 255 255 255 255 255 255 255 255 255 255 255 255 255 255 255 255 255 255 255 255 255 255 255 255 255 255 255 255 255 255 255 255 255 255 255 255 255 255 255 255 255 255 255 255 255 255 255 255 255 255 255 255 255 
255 255 255 255 255 255 255 255 255 255 255 255 255 255 255 255 255 255 255 255 255 255 255 255 255 255 255 255 255 255 255 255 255 255 255 255 255 255 255 255 255 255 255 255 255 255 255 255 255 255 255 255 255 255 255 255 255 255 255 255 255 255 255 255 255 255 255 255 255 255 255 255 
255 255 255 255 255 255 255 255 255 255 255 255 255 255 255 255 255 255 255 255 255 255 255 255 255 255 255 255 255 255 255 255 255 255 255 255 255 255 255 255 255 255 255 255 255 255 255 255 255 255 255 255 255 255 255 255 255 255 255 255 255 255 255 255 255 255 255 255 255 255 255 255 
255 255 255 255 255 255 255 255 255 255 255 255 255 255 255 255 255 255 255 255 255 255 255 255 255 255 255 255 255 255 255 255 255 255 255 255 255 255 255 255 255 255 255 255 255 255 255 255 255 255 255 255 255 255 255 255 255 255 255 255 255 255 255 255 255 255 255 255 255 255 255 255 
255 255 255 255 255 255 255 255 255 255 255 255 255 255 255 255 255 255 255 255 255 255 255 255 248 255 255 255 255 255 255 255 255 255 255 255 255 255 255 255 255 255 255 255 255 255 255 255 255 255 255 255 254 255 255 255 255 255 255 255 255 255 255 255 255 255 255 255 255 255 255 255 
255 255 255 255 255 255 255 255 255 255 255 255 255 255 255 255 255 255 255 255 255 255 255 255 108 006 028 051 059 060 061 062 063 064 065 066 067 068 069 068 068 067 067 066 066 066 065 065 064 061 038 013 165 255 255 255 255 255 255 255 255 255 255 255 255 255 255 255 255 253 195 105 
255 255 255 255 255 255 255 255 255 255 255 255 255 255 255 255 255 255 255 255 255 255 255 255 108 000 000 000 000 000 000 000 000 000 000 000 000 000 000 000 000 000 000 000 000 000 000 000 000 000 000 000 196 255 255 255 255 255 255 255 255 255 255 255 255 255 233 177 099 022 000 000 
255 255 255 255 255 255 255 255 255 255 255 255 255 255 255 255 255 255 255 255 255 255 255 255 108 000 000 000 000 000 000 000 000 000 000 000 000 000 000 000 000 000 000 000 000 000 000 000 000 000 000 000 206 255 255 255 255 255 255 255 255 255 255 255 149 028 000 000 000 000 000 000 
149 146 143 141 138 135 132 124 105 087 069 051 236 255 255 255 255 255 255 255 255 255 255 255 165 118 144 167 174 179 184 189 002 000 000 027 191 191 191 191 191 191 191 191 191 191 191 191 127 000 000 000 210 255 255 255 255 255 255 255 255 255 255 255 238 018 000 000 000 000 000 000 
000 000 000 000 000 000 000 000 000 000 000 000 232 255 255 255 255 255 255 255 255 255 255 255 255 255 255 255 255 255 255 244 000 000 000 055 255 255 255 255 255 255 255 255 255 255 255 255 169 000 000 000 214 255 255 255 255 255 255 255 255 255 255 255 255 139 000 006 075 110 000 000 
000 000 000 000 000 000 000 000 000 000 000 000 232 255 255 255 255 255 255 255 255 255 255 255 255 255 255 255 255 255 255 226 000 000 000 077 255 255 255 255 255 255 255 255 255 255 255 255 169 000 000 000 214 255 255 255 255 255 255 255 255 255 255 255 255 236 166 241 255 190 000 000 
047 044 040 037 034 030 027 020 004 000 000 000 232 255 255 255 255 255 255 255 255 255 255 255 255 255 255 255 255 255 255 198 000 000 000 105 255 255 255 255 255 255 255 255 255 255 255 255 169 000 000 000 214 255 255 255 255 255 255 255 255 255 255 255 255 255 255 255 255 190 000 000 
255 255 255 255 255 255 255 255 255 241 224 206 250 255 255 255 255 255 255 248 061 089 116 142 150 153 156 159 162 165 168 116 000 000 000 088 171 171 171 171 171 171 171 171 171 171 171 171 114 000 000 000 141 162 155 148 135 103 100 255 255 255 255 255 255 255 255 255 255 190 000 000 
255 255 255 255 255 255 255 255 255 255 255 255 255 255 255 255 255 255 255 246 000 000 000 000 000 000 000 000 000 000 000 000 000 000 000 000 000 000 000 000 000 000 000 000 000 000 000 000 000 000 000 000 000 000 000 000 000 000 036 255 255 255 255 255 255 255 255 255 255 190 000 000 
255 255 255 255 255 255 255 255 255 255 255 255 255 255 255 255 255 255 255 246 000 000 000 000 000 000 000 000 000 000 000 000 000 000 000 000 000 000 000 000 000 000 000 000 000 000 000 000 000 000 000 000 000 000 000 000 000 000 036 255 255 255 255 255 255 255 255 255 255 190 000 000 
255 255 255 255 255 255 255 255 255 255 255 255 255 255 255 255 255 255 255 246 001 021 049 074 083 087 092 096 101 105 109 023 000 000 007 112 112 112 112 112 112 112 112 112 112 112 112 112 075 000 000 000 092 104 097 090 076 045 049 255 255 255 255 255 056 035 062 067 071 055 000 000 
255 255 255 255 255 255 255 255 255 255 255 255 255 255 255 255 255 255 255 255 248 255 255 255 255 255 255 255 255 255 255 023 000 000 050 255 255 255 255 255 255 255 255 255 255 255 255 255 169 000 000 000 214 255 255 255 255 255 255 255 255 255 255 255 048 000 000 000 000 000 000 000 
255 255 255 255 255 255 255 255 255 255 255 255 255 255 255 255 255 255 255 255 255 255 255 255 255 255 255 255 255 255 236 000 000 000 096 255 255 255 255 255 255 255 255 255 255 255 255 255 169 000 000 000 214 255 255 255 255 255 255 255 255 255 255 255 048 000 000 000 000 000 000 000 
180 176 173 169 166 162 158 136 109 083 091 255 255 255 255 255 255 255 255 255 255 255 255 255 255 255 255 255 255 255 186 000 000 000 153 255 255 255 255 255 255 255 255 255 255 255 255 255 169 000 000 000 213 255 255 255 255 255 255 255 255 255 255 255 147 152 180 187 193 064 000 000 
000 000 000 000 000 000 000 000 000 000 059 255 255 255 255 255 255 255 255 255 255 255 255 220 241 255 255 255 255 255 127 000 000 000 225 255 255 255 255 255 255 255 255 255 255 255 255 255 169 000 000 000 211 255 255 255 255 255 255 255 255 255 255 255 255 255 255 255 254 021 000 000 
000 000 000 000 000 000 000 000 000 000 078 255 255 255 255 255 255 255 255 255 255 255 255 017 000 005 007 009 012 014 006 000 000 000 016 016 016 016 016 016 016 016 016 016 016 016 016 016 011 000 000 000 210 255 255 255 255 255 255 255 255 255 255 255 255 255 255 255 199 000 000 000 
024 024 024 024 024 024 015 000 000 000 097 255 255 255 255 255 255 255 255 255 255 255 255 017 000 000 000 000 000 000 000 000 000 000 000 000 000 000 000 000 000 000 000 000 000 000 000 000 000 000 000 000 201 255 255 255 255 255 255 255 255 255 255 255 255 255 255 255 108 000 000 000 
255 255 255 255 255 255 150 000 000 000 116 255 255 255 255 255 255 255 255 255 255 255 255 017 000 000 000 000 004 004 000 000 000 011 011 011 011 011 011 011 011 011 011 011 011 011 011 010 009 007 004 000 181 255 255 255 255 255 255 255 255 255 255 255 255 255 255 251 020 000 000 000 
255 255 255 255 255 255 138 000 000 000 136 255 255 255 255 255 255 255 255 255 255 255 255 170 204 233 242 251 253 039 000 000 062 255 255 255 255 255 255 255 255 255 255 255 255 255 255 255 255 255 255 247 249 255 255 255 255 255 255 255 255 255 255 255 255 255 255 179 000 000 000 000 
255 255 255 255 255 255 126 000 000 000 156 255 255 255 255 255 255 255 255 255 255 255 255 255 255 255 255 255 164 000 000 000 176 255 255 255 255 255 255 255 255 255 255 255 255 255 255 255 255 255 255 255 255 255 255 255 255 255 255 255 255 255 255 255 255 255 255 076 000 000 000 000 
255 255 255 255 255 255 113 000 000 000 180 255 255 255 255 255 255 255 255 255 255 255 255 255 255 255 255 228 018 000 000 047 253 255 255 255 255 255 255 255 255 255 255 255 255 255 255 255 255 255 255 255 255 255 255 255 255 255 255 255 255 255 255 255 255 255 204 000 000 031 000 000 
255 255 255 255 255 255 101 000 000 000 204 255 255 255 255 255 255 255 255 255 255 255 255 255 255 255 253 066 000 000 000 194 255 255 255 255 255 255 255 255 255 255 255 255 255 255 255 255 255 255 255 255 255 255 255 255 255 255 255 255 255 255 255 255 255 255 076 000 000 124 000 000 
255 255 255 255 255 255 088 000 000 000 229 255 255 255 255 255 255 255 255 255 255 255 255 255 255 255 137 000 000 000 015 097 101 105 106 106 106 106 106 106 106 106 105 104 104 103 102 102 101 101 098 080 060 154 255 255 255 255 255 255 255 255 255 255 255 196 000 000 034 189 000 000 
056 036 157 255 255 255 063 000 000 002 251 255 255 255 255 255 255 255 255 255 255 255 255 255 255 167 003 000 000 013 027 000 000 000 000 000 000 000 000 000 000 000 000 000 000 000 000 000 000 000 000 000 000 152 255 255 255 255 255 255 255 255 255 255 245 036 000 000 154 190 000 000 
000 000 147 255 255 255 037 000 000 022 255 255 255 255 255 255 255 255 255 255 255 255 255 255 173 004 000 000 000 159 051 000 000 000 000 000 000 000 000 000 000 000 000 000 000 000 000 000 000 000 000 000 000 164 255 255 255 255 255 255 255 255 255 255 107 000 000 030 250 190 000 000 
000 000 147 255 255 255 012 000 000 046 255 255 255 255 255 255 255 255 255 255 255 255 255 178 005 000 000 000 087 255 051 000 000 031 188 188 188 188 188 188 188 188 188 188 188 188 188 188 188 084 000 000 000 166 255 255 255 255 255 255 255 255 255 176 001 000 000 150 255 190 000 000 
000 000 147 255 255 241 000 000 000 071 255 255 255 255 255 255 255 255 255 255 255 255 142 004 000 000 000 057 246 255 051 000 000 042 255 255 255 255 255 255 255 255 255 255 255 255 255 255 255 114 000 000 000 167 255 255 255 255 255 255 255 255 230 010 000 000 027 248 255 190 000 000 
204 189 223 255 255 215 000 000 000 095 255 255 255 255 255 255 255 255 255 255 245 089 000 000 000 000 039 236 255 255 051 000 000 042 255 255 255 255 255 255 255 255 255 255 255 255 255 255 255 114 000 000 000 167 255 255 255 255 255 255 255 255 255 114 000 000 155 255 255 190 000 000 
255 255 255 255 255 171 000 000 000 122 255 255 255 255 255 255 255 255 255 206 045 000 000 000 000 025 224 255 255 255 051 000 000 042 255 255 255 255 255 255 255 255 255 255 255 255 255 255 255 114 000 000 000 167 255 255 255 255 255 255 255 255 255 254 064 047 253 255 255 190 000 000 
255 255 255 255 255 107 000 000 000 148 255 255 255 255 255 255 255 255 223 035 000 000 000 000 014 208 255 255 255 255 051 000 000 042 255 255 255 255 255 255 255 255 255 255 255 255 255 255 255 114 000 000 000 167 255 255 255 255 255 255 255 255 255 255 223 193 255 255 255 190 000 000 
255 255 255 255 251 034 000 000 000 186 255 255 255 255 255 255 255 255 255 247 114 002 000 014 195 255 255 255 255 255 051 000 000 042 255 255 255 255 255 255 255 255 255 255 255 255 255 255 255 114 000 000 000 167 255 255 255 255 255 255 255 255 255 255 255 255 255 255 255 187 000 000 
255 255 255 255 143 000 000 000 002 241 255 255 255 255 255 255 255 255 255 255 255 193 040 204 255 255 255 255 255 255 051 000 000 018 109 109 109 109 109 109 109 109 109 109 109 109 109 109 109 049 000 000 000 167 255 255 255 255 255 255 255 255 255 255 255 255 255 255 255 184 000 000 
246 223 197 112 002 000 000 000 042 255 255 255 255 255 255 255 255 255 255 255 255 255 253 255 255 255 255 255 255 255 051 000 000 000 000 000 000 000 000 000 000 000 000 000 000 000 000 000 000 000 000 000 000 167 255 255 255 255 255 255 255 255 255 255 255 255 255 255 255 181 000 000 
000 000 000 000 000 000 000 000 134 255 255 255 255 255 255 255 255 255 255 255 255 255 255 255 255 255 255 255 255 255 051 000 000 000 000 000 000 000 000 000 000 000 000 000 000 000 000 000 000 000 000 000 000 167 255 255 255 255 255 255 255 255 255 255 255 255 255 255 255 174 000 000 
000 000 000 000 000 000 000 043 242 255 255 255 255 255 255 255 255 255 255 255 255 255 255 255 255 255 255 255 255 255 048 000 000 023 140 140 140 140 140 140 140 140 140 140 140 140 140 140 140 063 000 000 000 162 255 255 255 255 255 255 255 255 255 255 255 255 255 255 255 160 000 000 
000 000 000 000 000 002 092 233 255 255 255 255 255 255 255 255 255 255 255 255 255 255 255 255 255 255 255 255 255 255 037 000 000 042 255 255 255 255 255 255 255 255 255 255 255 255 255 255 255 114 000 000 000 149 255 255 255 255 255 255 255 255 255 255 255 255 255 255 255 146 000 000 
000 010 045 103 165 229 255 255 255 255 255 255 255 255 255 255 255 255 255 255 255 255 255 255 255 255 255 255 255 255 014 000 000 042 255 255 255 255 255 255 255 255 255 255 255 255 255 255 255 116 002 002 002 126 255 255 255 255 255 255 255 255 255 255 255 255 255 255 255 132 000 000 
233 255 255 255 255 255 255 255 255 255 255 255 255 255 255 255 255 255 255 255 255 255 255 255 255 255 255 255 255 255 169 168 168 183 255 255 255 255 255 255 255 255 255 255 255 255 255 255 255 255 255 255 255 255 255 255 255 255 255 255 255 255 255 255 255 255 255 255 255 234 213 213 
255 255 255 255 255 255 255 255 255 255 255 255 255 255 255 255 255 255 255 255 255 255 255 255 255 255 255 255 255 255 255 255 255 255 255 255 255 255 255 255 255 255 255 255 255 255 255 255 255 255 255 255 255 255 255 255 255 255 255 255 255 255 255 255 255 255 255 255 255 255 255 255 
255 255 255 255 255 255 255 255 255 255 255 255 255 255 255 255 255 255 255 255 255 255 255 255 255 255 255 255 255 255 255 255 255 255 255 255 255 255 255 255 255 255 255 255 255 255 255 255 255 255 255 255 255 255 255 255 255 255 255 255 255 255 255 255 255 255 255 255 255 255 255 255 
255 255 255 255 255 255 255 255 255 255 255 255 255 255 255 255 255 255 255 255 255 255 255 255 255 255 255 255 255 255 255 255 255 255 255 255 255 255 255 255 255 255 255 255 255 255 255 255 255 255 255 255 255 255 255 255 255 255 255 255 255 255 255 255 255 255 255 255 255 255 255 255 
255 255 255 255 255 255 255 255 255 255 255 255 255 255 255 255 255 255 255 255 255 255 255 255 255 255 255 255 255 255 255 255 255 255 255 255 255 255 255 255 255 255 255 255 255 255 255 255 255 255 255 255 255 255 255 255 255 255 255 255 255 255 255 255 255 255 255 255 255 255 255 255 
255 255 255 255 255 255 255 255 255 255 255 255 255 255 255 255 255 255 255 255 255 255 255 255 255 255 255 255 255 255 255 255 255 255 255 255 255 255 255 255 255 255 255 255 255 255 255 255 255 255 255 255 255 255 255 255 255 255 255 255 255 255 255 255 255 255 255 255 255 255 255 255 
255 255 255 255 255 255 255 255 255 255 255 255 255 255 255 255 255 255 255 255 255 255 255 255 255 255 255 255 255 255 255 255 255 255 255 255 255 255 255 255 255 255 255 255 255 255 255 255 255 255 255 255 255 255 255 255 255 255 255 255 255 255 255 255 255 255 255 255 255 255 255 255 
255 255 255 255 255 255 255 255 255 255 255 255 255 255 255 255 255 255 255 255 255 255 255 255 255 255 255 255 255 255 255 255 255 255 255 255 255 255 255 255 255 255 255 255 255 255 255 255 255 255 255 255 255 255 255 255 255 255 255 255 255 255 255 255 255 255 255 255 255 255 255 255 
255 255 255 255 255 255 255 255 255 255 255 255 255 255 255 255 255 255 255 255 255 255 255 255 255 255 255 255 255 255 255 255 255 255 255 255 255 255 255 255 255 255 255 255 255 255 255 255 255 255 255 255 255 255 255 255 255 255 255 255 255 255 255 255 255 255 255 255 255 255 255 255 
255 255 255 255 255 255 255 255 255 255 255 255 255 255 255 255 255 255 255 255 255 255 255 255 255 255 255 255 255 255 255 255 255 255 255 255 255 255 255 255 255 255 255 255 255 255 255 255 255 255 255 255 255 255 255 255 255 255 255 255 255 255 255 255 255 255 255 255 255 255 255 255 
255 255 255 255 255 255 255 255 255 255 255 255 255 255 255 255 255 255 255 255 255 255 255 255 255 255 255 255 255 255 255 255 255 255 255 255 255 255 255 255 255 255 255 255 255 255 255 255 255 255 255 255 255 255 255 255 255 255 255 255 255 255 255 255 255 255 255 255 255 255 255 255 
255 255 255 255 255 255 255 255 255 255 255 255 255 255 255 255 255 255 255 255 255 255 255 255 255 255 255 255 255 255 255 255 255 255 255 255 255 255 255 255 255 255 255 255 255 255 255 255 255 255 255 255 255 255 255 255 255 255 255 255 255 255 255 255 255 255 255 255 255 255 255 255 
255 255 255 255 255 255 255 255 255 255 255 255 255 255 255 255 255 255 255 255 255 255 255 255 255 255 255 255 255 255 255 255 255 255 255 255 255 255 255 255 255 255 255 255 255 255 255 255 255 255 255 255 255 255 255 255 255 255 255 255 255 255 255 255 255 255 255 255 255 255 255 255 
255 255 255 255 255 255 255 255 255 255 255 255 255 255 255 255 255 255 255 255 255 255 255 255 255 255 255 255 255 255 255 255 255 255 255 255 255 255 255 255 255 255 255 255 255 255 255 255 255 255 255 255 255 255 255 255 255 255 255 255 255 255 255 255 255 255 255 255 255 255 255 255 
255 255 255 255 255 255 255 255 255 255 255 255 255 255 255 255 255 255 255 255 255 255 255 255 255 255 255 255 255 255 255 255 255 255 255 255 255 255 255 255 255 255 255 255 255 255 255 255 255 255 255 255 255 255 255 255 255 255 255 255 255 255 255 255 255 255 255 255 255 255 255 255 
255 255 255 255 255 255 255 255 255 255 255 255 255 255 255 255 255 255 255 255 255 255 255 255 255 255 255 255 255 255 255 255 255 255 255 255 255 255 255 255 255 255 255 255 255 255 255 255 255 255 255 255 255 255 255 255 255 255 255 255 255 255 255 255 255 255 255 255 255 255 255 255 
255 255 255 255 255 255 255 255 255 255 255 255 255 255 255 255 255 255 255 255 255 255 255 255 255 255 255 255 255 255 255 255 255 255 255 255 255 255 255 255 255 255 255 255 255 255 255 255 255 255 255 255 255 255 255 255 255 255 255 255 255 255 255 255 255 255 255 255 255 255 255 255 
255 255 255 255 255 255 255 255 255 255 255 255 255 255 255 255 255 255 255 255 255 255 255 255 255 255 255 255 255 255 255 255 255 255 255 255 255 255 255 255 255 255 255 255 255 255 255 255 255 255 255 255 255 255 255 255 255 255 255 255 255 255 255 255 255 255 255 255 255 255 255 255 
255 255 255 255 255 255 255 255 255 255 255 255 255 255 255 255 255 255 255 255 255 255 255 255 255 255 255 255 255 255 255 255 255 255 255 255 255 255 255 255 255 255 255 255 255 255 255 255 255 255 255 255 255 255 255 255 255 255 255 255 255 255 255 255 255 255 255 255 255 255 255 255 
255 255 255 255 255 255 255 255 255 255 255 255 255 255 255 255 255 255 255 255 255 255 255 255 255 255 255 255 255 255 255 255 255 255 255 255 255 255 255 255 255 255 255 255 255 255 255 255 255 255 255 255 255 255 255 255 255 255 255 255 255 255 255 255 255 255 255 255 255 255 255 255 
255 255 255 255 255 255 255 255 255 255 255 255 255 255 255 255 255 255 255 255 255 255 255 255 255 255 255 255 255 255 255 255 255 255 255 255 255 255 255 255 255 255 255 255 255 255 255 255 255 255 255 255 255 255 255 255 255 255 255 255 255 255 255 255 255 255 255 255 255 255 255 255 
255 255 255 255 255 255 255 255 255 255 255 255 255 255 255 255 255 255 255 255 255 255 255 255 255 255 255 255 255 255 255 255 255 255 255 255 255 255 255 255 255 255 255 255 255 255 255 255 255 255 255 255 255 255 255 255 255 255 255 255 255 255 255 255 255 255 255 255 255 255 255 255 
255 255 255 255 255 255 255 255 255 255 255 255 255 255 255 255 255 255 255 255 255 255 255 255 255 255 255 255 255 255 255 255 255 255 255 255 255 255 255 255 255 255 255 255 255 255 255 255 255 255 255 255 255 255 255 255 255 255 255 255 255 255 255 255 255 255 255 255 255 255 255 255 
255 255 255 255 255 255 255 255 255 255 255 255 255 255 255 255 255 255 255 255 255 255 255 255 255 255 255 255 255 255 255 255 255 255 255 255 255 255 255 255 255 255 255 255 255 255 255 255 255 255 255 255 255 255 255 255 255 255 255 255 255 255 255 255 255 255 255 255 255 255 255 255 
255 255 255 255 255 255 255 255 255 255 255 255 255 255 255 255 255 255 255 255 255 255 255 255 255 255 255 255 255 255 255 255 255 255 255 255 255 255 255 255 255 255 255 255 255 255 255 255 255 255 255 255 255 255 255 255 255 255 255 255 255 255 255 255 255 255 255 255 255 255 255 255 
255 255 255 255 255 255 255 255 255 255 255 255 255 255 255 255 255 255 255 255 255 255 255 255 255 255 255 255 255 255 255 255 255 255 255 255 255 255 255 255 255 255 255 255 255 255 255 255 255 255 255 255 255 255 255 255 255 255 255 255 255 255 255 255 255 255 255 255 255 255 255 255 
255 255 255 255 255 255 255 255 255 255 255 255 255 255 255 255 255 255 255 255 255 255 255 255 255 255 255 255 255 255 255 255 255 255 255 255 255 255 255 255 255 255 255 255 255 255 255 255 255 255 255 255 255 255 255 255 255 255 255 255 255 255 255 255 255 255 255 255 255 255 255 255 
255 255 255 255 255 255 255 255 255 255 255 255 255 255 255 255 255 255 255 255 255 255 255 255 255 255 255 255 255 255 255 255 255 255 255 255 255 255 255 255 255 255 255 255 255 255 255 255 255 255 255 255 255 255 255 255 255 255 255 255 255 255 255 255 255 255 255 255 255 255 255 255 
255 255 255 255 255 255 255 255 255 255 240 225 255 255 255 255 255 255 255 255 255 255 255 255 255 255 255 255 255 255 255 255 255 255 255 255 255 255 255 255 255 255 255 255 255 255 255 255 255 255 255 255 255 255 241 196 226 252 255 255 255 255 255 255 255 255 255 255 255 255 255 255 
255 255 255 255 255 255 255 255 255 255 203 000 021 062 076 090 241 255 255 255 255 255 255 255 255 255 255 255 255 255 255 255 255 255 255 255 255 255 255 255 239 253 255 255 255 255 255 255 255 255 255 255 255 255 228 000 000 000 004 061 255 255 255 255 255 255 255 255 255 255 255 255 
255 255 255 255 222 101 161 255 255 255 223 000 000 000 000 093 255 255 255 255 233 236 255 255 255 255 255 255 255 255 255 255 255 255 255 255 255 255 255 241 048 074 240 255 255 255 255 255 255 255 255 255 255 255 254 008 000 000 000 188 255 255 255 255 255 255 255 255 255 255 255 255 
255 247 182 093 004 000 021 238 255 255 244 000 000 000 000 197 255 255 255 172 020 075 255 255 255 255 255 255 255 255 255 255 255 255 255 255 255 255 248 064 000 000 039 216 255 255 255 255 255 255 255 255 255 255 255 040 000 000 000 231 255 255 255 255 255 255 255 255 255 255 255 255 
077 010 000 000 000 000 000 090 255 255 255 006 000 000 000 238 255 239 089 000 000 000 143 255 255 255 255 255 255 255 255 255 255 255 255 255 255 255 104 000 000 000 000 015 176 255 255 255 255 255 255 255 255 255 255 050 000 000 000 236 255 255 255 255 255 255 255 255 255 255 255 255 
000 000 000 000 000 000 000 000 133 255 255 017 000 000 002 254 255 248 099 000 000 000 006 201 255 255 255 255 255 255 255 255 255 255 255 255 255 255 232 067 000 000 000 000 000 098 242 255 255 255 255 255 255 255 255 055 000 000 000 236 255 255 255 255 255 255 255 255 255 255 255 255 
000 000 001 025 058 091 116 122 126 253 255 027 000 000 016 255 255 255 255 081 000 000 000 022 221 255 255 255 255 255 255 255 255 255 255 255 255 255 255 253 130 003 000 000 000 000 032 193 255 255 255 255 255 255 255 060 000 000 000 236 255 255 255 255 255 255 255 255 255 255 255 255 
000 000 135 255 255 255 255 255 255 255 255 038 000 000 031 255 255 255 255 239 033 000 000 000 037 235 255 255 255 255 255 255 255 255 255 255 255 255 255 255 255 190 016 000 000 000 000 101 255 255 255 255 255 255 255 065 000 000 000 236 255 255 255 255 255 255 255 255 253 247 235 205 
000 000 136 255 255 255 255 255 255 255 255 048 000 000 038 255 255 255 255 255 202 006 000 000 020 198 255 255 255 255 255 255 255 255 255 255 255 255 255 255 255 255 208 024 000 000 060 249 255 255 255 255 255 255 255 068 000 000 000 009 009 009 009 009 009 009 007 002 000 000 000 000 
000 000 136 255 255 255 255 255 255 255 255 059 000 000 038 255 255 255 255 255 255 126 000 056 227 255 255 255 255 255 255 255 255 255 255 255 255 255 255 255 255 255 255 220 033 030 233 255 255 255 255 255 255 255 255 068 000 000 000 000 000 000 000 000 000 000 000 000 000 000 000 000 
000 000 136 255 255 255 255 255 255 255 255 069 000 000 038 255 255 255 255 255 255 238 118 250 255 255 255 255 255 255 255 255 255 255 255 255 255 255 255 255 255 255 255 255 230 211 255 255 255 255 255 255 255 255 255 068 000 000 000 000 000 000 000 000 000 000 000 000 000 000 000 000 
000 000 136 255 255 255 255 255 255 255 255 079 000 000 038 255 255 255 255 255 255 255 255 255 255 255 255 255 255 255 255 255 255 255 255 255 255 243 255 255 255 255 255 255 255 255 255 255 255 255 255 255 255 255 255 068 000 000 000 161 173 173 173 173 173 173 172 168 164 160 151 126 
000 000 136 255 255 255 255 255 255 255 255 090 000 000 038 255 255 255 255 255 255 255 255 255 255 255 253 251 255 255 255 255 255 255 255 255 200 012 111 235 255 255 255 255 255 255 255 255 255 255 255 255 255 255 255 068 000 000 000 236 255 255 255 255 255 255 255 255 255 255 255 255 
000 000 046 085 085 085 085 085 085 085 085 032 000 000 013 083 082 080 078 076 074 071 058 043 028 013 001 152 255 255 255 255 255 255 255 237 030 000 000 014 132 245 255 255 255 255 255 255 255 255 255 255 255 255 255 068 000 000 000 236 255 255 255 255 255 255 255 255 255 255 255 255 
000 000 000 000 000 000 000 000 000 000 000 000 000 000 000 000 000 000 000 000 000 000 000 000 000 000 000 152 255 255 255 255 255 255 254 075 000 000 000 000 000 028 177 255 255 255 255 255 255 255 255 255 255 255 255 068 000 000 000 236 255 255 255 255 255 255 255 255 255 255 255 255 
000 000 000 000 000 000 000 000 000 000 000 000 000 000 000 000 000 000 000 000 000 000 000 000 000 000 000 152 255 255 255 255 255 255 254 163 035 000 000 000 000 000 000 083 230 255 255 255 255 255 255 255 255 255 255 068 000 000 000 236 255 255 255 255 255 255 255 255 255 255 255 255 
000 000 070 131 131 131 131 131 131 131 131 071 000 000 001 130 128 125 123 120 118 114 102 087 073 058 044 166 255 255 255 255 255 255 255 255 251 138 010 000 000 000 000 000 022 240 255 255 255 255 255 255 255 255 255 068 000 000 000 236 255 255 255 255 255 255 255 255 255 255 255 255 
000 000 136 255 255 255 255 255 255 255 255 152 000 000 000 244 255 255 255 255 255 231 255 255 255 255 255 255 255 255 255 255 255 255 255 255 255 255 223 073 000 000 000 000 148 255 255 255 255 255 255 255 255 255 255 068 000 000 000 236 255 255 255 255 255 255 255 255 255 255 255 255 
000 000 136 255 255 255 255 255 255 255 255 172 000 000 000 227 255 255 255 255 255 084 081 236 255 255 255 255 255 255 255 255 255 255 255 255 255 255 255 255 169 018 000 093 255 255 255 255 255 255 255 255 255 255 255 068 000 000 000 236 255 255 255 255 255 255 255 255 255 255 255 255 
000 000 136 255 255 255 255 255 255 255 255 191 000 000 000 210 255 255 255 255 249 013 000 014 114 225 255 255 255 255 255 255 255 255 255 255 255 255 255 255 255 221 090 246 255 255 215 128 155 164 168 171 175 178 181 049 000 000 000 170 182 181 179 178 176 175 174 166 143 121 232 255 
000 000 136 255 255 255 255 255 245 255 255 224 000 000 000 185 255 255 255 255 178 000 000 000 000 098 255 255 255 255 255 255 255 255 255 255 255 255 255 255 255 255 255 255 255 255 200 000 000 000 000 000 000 000 000 000 000 000 000 000 000 000 000 000 000 000 000 000 000 000 230 255 
000 000 136 255 255 234 150 059 129 255 255 255 017 000 000 149 255 255 255 255 053 000 000 000 108 255 255 255 255 255 255 255 255 255 255 255 255 255 255 255 255 255 255 255 255 255 222 000 000 000 000 000 000 000 000 000 000 000 000 000 000 000 000 000 000 000 000 000 000 000 250 255 
000 000 097 125 052 002 000 000 149 255 255 255 065 000 000 113 255 255 255 175 000 000 000 046 248 255 255 255 255 255 255 255 255 255 255 255 255 255 255 255 255 255 255 255 255 255 239 000 000 000 012 042 042 042 042 042 042 042 042 042 042 042 042 042 042 042 005 000 000 012 255 255 
000 000 000 000 000 000 000 000 145 255 255 255 113 000 000 077 255 255 253 044 000 000 003 204 255 255 255 255 255 255 255 255 255 255 255 255 255 255 255 225 219 255 255 255 255 255 244 000 000 000 071 255 255 255 255 255 255 255 255 255 255 255 255 255 255 255 029 000 000 019 255 255 
000 000 000 000 000 000 038 098 194 255 255 255 162 000 000 041 255 255 164 000 000 000 111 255 255 255 255 255 255 255 255 255 255 255 255 255 255 255 255 162 020 166 255 255 255 255 250 000 000 000 071 255 255 255 255 255 255 255 255 255 255 255 255 255 255 255 029 000 000 025 255 255 
