255 255 255 255 255 255 255 255 255 255 255 255 255 129 000 000 059 190 000 000 026 255 255 137 000 000 000 156 255 255 255 255 255 255 254 219 168 117 066 017 000 000 000 000 000 000 000 000 068 255 255 255 255 255 255 081 000 000 168 255 224 000 000 026 255 255 088 000 000 162 255 255 
255 255 255 255 255 255 255 255 255 255 255 255 226 010 000 000 165 190 000 000 026 255 255 245 024 000 047 202 255 245 210 166 115 064 015 000 000 000 000 000 000 000 000 000 000 000 004 031 094 255 255 255 255 255 255 081 000 000 168 255 224 000 000 026 255 255 088 000 000 162 255 255 
255 255 255 255 255 255 255 255 255 255 255 253 067 000 000 042 253 190 000 000 026 255 255 255 155 138 251 078 024 000 000 000 000 000 000 000 000 000 000 000 000 000 000 080 166 213 251 255 255 255 255 255 255 255 255 081 000 000 168 255 224 000 000 026 255 255 088 000 000 162 255 255 
255 255 255 255 255 255 255 255 255 255 255 128 000 000 000 169 255 190 000 000 026 255 255 255 255 255 255 052 000 000 000 000 000 000 000 000 001 039 096 146 000 000 000 157 255 255 255 255 255 255 255 255 255 255 255 081 000 000 168 255 224 000 000 026 255 255 088 000 000 162 255 255 
255 255 255 255 255 255 255 255 255 255 190 002 000 000 046 254 255 190 000 000 026 255 255 255 255 255 255 082 000 000 000 000 015 070 126 183 238 255 255 246 000 000 000 156 255 255 255 255 255 255 255 255 255 255 255 081 000 000 168 255 224 000 000 026 255 255 088 000 000 162 255 255 
255 255 255 255 255 255 255 255 255 215 020 000 000 000 174 255 255 190 000 000 026 255 255 255 255 255 255 113 005 066 142 212 254 255 255 255 255 255 255 245 000 000 000 154 255 255 255 255 255 255 255 255 255 255 255 081 000 000 168 255 224 000 000 026 255 255 088 000 000 162 255 255 
255 255 255 255 255 255 255 255 255 072 000 000 000 050 255 255 255 190 000 000 026 255 255 255 255 255 255 224 241 255 255 255 255 255 255 255 255 255 255 244 000 000 000 153 255 255 255 255 255 255 255 255 255 255 255 080 000 000 168 255 224 000 000 026 255 255 088 000 000 161 255 255 
255 255 255 255 255 255 255 255 255 233 041 000 002 195 255 255 255 190 000 000 026 255 255 255 255 255 255 255 255 255 255 255 255 255 255 255 255 255 255 243 000 000 000 152 255 255 255 255 255 255 255 255 255 255 255 075 000 000 095 129 099 000 000 006 049 030 006 000 000 158 255 255 
255 255 255 255 255 255 255 255 255 255 219 010 119 255 255 255 255 189 000 000 026 255 255 255 255 255 255 255 255 255 255 255 255 255 255 255 255 255 255 242 000 000 000 150 255 255 255 255 255 255 255 255 255 255 255 070 000 000 000 000 000 000 000 000 000 000 000 000 000 155 255 255 
255 255 255 255 255 255 255 255 255 255 255 179 249 255 255 255 255 185 000 000 023 255 255 255 255 255 255 255 255 255 255 255 255 255 255 255 255 255 255 241 000 000 000 149 255 255 255 255 255 255 255 255 255 255 255 046 000 000 000 000 000 006 023 041 058 076 030 000 000 147 255 255 
255 255 255 255 255 255 255 255 255 255 255 255 255 255 255 255 255 182 000 000 020 255 255 255 255 255 255 255 255 255 255 255 255 255 255 255 255 255 255 236 000 000 000 141 255 255 255 255 255 255 255 255 255 255 255 132 158 185 205 225 244 255 255 255 255 255 088 000 000 123 255 255 
255 255 255 255 255 255 255 255 255 255 255 255 255 255 255 255 255 179 000 000 016 255 255 255 255 255 255 255 255 255 255 255 255 255 255 255 255 255 255 223 000 000 000 123 255 255 255 255 255 255 255 255 255 255 255 255 255 255 255 255 255 255 255 255 255 255 088 000 000 097 255 255 
255 255 255 255 255 255 255 255 255 255 255 255 255 255 255 255 255 161 000 000 003 254 255 255 255 255 255 255 255 255 255 255 255 255 255 255 255 255 255 210 000 000 000 104 255 255 255 255 255 255 255 255 255 255 255 255 255 255 255 255 255 255 255 255 255 255 181 141 141 177 255 255 
255 255 255 255 255 255 255 255 255 255 255 255 255 255 255 255 255 137 000 000 000 237 255 255 255 255 255 255 255 255 255 255 255 255 255 255 255 255 255 197 000 000 000 086 255 255 255 255 255 255 255 255 255 255 255 255 255 255 255 255 255 255 255 255 255 255 255 255 255 255 255 255 
255 255 255 255 255 255 255 255 255 255 255 255 255 255 255 255 255 114 000 000 000 217 255 255 255 255 255 255 255 255 255 255 255 255 255 255 255 255 255 183 000 000 000 068 255 255 255 255 255 255 255 255 255 255 255 255 255 255 255 255 255 255 255 255 255 255 255 255 255 255 255 255 
255 255 255 255 255 255 255 255 255 255 255 255 255 255 255 255 255 238 226 226 226 250 255 255 255 255 255 255 255 255 255 255 255 255 255 255 255 255 255 199 080 080 080 117 255 255 255 255 255 255 255 255 255 255 255 255 255 255 255 255 255 255 255 255 255 255 255 255 255 255 255 255 
255 255 255 255 255 255 255 255 255 255 255 255 255 255 255 255 255 255 255 255 255 255 255 255 255 255 255 255 255 255 255 255 255 255 255 255 255 255 255 255 255 255 255 255 255 255 255 255 255 255 255 255 255 255 255 255 255 255 255 255 255 255 255 255 255 255 255 255 255 255 255 255 
255 255 255 255 255 255 255 255 255 255 255 255 255 255 255 255 255 255 255 255 255 255 255 255 255 255 255 255 255 255 255 255 255 255 255 255 255 255 255 255 255 255 255 255 255 255 255 255 255 255 255 255 255 255 255 255 255 255 255 255 255 255 255 255 255 255 255 255 255 255 255 255 
255 255 255 255 255 255 255 255 255 255 255 255 255 255 255 255 255 255 255 255 255 255 255 255 255 255 255 255 255 255 255 255 255 255 255 255 255 255 255 255 255 255 255 255 255 255 255 255 255 255 255 255 255 255 255 255 255 255 255 255 255 255 255 255 255 255 255 255 255 255 255 255 
255 255 255 255 255 255 255 255 255 255 255 255 255 255 255 255 255 255 255 255 255 255 255 255 255 255 255 255 255 255 255 255 255 255 255 255 255 255 255 255 255 255 255 255 255 255 255 255 255 255 255 255 255 255 255 255 255 255 255 255 255 255 255 255 255 255 255 255 255 255 255 255 
255 255 255 255 255 255 255 255 255 255 255 255 255 255 255 255 255 255 255 255 255 255 255 255 255 255 255 255 255 255 255 255 255 255 255 255 255 255 255 255 255 255 255 255 255 255 255 255 255 255 255 255 255 255 255 255 255 255 255 255 255 255 255 255 255 255 255 255 255 255 255 255 
255 255 255 255 255 255 255 255 255 255 255 255 255 255 255 255 255 255 255 255 255 255 255 255 255 255 255 255 255 255 255 255 255 255 255 255 255 255 255 255 255 255 255 255 255 255 255 255 255 255 255 255 255 255 255 255 255 255 255 255 255 255 255 255 255 255 255 255 255 255 255 255 
255 255 255 255 255 255 255 255 255 255 255 255 255 255 255 255 255 255 255 255 255 255 255 255 255 255 255 255 255 255 255 255 255 255 255 255 255 255 255 255 255 255 255 255 255 255 255 255 255 255 255 255 255 255 255 255 255 255 255 255 255 255 255 255 255 255 255 255 255 255 255 255 
255 255 255 255 255 255 255 255 255 255 255 255 255 255 255 255 255 255 255 255 255 255 255 255 255 255 255 255 255 255 255 255 255 255 255 255 255 255 255 255 255 255 255 255 255 255 255 255 255 255 255 255 255 255 255 255 255 255 255 255 255 255 255 255 255 255 255 255 255 255 255 255 
255 255 255 255 255 255 255 255 255 255 255 255 255 255 255 255 255 255 255 255 255 255 255 255 255 255 255 255 255 255 255 255 255 255 255 255 255 255 255 255 255 255 255 255 255 255 255 255 255 255 255 255 255 255 255 255 255 255 255 255 255 255 255 255 255 255 255 255 255 255 255 255 
255 255 255 255 255 255 255 255 255 255 255 255 255 255 255 255 255 255 255 255 255 255 255 255 255 255 255 255 255 255 255 255 255 255 255 255 255 255 255 255 255 255 255 255 255 255 255 255 255 255 255 255 255 255 255 255 255 255 255 255 255 255 255 255 255 255 255 255 255 255 255 255 
255 255 255 255 255 255 255 255 255 255 255 255 255 255 255 255 255 255 255 255 255 255 255 255 255 255 255 255 255 255 255 255 255 255 255 255 255 255 255 255 255 255 255 255 255 255 255 255 255 255 255 255 255 255 255 255 255 255 255 255 255 255 255 255 255 255 255 255 255 255 255 255 
255 255 255 255 255 255 255 255 255 255 255 255 255 255 255 255 255 255 255 255 255 255 255 255 255 255 255 255 255 255 255 255 255 255 255 255 255 255 255 255 255 255 255 255 255 255 255 255 255 255 255 255 255 255 255 255 255 255 255 255 255 255 255 255 255 255 255 255 255 255 255 255 
255 255 255 255 255 255 255 255 255 255 255 255 255 255 255 255 255 255 255 255 255 255 255 255 255 255 255 255 255 255 255 255 255 255 255 255 255 255 255 255 255 255 255 255 255 255 255 255 255 255 255 255 255 255 255 255 255 255 255 255 255 255 255 255 255 255 255 255 255 255 255 255 
255 255 255 255 255 255 255 255 255 255 255 255 255 255 255 255 255 255 255 255 255 255 255 255 255 255 255 255 255 255 255 255 255 255 255 255 255 255 255 255 255 255 255 255 255 255 255 255 255 255 255 255 255 255 255 255 255 255 255 255 255 255 255 255 255 255 255 255 255 255 255 255 
255 255 255 255 255 255 255 255 255 255 255 255 255 255 255 255 255 255 255 255 255 255 255 255 255 255 255 255 255 255 255 255 255 255 255 255 255 255 255 255 255 255 255 255 255 255 255 255 255 255 255 255 255 255 255 255 255 255 255 255 255 255 255 255 255 255 255 255 255 255 255 255 
255 255 255 255 255 255 255 255 255 255 255 255 255 255 255 255 255 255 255 255 255 255 255 255 255 255 255 255 255 255 255 255 255 255 255 255 255 255 255 255 255 255 255 255 255 255 255 255 255 255 255 255 255 255 255 255 255 255 255 255 255 255 255 255 255 255 255 255 255 255 255 255 
255 255 255 255 255 255 255 255 255 255 255 255 255 255 255 255 255 255 255 255 255 255 255 255 255 255 255 255 255 255 255 255 255 255 255 255 255 255 255 255 255 255 255 255 255 255 255 255 255 255 255 255 255 255 255 255 255 255 255 255 255 255 255 255 255 255 255 255 255 255 255 255 
255 255 255 255 255 255 255 255 255 255 255 255 255 255 255 255 255 255 255 255 255 255 255 255 255 255 255 255 255 255 255 255 255 255 255 255 255 255 255 255 255 255 255 255 255 255 255 255 255 255 255 255 255 255 255 255 255 255 255 255 255 255 255 255 255 255 255 255 255 255 255 255 
255 255 255 255 255 255 255 255 255 255 255 255 255 255 255 255 255 255 255 255 255 255 255 255 255 255 255 255 255 255 255 255 255 255 255 255 255 255 255 255 255 255 255 255 255 255 255 255 255 255 255 255 255 255 255 255 255 255 255 255 255 255 255 255 255 255 255 255 255 255 255 255 
255 255 255 255 255 255 255 255 255 255 255 255 255 255 255 255 255 255 255 255 255 255 255 255 255 255 255 255 255 255 255 255 255 255 255 255 255 255 255 255 255 255 255 255 255 255 255 255 255 255 255 255 255 255 255 255 255 255 255 255 255 255 255 255 255 255 255 255 255 255 255 255 
255 255 255 255 255 255 255 255 255 255 255 255 255 255 255 255 255 255 255 255 255 255 255 255 255 255 255 255 255 255 255 255 255 255 255 255 255 255 255 255 255 255 255 255 255 255 255 255 255 255 255 255 255 255 255 255 255 255 255 255 255 255 255 255 255 255 255 255 255 255 255 255 
255 255 255 255 255 255 255 255 255 255 255 255 255 255 255 255 255 255 255 255 255 255 255 255 255 255 255 255 255 255 255 255 255 255 255 255 255 255 255 255 255 255 255 255 255 255 255 255 255 255 255 255 255 255 255 255 255 255 255 255 255 255 255 255 255 255 255 255 255 255 255 255 
255 255 255 255 255 255 255 255 255 255 255 255 255 255 255 255 255 255 255 255 255 255 255 255 255 255 255 255 255 255 255 255 255 255 255 255 255 255 255 255 255 255 255 255 255 255 255 255 255 255 255 255 255 255 255 255 255 255 255 255 255 255 255 255 255 255 255 255 255 255 255 255 
255 255 255 255 255 255 255 255 255 255 255 255 255 255 255 255 255 255 255 255 255 255 255 255 255 255 255 255 255 255 255 255 255 255 255 255 255 255 255 255 255 255 255 255 255 255 255 255 255 255 255 255 255 255 255 255 255 255 255 255 255 255 255 255 255 255 255 255 255 255 255 255 
255 255 255 255 255 255 255 255 255 255 255 255 255 255 255 255 255 255 255 255 255 255 255 255 255 255 255 255 255 255 255 255 255 255 255 255 255 255 255 255 255 255 255 255 255 255 255 255 255 255 255 255 255 255 255 255 255 255 255 255 255 255 255 255 255 255 255 255 255 255 255 255 
255 255 255 255 255 255 255 255 255 255 255 255 255 255 255 255 255 255 255 255 255 255 255 255 255 255 255 255 255 255 255 255 255 255 255 255 255 255 255 255 255 255 255 255 255 255 255 255 255 255 255 255 255 255 255 255 255 255 255 255 255 255 255 255 255 255 255 255 255 255 255 255 
255 255 255 255 255 255 255 255 255 255 255 255 255 255 255 255 255 255 255 255 255 255 255 255 255 255 255 255 255 255 255 255 255 255 255 255 255 255 255 255 255 255 255 255 255 255 255 255 255 255 255 255 255 255 255 255 255 255 255 255 255 255 255 255 255 255 255 255 255 255 255 255 
255 255 255 255 255 255 255 255 255 255 255 255 255 255 255 255 255 255 255 255 255 255 255 255 255 255 255 255 255 255 255 255 255 255 255 255 255 255 255 255 255 255 255 255 255 255 255 255 255 255 255 255 255 255 255 255 255 255 255 255 255 255 255 255 255 255 255 255 255 255 255 255 
255 255 255 255 255 255 255 255 255 255 255 255 255 255 255 255 255 255 255 255 255 255 255 255 255 255 255 255 255 255 255 255 255 255 255 255 255 255 255 255 255 255 255 255 255 255 255 255 255 255 255 255 255 255 255 255 255 255 255 255 255 255 255 255 255 255 255 255 255 255 255 255 
255 255 255 255 255 255 255 255 255 255 255 255 255 255 255 255 255 255 255 255 255 255 255 255 255 255 255 255 255 255 255 255 255 255 255 255 255 255 255 255 255 255 255 255 255 255 255 255 255 255 255 255 255 255 255 255 255 255 255 255 255 255 255 255 255 255 255 255 255 255 255 255 
114 104 094 083 073 220 255 255 255 255 255 255 255 255 255 255 255 255 255 235 223 234 244 254 255 255 255 255 255 255 255 255 255 255 255 255 255 255 255 255 255 255 255 255 255 250 239 228 218 255 255 255 255 255 255 255 255 255 255 250 130 144 157 171 184 198 210 213 214 215 216 217 
000 000 000 000 000 206 255 255 255 255 255 255 255 255 255 255 255 255 255 135 000 000 000 001 010 019 020 022 024 026 028 030 031 033 035 032 030 028 026 025 023 021 019 016 005 000 000 000 009 255 255 255 255 255 255 255 255 255 255 244 000 000 000 000 000 000 000 000 000 000 000 000 
000 000 000 000 000 206 255 255 255 255 255 255 255 255 255 255 255 255 255 150 000 000 000 000 000 000 000 000 000 000 000 000 000 000 000 000 000 000 000 000 000 000 000 000 000 000 000 000 030 255 255 255 255 255 255 255 255 255 255 244 000 000 000 000 000 000 000 000 000 000 000 000 
003 000 000 000 000 206 255 255 255 255 255 255 255 255 255 255 255 255 255 164 000 000 000 000 000 000 000 000 000 000 000 000 000 000 000 000 000 000 000 000 000 000 000 000 000 000 000 000 051 255 255 255 255 255 255 255 255 255 255 244 000 000 000 000 000 000 000 000 000 000 000 000 
255 247 235 224 212 246 255 255 255 255 255 255 255 255 255 255 255 255 255 178 000 000 000 143 237 237 237 237 237 237 237 237 237 237 237 237 237 237 237 237 237 237 237 237 237 014 000 000 072 255 255 255 255 255 255 255 255 255 255 250 145 160 175 189 204 219 227 228 229 230 231 232 
255 255 255 255 255 255 255 255 255 255 255 255 255 255 255 255 255 255 255 193 000 000 000 147 255 255 255 255 255 255 255 255 255 255 255 255 255 255 255 255 255 255 255 255 255 002 000 000 091 255 255 255 255 255 255 255 255 255 255 255 255 255 255 255 255 255 255 255 255 255 255 255 
255 255 255 255 255 255 255 255 255 255 255 255 255 255 255 255 255 255 255 207 000 000 000 141 255 255 255 255 255 255 255 255 255 255 255 255 255 255 255 255 255 255 255 255 243 000 000 000 110 255 255 255 255 255 255 255 255 255 255 255 255 255 255 255 255 255 255 255 255 255 255 255 
255 255 255 255 255 255 255 255 255 255 255 255 255 255 255 255 255 255 255 219 000 000 000 134 255 255 255 255 255 255 255 255 255 255 255 255 255 255 121 210 255 255 255 255 229 000 000 000 129 255 255 255 255 255 255 255 255 255 255 255 255 255 255 255 255 255 255 255 255 255 255 255 
255 255 255 255 255 255 255 255 255 255 255 255 255 255 255 255 255 255 255 222 000 000 000 128 255 255 255 255 255 255 255 255 255 255 255 255 255 241 006 005 111 235 255 255 215 000 000 000 146 255 255 255 255 255 255 255 255 255 255 255 255 255 242 224 250 255 255 255 255 255 255 255 
255 255 255 255 255 255 255 255 255 255 255 255 255 255 255 255 255 255 255 224 000 000 000 123 255 255 255 156 174 255 255 255 255 255 255 255 255 168 000 000 000 014 208 255 201 000 000 000 161 255 255 255 255 255 255 255 255 255 255 255 255 255 201 000 001 023 032 033 035 036 038 039 
255 255 255 255 255 255 255 255 255 255 255 255 255 255 255 255 255 255 255 227 000 000 000 126 255 250 106 000 007 191 255 255 255 255 255 255 255 076 000 000 000 087 247 255 188 000 000 000 176 255 255 255 255 255 255 255 255 255 255 255 255 255 228 000 000 000 000 000 000 000 000 000 
255 255 255 255 255 255 255 255 255 255 255 255 255 255 255 255 255 255 255 230 000 000 000 128 255 209 013 000 000 014 206 255 255 255 255 255 221 002 000 000 017 234 255 255 174 000 000 000 191 255 255 255 255 255 255 255 255 255 255 255 255 255 249 000 000 000 000 000 000 000 000 000 
222 220 212 203 194 185 176 167 163 255 255 255 255 255 255 255 255 255 255 233 000 000 000 131 255 255 196 012 000 000 022 221 255 255 255 255 115 000 000 000 148 255 255 255 160 000 000 000 205 255 255 255 255 255 255 255 255 255 255 255 255 255 252 000 000 000 050 145 145 145 145 145 
000 000 000 000 000 000 000 000 011 255 255 255 255 255 255 255 255 255 255 236 000 000 000 133 255 255 255 188 005 000 000 042 241 255 255 246 017 000 000 048 252 255 255 255 146 000 000 000 215 255 255 255 255 255 255 255 255 255 255 255 255 255 254 000 000 000 088 255 255 255 255 255 
000 000 000 000 000 000 000 000 011 255 255 255 255 255 255 255 255 255 255 239 000 000 000 136 255 255 255 255 163 000 000 000 073 252 255 156 000 000 000 191 255 255 255 255 136 000 000 000 222 255 255 255 255 255 255 255 255 255 255 255 255 255 255 001 000 000 088 255 255 255 253 201 
000 000 000 000 000 000 000 000 011 255 255 255 255 255 255 255 255 255 255 241 000 000 000 138 255 255 255 255 255 133 000 000 000 113 249 033 000 000 074 255 255 255 255 255 136 000 000 000 228 255 255 255 255 255 255 255 255 255 255 255 255 255 255 004 000 000 088 255 255 223 062 002 
189 187 186 184 176 166 155 144 139 255 255 255 255 255 255 255 255 255 255 244 000 000 000 141 255 255 255 255 255 255 104 000 000 000 069 000 000 002 211 255 255 255 255 255 137 000 000 000 235 255 255 255 255 255 255 255 255 255 255 255 255 255 255 004 000 000 088 255 230 015 000 000 
255 255 255 255 255 255 255 255 255 255 255 255 255 255 255 255 255 255 255 245 000 000 000 144 255 255 255 255 255 255 252 068 000 000 000 000 000 097 255 255 255 255 255 255 138 000 000 000 241 255 255 255 255 255 255 255 255 255 255 255 255 255 255 004 000 000 088 255 255 152 000 000 
255 255 255 255 255 255 255 255 255 255 255 255 255 255 255 255 255 255 255 233 000 000 000 153 255 255 255 255 255 255 255 234 028 000 000 000 009 227 255 255 255 255 255 255 139 000 000 000 248 255 255 255 255 255 255 255 255 255 255 255 255 255 255 004 000 000 088 255 255 255 137 000 
255 255 255 255 255 255 255 255 255 255 255 255 255 255 255 255 255 255 255 221 000 000 000 165 255 255 255 255 255 255 255 255 131 000 000 000 044 252 255 255 255 255 255 255 140 000 000 000 254 255 255 255 255 255 255 255 255 255 255 255 255 255 255 004 000 000 088 255 255 255 255 105 
255 255 255 255 255 255 255 255 255 255 255 255 255 255 255 255 255 255 255 209 000 000 000 178 255 255 255 255 255 255 255 217 011 000 000 000 000 127 255 255 255 255 255 255 141 000 000 000 248 255 255 255 255 255 255 255 255 255 255 255 255 255 255 004 000 000 088 255 255 255 255 247 
255 255 255 255 255 255 255 255 255 255 255 255 255 255 255 255 255 255 255 197 000 000 000 190 255 255 255 255 255 255 249 049 000 000 000 000 000 003 196 255 255 255 255 255 142 000 000 000 234 255 255 255 255 255 255 255 255 255 255 255 255 255 255 004 000 000 088 255 255 255 255 255 
255 255 255 255 255 255 255 255 255 255 255 255 255 255 255 255 255 255 255 176 000 000 000 204 255 255 255 255 255 255 109 000 000 000 069 011 000 000 031 240 255 255 255 255 143 000 000 000 219 255 255 255 255 255 255 255 255 255 255 255 255 255 255 004 000 000 088 255 255 255 255 255 
255 255 255 255 255 255 255 255 255 255 255 255 255 255 255 255 255 255 255 151 000 000 000 223 255 255 255 255 255 144 000 000 000 029 238 143 000 000 000 087 255 255 255 255 149 000 000 000 204 255 255 255 255 255 255 255 255 255 255 255 255 255 255 004 000 000 088 255 255 255 155 242 
255 255 255 255 255 255 255 255 255 255 255 255 255 255 255 255 255 255 255 100 000 000 000 244 255 255 255 255 172 002 000 000 005 196 255 253 055 000 000 000 164 255 255 255 174 000 000 000 189 255 255 255 255 255 255 255 255 255 255 255 255 255 255 004 000 000 088 255 246 087 000 053 
255 255 255 255 255 255 254 255 255 255 255 255 255 255 255 255 255 255 255 045 000 000 035 255 255 255 255 196 008 000 000 000 155 255 255 255 211 005 000 000 020 236 255 255 202 000 000 000 149 255 255 255 255 255 255 255 255 255 255 255 255 255 255 004 000 000 088 255 117 000 000 000 
255 255 255 255 255 255 083 245 255 255 255 255 255 255 255 255 255 255 243 002 000 000 087 255 255 255 216 018 000 000 000 110 255 255 255 255 255 126 000 000 000 097 255 255 230 000 000 000 094 255 255 255 255 255 255 255 255 255 255 255 255 255 255 004 000 000 088 255 248 075 000 000 
255 255 255 255 255 228 000 041 192 255 255 255 255 255 255 255 255 255 176 000 000 000 140 255 255 227 032 000 000 000 069 252 255 255 255 255 255 245 024 000 000 000 192 255 253 011 000 000 040 255 255 243 211 255 255 255 255 255 255 255 255 255 255 004 000 000 088 255 255 249 076 000 
255 255 255 255 255 168 000 000 000 076 235 255 255 255 255 255 255 255 080 000 000 000 193 255 206 026 000 000 000 037 238 255 255 255 255 255 255 255 149 000 000 000 039 249 255 066 000 000 001 235 255 203 054 239 255 255 255 255 255 255 255 255 255 004 000 000 088 255 255 255 244 042 
255 255 255 255 255 097 000 000 000 023 254 255 255 255 255 255 255 234 005 000 000 018 249 255 127 007 000 000 022 217 255 255 255 255 255 255 255 255 250 034 000 000 020 203 255 134 000 000 000 148 255 163 000 044 195 255 255 255 255 255 255 255 255 004 000 000 088 255 255 255 255 214 
255 255 255 255 214 019 000 000 000 096 255 255 255 255 255 255 255 138 000 000 000 103 255 255 255 217 061 017 209 255 255 255 255 255 255 255 255 255 255 163 011 125 242 255 255 210 000 000 000 049 255 121 000 000 030 255 255 255 255 255 255 255 255 002 000 000 088 255 255 255 255 255 
196 189 159 127 016 000 000 000 000 197 255 255 255 255 255 255 235 016 000 000 000 196 255 255 255 255 250 215 255 255 255 255 255 255 255 255 255 255 255 253 232 255 255 255 255 255 063 000 000 000 148 018 000 000 094 255 255 255 255 255 255 255 255 001 000 000 088 255 255 255 255 255 
000 000 000 000 000 000 000 000 051 255 255 255 255 255 255 255 102 000 000 000 033 255 255 255 255 255 255 255 255 255 255 255 255 255 255 255 255 255 255 255 255 255 255 255 255 255 198 000 000 000 000 000 000 000 159 255 255 255 255 255 255 255 255 000 000 000 088 255 255 255 255 255 
000 000 000 000 000 000 000 007 204 255 255 255 255 255 255 190 002 000 000 000 150 255 255 255 255 255 255 255 255 255 255 255 255 255 255 255 255 255 255 255 255 255 255 255 255 255 255 077 000 000 000 000 000 000 224 255 255 255 255 255 255 255 245 000 000 000 088 255 255 255 255 255 
000 000 000 000 000 000 061 210 255 255 255 255 255 255 255 061 000 000 000 041 251 255 255 255 255 255 255 255 255 255 255 255 255 255 255 255 255 255 255 255 255 255 255 255 255 255 255 227 031 000 000 000 000 055 255 255 255 255 255 255 255 255 219 000 000 000 088 255 255 255 255 255 
132 134 143 174 206 239 255 255 255 255 255 255 255 255 255 241 037 000 000 178 255 255 255 255 255 255 255 255 255 255 255 255 255 255 255 255 255 255 255 255 255 255 255 255 255 255 255 255 219 024 000 000 000 166 255 255 255 255 255 255 255 255 194 000 000 000 088 255 255 255 255 255 
255 255 255 255 255 255 255 255 255 255 255 255 255 255 255 255 210 010 074 255 255 255 255 255 255 255 255 255 255 255 255 255 255 255 255 255 255 255 255 255 255 255 255 255 255 255 255 255 255 227 094 002 046 250 255 255 255 255 255 255 255 255 223 150 150 150 187 255 255 255 255 255 
255 255 255 255 255 255 255 255 255 255 255 255 255 255 255 255 255 153 237 255 255 255 255 255 255 255 255 255 255 255 255 255 255 255 255 255 255 255 255 255 255 255 255 255 255 255 255 255 255 255 255 241 249 255 255 255 255 255 255 255 255 255 255 255 255 255 255 255 255 255 255 255 
255 255 255 255 255 255 255 255 255 255 255 255 255 255 255 255 255 255 255 255 255 255 255 255 255 255 255 255 255 255 255 255 255 255 255 255 255 255 255 255 255 255 255 255 255 255 255 255 255 255 255 255 255 255 255 255 255 255 255 255 255 255 255 255 255 255 255 255 255 255 255 255 
255 255 255 255 255 255 255 255 255 255 255 255 255 255 255 255 255 255 255 255 255 255 255 255 255 255 255 255 255 255 255 255 255 255 255 255 255 255 255 255 255 255 255 255 255 255 255 255 255 255 255 255 255 255 255 255 255 255 255 255 255 255 255 255 255 255 255 255 255 255 255 255 
255 255 255 255 255 255 255 255 255 255 255 255 255 255 255 255 255 255 255 255 255 255 255 255 255 255 255 255 255 255 255 255 255 255 255 255 255 255 255 255 255 255 255 255 255 255 255 255 255 255 255 255 255 255 255 255 255 255 255 255 255 255 255 255 255 255 255 255 255 255 255 255 
255 255 255 255 255 255 255 255 255 255 255 255 255 255 255 255 255 255 255 255 255 255 255 255 255 255 255 255 255 255 255 255 255 255 255 255 255 255 255 255 255 255 255 255 255 255 255 255 255 255 255 255 255 255 255 255 255 255 255 255 255 255 255 255 255 255 255 255 255 255 255 255 
255 255 255 255 255 255 255 255 255 255 255 255 255 255 255 255 255 255 255 255 255 255 255 255 255 255 255 255 255 255 255 255 255 255 255 255 255 255 255 255 255 255 255 255 255 255 255 255 255 255 255 255 255 255 255 255 255 255 255 255 255 255 255 255 255 255 255 255 255 255 255 255 
255 255 255 255 255 255 255 255 255 255 255 255 255 255 255 255 255 255 255 255 255 255 255 255 255 255 255 255 255 255 255 255 255 255 255 255 255 255 255 255 255 255 255 255 255 255 255 255 255 255 255 255 255 255 255 255 255 255 255 255 255 255 255 255 255 255 255 255 255 255 255 255 
255 255 255 255 255 255 255 255 255 255 255 255 255 255 255 255 255 255 255 255 255 255 255 255 255 255 255 255 255 255 255 255 255 255 255 255 255 255 255 255 255 255 255 255 255 255 255 255 255 255 255 255 255 255 255 255 255 255 255 255 255 255 255 255 255 255 255 255 255 255 255 255 
255 255 255 255 255 255 255 255 255 255 255 255 255 255 255 255 255 255 255 255 255 255 255 255 255 255 255 255 255 255 255 255 255 255 255 255 255 255 255 255 255 255 255 255 255 255 255 255 255 255 255 255 255 255 255 255 255 255 255 255 255 255 255 255 255 255 255 255 255 255 255 255 
255 255 255 255 255 255 255 255 255 255 255 255 255 255 255 255 255 255 255 255 255 255 255 255 255 255 255 255 255 255 255 255 255 255 255 255 255 255 255 255 255 255 255 255 255 255 255 255 255 255 255 255 255 255 255 255 255 255 255 255 255 255 255 255 255 255 255 255 255 255 255 255 
255 255 255 255 255 255 255 255 255 255 255 255 255 255 255 255 255 255 255 255 255 255 255 255 255 255 255 255 255 255 255 255 255 255 255 255 255 255 255 255 255 255 255 255 255 255 255 255 255 255 255 255 255 255 255 255 255 255 255 255 255 255 255 255 255 255 255 255 255 255 255 255 
255 255 255 255 255 255 255 255 255 255 255 255 255 255 255 255 255 255 255 255 255 255 255 255 255 255 255 255 255 255 255 255 255 255 255 255 255 255 255 255 255 255 255 255 255 255 255 255 255 255 255 255 255 255 255 255 255 255 255 255 255 255 255 255 255 255 255 255 255 255 255 255 
255 255 255 255 255 255 255 255 255 255 255 255 255 255 255 255 255 255 255 255 255 255 255 255 255 255 255 255 255 255 255 255 255 255 255 255 255 255 255 255 255 255 255 255 255 255 255 255 255 255 255 255 255 255 255 255 255 255 255 255 255 255 255 255 255 255 255 255 255 255 255 255 
255 255 255 255 255 255 255 255 255 255 255 255 255 255 255 255 255 255 255 255 255 255 255 255 255 255 255 255 255 255 255 255 255 255 255 255 255 255 255 255 255 255 255 255 255 255 255 255 255 255 255 255 255 255 255 255 255 255 255 255 255 255 255 255 255 255 255 255 255 255 255 255 
255 255 255 255 255 255 255 255 255 255 255 255 255 255 255 255 255 255 255 255 255 255 255 255 255 255 255 255 255 255 255 255 255 255 255 255 255 255 255 255 255 255 255 255 255 255 255 255 255 255 255 255 255 255 255 255 255 255 255 255 255 255 255 255 255 255 255 255 255 255 255 255 
255 255 255 255 255 255 255 255 255 255 255 255 255 255 255 255 255 255 255 255 255 255 255 255 255 255 255 255 255 255 255 255 255 255 255 255 255 255 255 255 255 255 255 255 255 255 255 255 255 255 255 255 255 255 255 255 255 255 255 255 255 255 255 255 255 255 255 255 255 255 255 255 
255 255 255 255 255 255 255 255 255 255 255 255 255 255 255 255 255 255 255 255 255 255 255 255 255 255 255 255 255 255 255 255 255 255 255 255 255 255 255 255 255 255 255 255 255 255 255 255 255 255 255 255 255 255 255 255 255 255 255 255 255 255 255 255 255 255 255 255 255 255 255 255 
255 255 255 255 255 255 255 255 255 255 255 255 255 255 255 255 255 255 255 255 255 255 255 255 255 255 255 255 255 255 255 255 255 255 255 255 255 255 255 255 255 255 255 255 255 255 255 255 255 255 255 255 255 255 255 255 255 255 255 255 255 255 255 255 255 255 255 255 255 255 255 255 
255 255 255 255 255 255 255 255 255 255 255 255 255 255 255 255 255 255 255 255 255 255 255 255 255 255 255 255 255 255 255 255 255 255 255 255 255 255 255 255 255 255 255 255 255 255 255 255 255 255 255 255 255 255 255 255 255 255 255 255 255 255 255 255 255 255 255 255 255 255 255 255 
255 255 255 255 255 255 255 255 255 255 255 255 255 255 255 255 255 255 255 255 255 255 255 255 255 255 255 255 255 255 255 255 255 255 255 255 255 255 255 255 255 255 255 255 255 255 255 255 255 255 255 255 255 255 255 255 255 255 255 255 255 255 255 255 255 255 255 255 255 255 255 255 
255 255 255 255 255 255 255 255 255 255 255 255 255 255 255 255 255 255 255 255 255 255 255 255 255 255 255 255 255 255 255 255 255 255 255 255 255 255 255 255 255 255 255 255 255 255 255 255 255 255 255 255 255 255 255 255 255 255 255 255 255 255 255 255 255 255 255 255 255 255 255 255 
255 255 255 255 255 255 255 255 255 255 255 255 255 255 255 255 255 255 255 255 255 255 255 255 255 255 255 255 255 255 255 255 255 255 255 255 255 255 255 255 255 255 255 255 255 255 255 255 255 255 255 255 255 255 255 255 255 255 255 255 255 255 255 255 255 255 255 255 255 255 255 255 
255 255 255 255 255 255 255 255 255 255 255 255 255 255 255 255 255 255 255 255 255 255 255 255 255 255 255 255 255 255 255 255 255 255 255 255 255 255 255 255 255 255 255 255 255 255 255 255 255 255 255 255 255 255 255 255 255 255 255 255 255 255 255 255 255 255 255 255 255 255 255 255 
255 255 255 255 255 255 255 255 255 255 255 255 255 255 255 255 255 255 255 255 255 255 255 255 255 255 255 255 255 255 255 255 255 255 255 255 255 255 255 255 255 255 255 255 255 255 255 255 255 255 255 255 255 255 255 255 255 255 255 255 255 255 255 255 255 255 255 255 255 255 255 255 
255 255 255 255 255 255 255 255 255 255 255 255 255 255 255 255 255 255 255 255 255 255 255 255 255 255 255 255 255 255 255 255 255 255 255 255 255 255 255 255 255 255 255 255 255 255 255 255 255 255 255 255 255 255 255 255 255 255 255 255 255 255 255 255 255 255 255 255 255 255 255 255 
255 255 255 255 255 255 255 255 255 255 255 255 255 255 255 255 255 255 255 255 255 255 255 255 255 255 255 255 255 255 255 255 255 255 255 255 255 255 255 255 255 255 255 255 255 255 255 255 255 255 255 255 255 255 255 255 255 255 255 255 255 255 255 255 255 255 255 255 255 255 255 255 
255 255 255 255 255 255 255 255 255 255 255 255 255 255 255 255 255 255 255 255 255 255 255 255 255 255 255 255 255 255 255 255 255 255 255 255 255 255 255 255 255 255 255 255 255 255 255 255 255 255 255 255 255 255 255 255 255 255 255 255 255 255 255 255 255 255 255 255 255 255 255 255 
255 255 255 255 255 255 255 255 255 255 255 255 255 255 255 255 255 255 255 255 255 255 255 255 255 255 255 255 255 255 255 255 255 255 255 255 255 255 255 255 255 255 255 255 255 255 255 255 255 255 255 255 255 255 255 255 255 255 255 255 255 255 255 255 255 255 255 255 255 255 255 255 
255 255 255 255 255 255 255 255 255 255 255 255 255 255 255 255 255 255 255 255 255 255 255 255 255 255 255 255 255 255 255 255 255 255 255 255 255 255 255 255 255 255 255 255 255 255 255 255 255 255 255 255 255 255 255 255 255 255 255 255 255 255 255 255 255 255 255 255 255 255 255 255 
255 255 255 255 150 118 134 138 179 255 255 255 255 255 255 255 255 255 255 255 255 255 255 255 255 255 255 255 255 255 255 255 255 255 255 255 255 255 255 255 255 255 255 255 255 255 255 255 255 255 255 255 255 255 255 255 255 255 255 255 255 255 255 255 255 255 255 255 255 255 255 255 
255 255 255 255 108 000 000 000 210 255 255 255 255 255 255 255 255 255 255 255 255 255 255 255 255 255 255 255 255 255 255 255 255 255 255 255 255 255 255 255 255 255 255 255 255 255 255 255 255 255 255 255 255 255 255 255 255 255 255 255 255 255 255 255 255 255 255 255 255 255 255 255 
255 255 255 255 133 000 000 002 255 255 255 255 255 255 255 255 255 255 255 255 255 255 255 255 255 255 255 255 255 255 255 255 255 255 255 255 255 255 255 255 255 255 255 255 255 255 255 255 255 255 255 255 255 255 255 255 255 255 255 255 255 255 255 255 255 255 255 255 255 255 255 255 
255 255 255 255 140 000 000 002 255 255 255 255 255 255 255 255 255 255 255 253 255 255 255 255 255 255 255 255 255 255 255 255 255 255 255 255 255 255 255 255 255 255 255 255 255 255 255 255 255 255 255 255 255 255 255 255 255 255 255 255 255 255 255 255 255 255 255 255 255 255 255 255 
079 079 079 079 045 000 000 000 078 076 075 073 071 070 069 058 042 026 011 040 255 255 255 255 255 255 255 255 255 255 255 255 255 255 255 255 255 255 255 255 255 255 255 255 255 255 255 255 255 255 255 255 255 255 255 255 255 255 255 255 255 255 255 255 255 255 255 255 255 255 255 255 
000 000 000 000 000 000 000 000 000 000 000 000 000 000 000 000 000 000 000 039 255 255 255 255 255 255 255 255 255 255 255 255 255 255 255 255 255 255 255 255 255 255 255 255 255 255 255 255 255 255 255 255 255 255 255 255 255 255 255 255 255 255 255 255 255 255 255 255 255 255 255 255 
000 000 000 000 000 000 000 000 000 000 000 000 000 000 000 000 000 000 000 039 255 255 255 255 255 255 255 255 255 255 255 255 255 255 255 255 255 255 255 255 255 255 255 255 255 255 255 255 255 255 255 255 255 255 255 255 255 255 255 255 255 255 255 255 255 255 255 255 255 255 255 255 
203 203 203 203 126 000 000 002 202 200 198 195 193 190 188 176 160 143 126 133 255 255 255 255 255 255 255 255 255 255 255 255 255 255 255 255 255 255 255 255 255 255 255 255 255 255 255 255 255 255 255 255 255 255 255 255 255 255 255 255 255 255 255 255 255 255 255 255 255 255 255 255 
255 255 255 255 158 000 000 002 255 255 255 255 255 255 255 255 255 255 255 255 255 255 255 255 255 255 255 255 255 255 255 255 255 255 255 255 255 255 255 255 255 255 255 255 255 255 255 255 255 255 255 255 255 255 255 255 255 255 255 255 255 255 255 255 255 255 255 255 255 255 255 255 
255 255 248 255 158 000 000 002 255 255 255 255 255 255 255 255 255 255 255 255 255 255 255 255 255 255 255 255 255 255 255 255 255 255 255 255 255 255 255 255 255 255 255 255 255 255 255 255 255 255 255 255 255 255 255 255 255 255 255 255 255 255 255 255 255 255 255 255 255 255 255 255 
122 044 058 255 238 209 209 210 255 255 255 255 246 255 255 255 255 255 255 255 255 255 255 255 255 255 255 255 255 255 255 255 255 255 255 255 255 255 255 255 255 255 255 255 255 255 255 255 255 255 255 255 255 255 255 255 255 255 255 255 255 255 255 255 255 255 255 255 255 255 255 255 
000 000 000 209 255 255 255 255 255 255 232 108 015 199 255 255 255 255 255 255 255 255 255 255 255 255 255 255 255 255 255 255 255 255 255 255 255 255 255 255 255 255 255 255 255 255 255 255 255 255 255 255 255 255 255 255 255 255 255 255 255 255 255 255 255 255 255 255 255 255 255 255 
011 000 000 108 255 255 255 255 255 196 011 000 000 022 223 255 255 255 255 255 255 255 255 255 255 255 255 255 255 255 255 255 255 255 255 255 255 255 255 255 255 255 255 255 255 255 255 255 255 255 255 255 255 255 255 255 255 255 255 255 255 255 255 255 255 255 255 255 255 255 255 255 
087 000 000 022 252 255 255 255 255 254 080 000 000 000 042 240 255 255 255 255 255 255 255 255 255 255 255 255 255 255 255 255 255 255 255 255 255 255 255 255 255 255 255 255 255 255 255 255 255 255 255 255 255 255 255 255 255 255 255 255 255 255 255 255 255 255 255 255 255 255 255 255 
149 000 000 000 194 255 223 255 255 255 243 035 000 000 000 085 255 255 255 255 255 255 255 255 255 255 255 255 255 255 255 255 255 255 255 255 255 255 255 255 255 255 255 255 255 255 255 255 255 255 255 255 255 255 255 255 255 255 255 255 255 255 255 255 255 255 255 255 255 255 255 255 
214 087 158 228 255 255 122 142 255 255 255 196 002 000 000 000 164 255 255 255 255 255 255 255 255 255 255 255 255 255 255 255 255 255 255 255 255 255 255 255 255 255 255 255 255 255 255 255 255 255 255 255 255 255 255 255 255 255 255 255 255 255 255 255 255 255 255 255 255 255 255 255 
255 255 255 255 255 255 061 000 075 203 255 255 118 000 000 000 016 227 255 255 255 255 255 255 255 255 255 255 255 255 255 255 255 255 255 255 255 255 255 255 255 255 255 255 255 255 255 255 255 255 255 255 255 255 255 255 238 199 212 225 238 251 255 255 255 255 255 255 255 255 255 255 
255 255 255 255 255 230 002 000 000 041 255 255 249 045 000 000 003 156 255 255 255 255 255 255 255 255 255 255 255 255 255 255 255 255 255 255 255 255 255 255 255 255 255 255 255 255 255 255 255 255 255 255 255 255 255 255 184 000 000 000 000 000 007 020 029 030 031 033 034 036 037 039 
255 255 255 255 249 088 000 000 000 141 255 255 255 187 000 054 207 255 255 255 255 255 255 255 255 255 255 255 255 255 255 255 255 255 255 255 255 255 255 255 255 255 255 255 255 255 255 255 255 255 255 255 255 255 255 255 184 000 000 000 000 000 000 000 000 000 000 000 000 000 000 000 
124 127 121 089 038 000 000 000 034 247 255 255 255 255 177 253 255 255 255 255 255 255 255 255 255 255 255 255 255 255 255 255 255 255 255 255 255 255 255 255 255 255 255 255 255 255 255 255 255 255 255 255 255 255 255 255 184 000 000 000 000 000 000 000 000 000 000 000 000 000 000 000 
000 000 000 000 000 000 000 002 180 255 255 255 255 255 255 255 255 255 255 255 255 255 255 255 255 255 255 255 255 255 255 255 255 255 255 255 255 255 255 255 255 255 255 255 255 255 255 255 255 255 255 255 255 255 255 255 184 000 000 000 000 000 000 000 000 000 000 000 000 000 000 000 
000 000 000 000 000 005 064 206 226 148 076 247 255 255 255 255 255 255 255 255 255 255 255 255 255 255 255 255 255 255 255 255 255 255 255 255 255 255 255 255 255 255 255 255 255 255 255 255 255 255 255 255 255 255 255 255 204 079 092 105 118 131 143 156 164 166 167 169 170 172 173 175 
192 191 193 202 230 253 255 255 090 000 000 175 255 255 255 255 255 255 255 255 255 255 255 255 255 255 255 255 255 255 255 255 255 255 255 255 255 255 255 255 255 255 255 255 255 255 255 255 255 255 255 255 255 255 255 255 255 255 255 255 255 255 255 255 255 255 255 255 255 255 255 255 
255 255 255 255 255 255 255 255 186 000 000 091 255 255 255 255 255 255 255 255 255 255 255 255 255 255 255 255 255 255 255 255 255 255 255 255 255 255 255 255 255 255 255 255 255 255 255 255 255 255 255 255 255 255 255 255 255 255 255 255 255 255 255 255 255 255 255 255 255 255 255 255 
255 255 255 255 255 255 255 255 253 029 000 014 248 255 255 255 255 255 255 255 255 255 255 255 255 255 255 255 255 255 255 255 255 255 255 255 255 255 255 255 255 255 255 255 255 255 255 255 255 255 255 255 255 255 255 255 255 255 255 255 255 255 255 255 255 255 255 255 255 255 255 255 
255 255 255 255 255 181 222 222 210 121 000 000 176 255 222 100 202 255 255 255 255 255 255 255 255 255 255 255 255 255 255 255 255 255 255 255 255 255 255 255 255 255 255 255 255 255 255 255 255 255 255 255 255 255 255 255 255 255 255 255 255 255 255 255 255 255 255 255 255 255 255 255 
255 230 255 255 255 019 000 000 076 192 000 000 087 217 005 000 056 254 255 255 255 255 255 255 255 255 255 255 255 255 255 255 255 255 255 255 255 255 255 255 255 255 255 255 255 255 255 255 255 255 255 255 255 255 255 255 255 255 255 255 255 255 255 255 255 255 255 255 255 255 255 255 
255 054 032 061 180 045 000 000 212 249 011 000 010 244 076 000 000 161 255 255 255 255 255 255 255 251 190 255 255 255 255 255 255 255 255 255 255 255 255 255 255 255 255 255 255 255 255 255 255 255 255 255 255 255 255 255 255 255 255 255 255 255 255 255 255 255 255 255 255 255 255 255 
255 057 000 000 217 048 000 000 224 255 073 005 074 223 214 001 000 025 242 255 255 255 255 255 254 095 000 106 248 255 255 255 255 255 255 255 255 255 255 255 255 255 255 255 255 255 255 255 255 255 255 255 255 255 255 255 255 255 255 255 255 255 255 255 255 255 255 255 255 255 255 255 
255 061 000 022 255 048 000 000 224 255 213 237 255 255 255 077 000 000 126 255 255 255 255 255 118 000 000 000 050 228 255 255 255 255 255 255 255 255 255 255 255 255 255 255 255 255 255 255 255 255 255 255 255 255 255 255 255 255 255 255 255 255 255 255 255 255 255 255 255 255 255 255 
255 029 000 055 255 048 000 000 224 255 255 255 255 255 255 192 000 000 019 245 255 255 255 255 176 015 000 000 000 026 205 255 255 255 255 255 255 255 255 255 255 255 255 255 255 255 255 255 255 255 255 255 255 255 255 255 255 255 255 255 255 255 255 255 255 255 255 255 255 255 255 255 
216 000 000 087 255 048 000 000 224 255 255 255 255 241 255 255 053 000 000 148 255 255 255 255 255 221 047 000 000 000 011 177 255 255 255 255 255 255 255 255 255 255 255 255 255 255 255 255 255 255 255 255 255 255 255 255 255 255 255 255 255 255 255 255 255 255 255 255 255 255 255 255 
122 000 000 120 255 048 000 000 224 255 255 255 239 086 252 255 168 000 000 034 253 255 255 255 255 255 242 068 000 000 000 002 142 255 255 255 255 255 255 255 255 255 255 255 255 255 255 255 255 255 255 255 255 255 255 255 255 255 255 255 255 255 255 255 255 255 255 255 255 255 255 255 
134 000 000 152 255 048 000 000 224 255 255 255 202 000 069 234 249 017 000 013 211 255 255 255 255 255 255 250 091 000 000 000 000 109 254 255 255 255 255 255 255 255 255 255 255 255 255 255 255 255 255 255 255 255 255 255 255 255 255 255 255 255 255 255 255 255 255 255 255 255 255 255 
068 000 000 194 255 049 000 000 219 255 255 255 121 000 000 019 250 114 121 236 255 255 255 255 255 255 255 255 254 117 000 000 000 000 094 252 255 255 255 255 255 255 255 255 255 255 255 255 255 255 255 255 255 255 255 255 255 255 255 255 255 255 255 255 255 255 255 255 255 255 255 255 
000 000 008 248 255 053 000 000 071 207 208 165 008 000 000 101 255 255 255 255 255 255 255 255 255 255 255 255 255 255 144 001 000 000 000 110 255 255 255 255 255 255 255 255 255 255 255 255 255 255 255 255 255 255 255 255 255 255 255 255 255 255 255 255 255 255 255 255 255 255 255 255 
145 101 092 255 255 093 000 000 000 000 000 000 000 000 009 226 255 255 255 255 255 255 255 255 255 255 255 255 255 255 255 150 000 000 037 226 255 255 255 255 255 255 255 255 255 255 255 255 255 255 255 255 255 255 255 255 255 255 255 255 255 255 255 255 255 255 255 255 255 255 255 255 
255 255 255 255 255 183 005 000 000 000 000 000 000 003 145 255 255 255 255 255 255 255 255 255 255 255 255 255 255 255 255 255 144 042 230 255 255 255 255 255 255 255 255 255 255 255 255 255 255 255 255 255 255 255 255 255 255 255 255 255 255 255 255 255 255 255 255 255 255 255 255 255 
255 255 255 255 255 255 206 139 104 097 097 106 136 204 255 255 255 255 255 255 255 255 255 255 255 255 255 255 255 255 255 255 255 247 255 255 255 255 255 255 255 255 255 255 255 255 255 255 255 255 255 255 255 255 255 255 255 255 255 255 255 255 255 255 255 255 255 255 255 255 255 255 
255 255 255 255 255 255 255 255 255 255 255 255 255 255 255 255 255 255 255 255 255 255 255 255 255 255 255 255 255 255 255 255 255 255 255 255 255 255 255 255 255 255 255 255 255 255 255 255 255 255 255 255 255 255 255 255 255 255 255 255 255 255 255 255 255 255 255 255 255 255 255 255 
255 255 255 255 255 255 255 255 255 255 255 255 255 255 255 255 255 255 255 255 255 255 255 255 255 255 255 255 255 255 255 255 255 255 255 255 255 255 255 255 255 255 255 255 255 255 255 255 255 255 255 255 255 255 255 255 255 255 255 255 255 255 255 255 255 255 255 255 255 255 255 255 
255 255 255 255 255 255 255 255 255 255 255 255 255 255 255 255 255 255 255 255 255 255 255 255 255 255 255 255 255 255 255 255 255 255 255 255 255 255 255 255 255 255 255 255 255 255 255 255 255 255 255 255 255 255 255 255 255 255 255 255 255 255 255 255 255 255 255 255 255 255 255 255 
255 255 255 255 255 255 255 255 255 255 255 255 255 255 255 255 255 255 255 255 255 255 255 255 255 255 255 255 255 255 255 255 255 255 255 255 255 255 255 255 255 255 255 255 255 255 255 255 255 255 255 255 255 255 255 255 255 255 255 255 255 255 255 255 255 255 255 255 255 255 255 255 
255 255 255 255 255 255 255 255 255 255 255 255 255 255 255 255 255 255 255 255 255 255 255 255 255 255 255 255 255 255 255 255 255 255 255 255 255 255 255 255 255 255 255 255 255 255 255 255 255 255 255 255 255 255 255 255 255 255 255 255 255 255 255 255 255 255 255 255 255 255 255 255 
255 255 255 255 255 255 255 255 255 255 255 255 255 255 255 255 255 255 255 255 255 255 255 255 255 255 255 255 255 255 255 255 255 255 255 255 255 255 255 255 255 255 255 255 255 255 255 255 255 255 255 255 255 255 255 255 255 255 255 255 255 255 255 255 255 255 255 255 255 255 255 255 
255 255 255 255 255 255 255 255 255 255 255 255 255 255 255 255 255 255 255 255 255 255 255 255 255 255 255 255 255 255 255 255 255 255 255 255 255 255 255 255 255 255 255 255 255 255 255 255 255 255 255 255 255 255 255 255 255 255 255 255 255 255 255 255 255 255 255 255 255 255 255 255 
255 255 255 255 255 255 255 255 255 255 255 255 255 255 255 255 255 255 255 255 255 255 255 255 255 255 255 255 255 255 255 255 255 255 255 255 255 255 255 255 255 255 255 255 255 255 255 255 255 255 255 255 255 255 255 255 255 255 255 255 255 255 255 255 255 255 255 255 255 255 255 255 
255 255 255 255 255 255 255 255 255 255 255 255 255 255 255 255 255 255 255 255 255 255 255 255 255 255 255 255 255 255 255 255 255 255 255 255 255 255 255 255 255 255 255 255 255 255 255 255 255 255 255 255 255 255 255 255 255 255 255 255 255 255 255 255 255 255 255 255 255 255 255 255 
255 255 255 255 255 255 255 255 255 255 255 255 255 255 255 255 255 255 255 255 255 255 255 255 255 255 255 255 255 255 255 255 255 255 255 255 255 255 255 255 255 255 255 255 255 255 255 255 255 255 255 255 255 255 255 255 255 255 255 255 255 255 255 255 255 255 255 255 255 255 255 255 
255 255 255 255 255 255 255 255 255 255 255 255 255 255 255 255 255 255 255 255 255 255 255 255 255 255 255 255 255 255 255 255 255 255 255 255 255 255 255 255 255 255 255 255 255 255 255 255 255 255 255 255 255 255 255 255 255 255 255 255 255 255 255 255 255 255 255 255 255 255 255 255 
255 255 255 255 255 255 255 255 255 255 255 255 255 255 255 255 255 255 255 255 255 255 255 255 255 255 255 255 255 255 255 255 255 255 255 255 255 255 255 255 255 255 255 255 255 255 255 255 255 255 255 255 255 255 255 255 255 255 255 255 255 255 255 255 255 255 255 255 255 255 255 255 
255 255 255 255 255 255 255 255 255 255 255 255 255 255 255 255 255 255 255 255 255 255 255 255 255 255 255 255 255 255 255 255 255 255 255 255 255 255 255 255 255 255 255 255 255 255 255 255 255 255 255 255 255 255 255 255 255 255 255 255 255 255 255 255 255 255 255 255 255 255 255 255 
255 255 255 255 255 255 255 255 255 255 255 255 255 255 255 255 255 255 255 255 255 255 255 255 255 255 255 255 255 255 255 255 255 255 255 255 255 255 255 255 255 255 255 255 255 255 255 255 255 255 255 255 255 255 255 255 255 255 255 255 255 255 255 255 255 255 255 255 255 255 255 255 
255 255 255 255 255 255 255 255 255 255 255 255 255 255 255 255 255 255 255 255 255 255 255 255 255 255 255 255 255 255 255 255 255 255 255 255 255 255 255 255 255 255 255 255 255 255 255 255 255 255 255 255 255 255 255 255 255 255 255 255 255 255 255 255 255 255 255 255 255 255 255 255 
255 255 255 255 255 255 255 255 255 255 255 255 255 255 255 255 255 255 255 255 255 255 255 255 255 255 255 255 255 255 255 255 255 255 255 255 255 255 255 255 255 255 255 255 255 255 255 255 255 255 255 255 255 255 255 255 255 255 255 255 255 255 255 255 255 255 255 255 255 255 255 255 
255 255 255 255 255 255 255 255 255 255 255 255 255 255 255 255 255 255 255 255 255 255 255 255 255 255 255 255 255 255 255 255 255 255 255 255 255 255 255 255 255 255 255 255 255 255 255 255 255 255 255 255 255 255 255 255 255 255 255 255 255 255 255 255 255 255 255 255 255 255 255 255 
255 255 255 255 255 255 255 255 255 255 255 255 255 255 255 255 255 255 255 255 255 255 255 255 255 255 255 255 255 255 255 255 255 255 255 255 255 255 255 255 255 255 255 255 255 255 255 255 255 255 255 255 255 255 255 255 255 255 255 255 255 255 255 255 255 255 255 255 255 255 255 255 
255 255 255 255 255 255 255 255 255 255 255 255 255 255 255 255 255 255 255 255 255 255 255 255 255 255 255 255 255 255 255 255 255 255 255 255 255 255 255 255 255 255 255 255 255 255 255 255 255 255 255 255 255 255 255 255 255 255 255 255 255 255 255 255 255 255 255 255 255 255 255 255 
255 255 255 255 255 255 255 255 255 255 255 255 255 255 255 255 255 255 255 255 255 255 255 255 255 255 255 255 255 255 255 255 255 255 255 255 255 255 255 255 255 255 255 255 255 255 255 255 255 255 255 255 255 255 255 255 255 255 255 255 255 255 255 255 255 255 255 255 255 255 255 255 
255 255 255 255 255 255 255 255 255 255 255 255 255 255 255 255 255 255 255 255 255 255 255 255 255 255 255 255 255 255 255 255 255 255 255 255 255 255 255 255 255 255 255 255 255 255 255 255 255 255 255 255 255 255 255 255 255 255 255 255 255 255 255 255 255 255 255 255 255 255 255 255 
255 255 255 255 255 255 255 255 255 255 255 255 255 255 255 255 255 255 255 255 255 255 255 255 255 255 255 255 255 255 255 255 255 255 255 255 255 255 255 255 255 255 255 255 255 255 255 255 255 255 255 255 255 255 255 255 255 255 255 255 255 255 255 255 255 255 255 255 255 255 255 255 
255 255 255 255 255 255 255 255 255 255 255 255 255 255 255 255 255 255 255 255 255 255 255 255 255 255 255 255 255 255 255 255 255 255 255 255 255 255 255 255 255 255 255 255 255 255 255 255 255 255 255 255 255 255 255 255 255 255 255 255 255 255 255 255 255 255 255 255 255 255 255 255 
255 255 255 255 255 255 255 255 255 255 255 255 255 255 255 255 255 255 255 255 255 255 255 255 255 255 255 255 255 255 255 255 255 255 255 255 255 255 255 255 255 255 255 255 255 255 255 255 255 255 255 255 255 255 255 255 255 255 255 255 255 255 255 255 255 255 255 255 255 255 255 255 
255 255 255 255 255 255 255 255 255 255 255 255 255 255 255 255 255 255 255 255 255 255 255 255 255 255 255 255 255 255 255 255 255 255 255 255 255 255 255 255 255 255 255 255 255 255 255 255 255 255 255 255 255 255 255 255 255 255 255 255 255 255 255 255 255 255 255 255 255 255 255 255 
255 255 255 255 255 255 255 255 255 255 255 255 255 255 255 255 255 255 255 255 255 255 255 255 255 255 255 255 255 255 255 255 255 255 255 255 255 255 255 255 255 255 255 255 255 255 255 255 255 255 255 255 255 255 255 255 255 255 255 255 255 255 255 255 255 255 255 255 255 255 255 255 
255 255 255 255 255 255 255 255 255 255 255 255 255 255 255 255 255 255 255 255 255 255 255 255 255 255 255 255 255 255 255 255 255 255 255 255 255 255 255 255 255 255 255 255 255 255 255 255 255 255 255 255 255 255 255 255 255 255 255 255 255 255 255 255 255 255 255 255 255 255 255 255 
255 255 255 255 255 255 255 255 255 255 255 255 255 255 255 255 255 255 255 255 255 255 255 255 255 255 255 255 255 255 255 255 255 255 255 255 255 255 255 255 255 255 255 255 255 255 255 255 255 255 255 255 255 255 255 255 255 255 255 255 255 255 255 255 255 255 255 255 255 255 255 255 
255 255 255 255 255 255 255 255 255 255 255 255 255 255 255 255 255 255 255 255 255 255 255 255 255 255 255 255 255 255 255 255 255 255 255 255 255 255 255 255 255 255 255 255 255 255 255 255 255 255 255 255 255 255 255 255 255 255 255 255 255 255 255 255 255 255 255 255 255 255 255 255 
