255 255 255 255 255 255 255 255 255 255 255 255 255 255 255 255 255 255 255 255 255 255 255 255 255 255 255 255 255 255 255 255 255 255 255 255 255 255 255 255 255 255 255 255 255 255 255 255 255 255 255 255 255 255 255 255 255 255 255 255 255 255 255 255 255 255 255 255 255 255 255 255 
255 255 255 255 255 255 255 255 255 255 255 255 255 255 255 255 255 255 255 255 255 255 255 255 255 255 255 255 255 255 255 255 255 255 255 255 255 255 255 255 255 255 255 255 255 255 255 255 255 255 255 255 255 255 255 255 255 255 255 255 255 255 255 255 255 255 255 255 255 255 255 255 
255 255 255 255 255 255 255 255 255 255 255 255 255 255 255 255 255 255 255 255 255 255 255 255 255 255 255 255 255 255 255 255 255 255 255 255 255 255 255 255 255 255 255 255 255 255 255 255 255 255 255 255 255 255 255 255 255 255 255 255 255 255 255 255 255 255 255 255 255 255 255 255 
255 255 255 255 255 255 255 255 255 255 255 255 255 255 255 255 255 255 255 255 255 255 255 255 255 255 255 255 255 255 255 255 255 255 255 255 255 255 255 255 255 255 255 255 255 255 255 255 255 255 255 255 255 255 255 255 255 255 255 255 255 255 255 255 255 255 255 255 255 255 255 255 
255 255 255 255 255 255 255 255 255 255 255 255 255 255 255 255 255 255 255 255 255 255 255 255 255 255 255 255 255 255 255 255 255 255 255 255 255 255 255 255 255 255 255 255 255 255 255 255 255 255 255 255 255 255 255 255 255 255 255 255 255 255 255 255 255 255 255 255 255 255 255 255 
255 255 255 255 255 255 255 255 255 255 255 255 255 255 255 255 255 255 255 255 255 255 255 255 255 255 255 255 255 255 255 255 255 255 255 255 255 255 255 255 255 255 255 255 255 255 255 255 255 255 255 255 255 255 255 255 255 255 255 255 255 255 255 255 255 255 255 255 255 255 255 255 
255 255 255 255 255 255 255 255 255 255 255 255 255 255 255 255 255 255 255 255 255 255 255 255 255 255 255 255 255 255 255 255 255 255 255 255 255 255 255 255 255 255 255 255 255 255 255 255 255 255 255 255 255 255 255 255 255 255 255 255 255 255 255 255 255 255 255 255 255 255 255 255 
255 255 255 255 255 255 255 255 255 255 255 255 255 255 255 255 255 255 255 255 255 255 255 255 255 255 255 255 255 255 255 255 255 255 255 255 255 255 255 255 255 255 255 255 255 255 255 255 255 255 255 255 255 255 255 255 255 255 255 255 255 255 255 255 255 255 255 255 255 255 255 255 
255 255 255 255 255 255 255 255 255 255 255 255 255 255 255 255 255 255 255 255 255 255 255 255 255 255 255 255 255 255 255 255 255 255 255 255 255 255 255 255 255 255 255 255 255 255 255 255 255 255 255 255 255 255 255 255 255 255 255 255 255 255 255 255 255 255 255 255 255 255 255 255 
255 255 255 255 255 255 255 255 255 255 255 255 255 255 255 255 255 255 255 255 255 255 255 255 255 255 255 255 255 255 255 255 255 255 255 255 255 255 255 255 255 255 255 255 255 255 255 255 255 255 255 255 255 255 255 255 255 255 255 255 255 255 255 255 255 255 255 255 255 255 255 255 
255 255 255 255 255 255 255 255 255 255 255 255 255 255 255 255 255 255 255 255 255 255 255 255 255 255 255 255 255 255 255 255 255 255 255 255 255 255 255 255 255 255 255 255 255 255 255 255 255 255 255 255 255 255 255 255 255 255 255 255 255 255 255 255 255 255 255 255 255 255 255 255 
255 255 255 255 255 255 255 255 255 255 255 255 255 255 255 255 255 255 255 255 255 255 255 255 255 255 255 255 255 255 255 255 255 255 255 255 255 255 255 255 255 255 255 255 255 255 255 255 255 255 255 255 255 255 255 255 255 255 255 255 255 255 255 255 255 255 255 255 255 255 255 255 
255 255 255 255 255 255 255 255 255 255 255 255 255 255 255 255 255 255 255 255 255 255 255 255 255 255 255 255 255 255 255 255 255 255 255 255 255 255 255 255 255 255 255 255 255 255 255 255 255 255 255 255 255 255 255 255 255 255 255 255 255 255 255 255 255 255 255 255 255 255 255 255 
255 255 255 255 255 255 255 255 255 255 255 255 255 255 255 255 255 255 255 255 255 255 255 255 255 255 255 255 255 255 255 255 255 255 255 255 255 255 255 255 255 255 255 255 255 255 255 255 255 255 255 255 255 255 255 255 255 255 255 255 255 255 255 255 255 255 255 255 255 255 255 255 
255 255 255 255 255 255 255 255 255 255 255 255 255 255 255 255 255 255 255 255 255 255 255 255 255 255 255 255 255 255 255 255 255 255 255 255 255 255 255 255 255 255 255 255 255 255 255 255 255 255 255 255 255 255 255 255 255 255 255 255 255 255 255 255 255 255 255 255 255 255 255 255 
255 255 255 255 255 255 255 255 255 255 255 255 255 255 255 255 255 255 255 255 255 255 255 255 255 255 255 255 255 255 255 255 255 255 255 255 255 255 255 255 255 255 255 255 255 255 255 255 255 255 255 255 255 255 255 255 255 255 255 255 255 255 255 255 255 255 255 255 255 255 255 255 
255 255 255 255 255 255 255 255 255 255 255 255 255 255 255 255 255 255 255 255 255 255 255 255 255 255 255 255 255 255 255 255 255 255 255 255 255 255 255 255 255 255 255 255 255 255 255 255 255 255 255 255 255 255 255 255 255 255 255 255 255 255 255 255 255 255 255 255 255 255 255 255 
255 255 255 255 255 255 255 255 255 255 255 255 255 255 255 255 255 255 255 255 255 255 255 255 255 255 255 255 255 255 255 255 255 255 255 255 255 255 255 255 255 255 255 255 255 255 255 255 255 255 255 255 255 255 255 255 255 255 255 255 255 255 255 255 255 255 255 255 255 255 255 255 
255 255 255 255 255 255 255 255 255 255 255 255 255 255 255 255 255 255 255 255 249 255 255 255 255 255 255 255 255 255 255 255 255 255 255 255 255 255 255 255 255 255 255 255 255 255 255 255 255 255 255 255 255 255 255 255 255 255 255 255 255 255 255 255 255 255 255 255 255 255 255 255 
255 255 255 255 255 255 255 255 255 255 255 255 255 255 255 255 255 255 255 255 041 031 061 065 199 255 255 255 255 255 255 255 255 255 255 255 255 255 255 255 255 255 255 255 255 255 255 255 255 255 255 255 255 255 255 255 255 255 255 255 255 255 255 255 255 255 255 255 255 255 255 255 
255 255 255 255 255 255 255 255 255 138 234 255 255 255 255 255 255 255 255 255 055 000 000 079 255 255 255 255 255 255 255 255 255 255 255 255 255 255 255 255 255 255 255 255 255 255 255 255 255 255 255 255 255 255 255 255 255 255 255 255 255 255 255 255 255 255 255 255 255 255 255 255 
252 255 255 255 255 255 255 255 139 000 019 163 255 255 255 255 255 255 255 255 069 000 000 168 255 255 255 255 255 255 182 083 097 109 111 112 114 112 111 109 098 083 180 255 255 255 255 255 255 255 238 232 249 255 255 255 255 255 255 255 255 255 255 255 255 255 255 255 255 255 255 255 
233 255 255 255 255 255 255 197 004 000 000 000 073 228 255 255 255 255 255 255 071 000 000 185 255 255 255 255 255 255 163 000 000 000 000 000 000 000 000 000 000 000 161 255 255 255 255 255 255 255 134 000 000 010 027 045 062 067 070 072 074 076 079 081 083 085 088 090 092 094 093 092 
233 255 255 255 255 255 255 221 068 000 000 000 000 019 176 255 255 255 255 255 071 000 000 185 255 255 255 255 255 255 175 000 000 000 000 000 000 000 000 000 000 000 173 255 255 255 255 255 255 255 134 000 000 000 000 000 000 000 000 000 000 000 000 000 000 000 000 000 000 000 000 000 
233 255 255 255 255 255 255 255 255 145 005 000 000 000 000 103 246 255 255 255 072 000 000 185 255 255 255 255 255 255 176 000 000 052 191 191 191 191 191 045 000 000 175 255 255 255 255 255 255 255 134 000 000 000 000 000 000 000 000 000 000 000 000 000 000 000 000 000 000 000 000 000 
237 255 255 255 255 255 255 255 255 255 196 025 000 000 000 033 239 255 255 255 073 000 000 185 255 255 255 255 255 255 178 000 000 069 255 255 255 255 255 060 000 000 176 255 255 255 255 255 255 255 157 055 067 079 091 103 112 114 115 117 118 120 121 047 000 000 046 122 122 122 122 032 
255 255 255 255 255 255 255 255 255 255 255 231 061 000 007 205 255 255 255 255 073 000 000 185 255 255 255 255 255 255 180 000 000 069 255 255 255 255 255 060 000 000 178 255 255 255 255 255 255 255 255 255 255 255 255 255 255 255 255 255 255 255 255 098 000 000 095 255 255 255 255 066 
255 255 255 255 255 255 255 255 255 255 255 255 248 083 151 255 255 255 255 255 074 000 000 185 255 255 255 255 255 255 180 000 000 069 255 255 255 255 255 060 000 000 178 255 255 255 255 255 255 255 255 255 255 255 255 255 255 255 255 255 255 255 255 098 000 000 095 255 255 255 255 066 
255 255 255 255 255 255 255 255 255 255 255 255 255 253 255 155 147 161 169 176 053 000 000 130 173 167 159 145 143 255 180 000 000 069 255 255 255 255 255 060 000 000 178 255 255 255 255 255 255 255 255 255 255 255 255 255 255 255 255 255 255 255 255 098 000 000 095 255 255 255 255 066 
255 255 255 255 255 255 255 255 255 255 255 255 255 255 255 045 000 000 000 000 000 000 000 000 000 000 000 000 021 255 180 000 000 069 255 255 255 255 255 060 000 000 178 255 255 255 255 255 255 255 255 255 255 255 255 255 255 255 255 255 255 255 255 098 000 000 095 255 255 255 255 066 
255 255 255 255 255 255 255 208 255 255 255 255 255 255 255 045 000 000 000 000 000 000 000 000 000 000 000 000 021 255 180 000 000 069 255 255 255 255 255 060 000 000 178 255 255 255 255 255 255 255 255 255 255 255 255 255 255 255 255 255 255 255 255 098 000 000 095 255 255 255 255 066 
255 255 255 255 255 255 196 000 077 221 255 255 255 255 255 116 100 114 122 129 039 000 000 096 129 123 117 102 101 255 180 000 000 045 165 165 165 165 165 039 000 000 178 255 255 255 255 255 255 255 255 255 255 176 078 092 107 122 127 130 133 136 139 054 000 000 053 142 142 142 142 037 
255 255 255 255 255 253 049 000 000 008 125 248 255 255 255 255 255 255 255 255 075 000 000 185 255 255 255 255 255 255 180 000 000 000 000 000 000 000 000 000 000 000 178 255 255 255 255 255 255 255 255 255 255 165 000 000 000 000 000 000 000 000 000 000 000 000 000 000 000 000 000 000 
255 255 255 255 255 198 004 000 000 000 000 049 219 255 255 255 255 255 255 255 075 000 000 185 255 255 255 255 255 255 180 000 000 000 000 000 000 000 000 000 000 000 178 255 255 255 255 255 255 255 255 255 255 186 000 000 000 000 000 000 000 000 000 000 000 000 000 000 000 000 000 000 
255 255 255 255 255 255 206 049 000 000 000 000 013 166 255 255 255 255 255 255 075 000 000 185 255 255 255 255 255 255 180 000 000 041 152 152 152 152 152 036 000 000 178 255 255 255 255 255 255 255 255 255 255 194 000 000 000 070 107 107 107 107 107 040 000 000 041 107 107 107 107 028 
255 255 255 255 255 255 255 251 137 008 000 000 000 024 246 255 255 255 255 255 075 000 000 185 255 255 255 255 255 255 180 000 000 069 255 255 255 255 255 060 000 000 178 255 255 255 255 255 255 255 255 255 255 200 000 000 000 165 255 255 255 255 255 086 000 000 108 255 255 255 255 066 
255 255 255 255 255 255 255 255 255 205 029 000 000 161 255 255 255 255 255 255 075 000 000 185 255 255 255 255 255 255 180 000 000 069 255 255 255 255 255 060 000 000 178 255 255 255 255 255 255 255 255 255 255 205 000 000 000 165 255 255 255 255 255 069 000 000 121 255 255 255 255 066 
255 255 255 255 255 255 255 255 255 255 233 061 059 254 255 222 151 170 171 173 052 000 000 127 172 170 151 238 255 255 180 000 000 069 255 255 255 255 255 060 000 000 178 255 255 255 255 255 255 255 255 255 255 205 000 000 000 165 255 255 255 255 255 021 000 000 155 255 255 255 255 066 
255 255 255 255 255 255 255 255 255 255 255 250 226 255 255 202 000 000 000 000 000 000 000 000 000 000 000 236 255 255 180 000 000 069 255 255 255 255 255 060 000 000 178 255 255 255 255 255 255 255 255 255 255 205 000 000 000 165 255 255 255 255 222 000 000 000 208 255 255 255 255 066 
255 255 255 255 255 255 255 255 255 255 255 255 255 255 255 209 000 000 000 000 000 000 000 000 000 000 000 244 255 255 180 000 000 069 255 255 255 255 255 060 000 000 178 255 255 255 255 255 255 255 255 255 255 205 000 000 000 165 255 255 255 255 168 000 000 009 251 255 255 255 255 066 
255 255 255 255 255 255 255 255 255 255 248 255 255 255 255 212 000 000 039 142 142 142 142 142 027 000 000 246 255 255 180 000 000 069 255 255 255 255 255 060 000 000 178 255 255 255 255 255 255 255 255 255 255 205 000 000 000 165 255 255 255 255 064 000 000 059 255 255 255 255 255 066 
255 255 255 255 255 255 255 255 255 236 057 213 255 255 255 213 000 000 070 255 255 255 255 255 048 000 000 246 255 255 172 000 000 022 080 080 080 080 080 019 000 000 178 255 255 255 255 255 255 255 255 255 255 205 000 000 000 165 255 255 255 192 000 000 000 154 255 255 255 255 255 066 
255 255 255 255 255 255 255 255 255 203 000 004 101 227 255 213 000 000 070 255 255 255 255 255 048 000 000 246 255 255 163 000 000 000 000 000 000 000 000 000 000 000 178 255 255 255 255 255 255 255 255 255 255 205 000 000 000 165 255 255 251 059 000 000 025 248 255 255 255 255 255 066 
255 255 255 255 255 255 255 255 255 171 000 000 000 213 255 213 000 000 070 255 255 255 255 255 048 000 000 246 255 255 146 000 000 000 000 000 000 000 000 000 000 000 178 255 255 255 255 255 255 255 255 255 255 205 000 000 000 165 255 255 097 000 000 000 137 255 255 255 255 255 255 068 
255 255 255 255 255 255 255 255 255 137 000 000 034 255 255 213 000 000 070 255 255 255 255 255 048 000 000 246 255 255 093 000 000 109 236 236 236 236 236 056 000 000 178 255 255 255 255 255 255 255 255 255 255 205 000 000 000 165 255 124 000 000 000 047 246 255 255 255 255 255 255 101 
255 255 255 255 255 255 255 255 255 078 000 000 108 255 255 213 000 000 070 255 255 255 255 255 048 000 000 246 255 255 038 000 000 148 255 255 255 255 255 060 000 000 178 255 255 255 255 255 255 255 255 255 255 205 000 000 000 159 100 000 000 000 015 220 255 255 255 255 255 255 255 208 
255 255 255 255 255 255 255 255 252 014 000 000 172 255 255 213 000 000 065 234 234 234 234 234 044 000 000 246 255 238 001 000 000 192 255 255 255 255 255 060 000 000 178 255 255 255 255 255 255 255 255 255 255 205 000 000 000 165 173 019 000 001 175 255 255 255 255 255 255 255 255 255 
255 255 255 255 255 255 255 255 198 000 000 000 234 255 255 213 000 000 000 000 000 000 000 000 000 000 000 246 255 184 000 000 012 249 255 255 255 255 255 060 000 000 178 255 255 255 255 255 255 255 255 255 255 202 000 000 000 165 255 226 047 154 255 255 255 255 255 255 255 255 255 255 
255 255 255 255 255 255 255 255 122 000 000 042 255 255 255 212 000 000 000 000 000 000 000 000 000 000 000 246 255 115 000 000 075 255 255 255 255 255 255 060 000 000 178 255 255 255 255 255 255 255 255 255 255 199 000 000 000 165 255 255 247 255 255 255 255 255 255 255 255 255 255 255 
255 255 255 255 255 255 255 255 035 000 000 105 255 255 255 208 000 000 023 082 082 082 082 082 015 000 000 246 241 015 000 000 146 255 255 255 255 255 255 060 000 000 178 255 255 255 255 255 255 255 255 255 255 195 000 000 000 165 255 255 255 255 255 255 255 255 255 255 255 255 255 255 
255 255 255 255 255 255 255 204 000 000 000 167 255 255 255 204 000 000 070 255 255 255 255 255 048 000 000 243 137 000 000 002 223 255 255 255 255 255 255 060 000 000 178 255 255 255 255 255 255 255 255 255 255 192 000 000 000 165 255 255 255 255 255 255 255 255 255 255 255 255 255 255 
255 255 255 255 255 255 255 116 000 000 000 229 255 255 255 196 000 000 070 255 255 255 255 255 048 000 000 219 025 000 000 082 255 255 255 255 255 255 255 059 000 000 178 255 255 255 255 255 255 255 255 255 255 189 000 000 000 041 063 063 063 063 063 063 063 063 063 063 063 063 063 063 
255 255 255 255 255 255 250 028 000 000 036 255 255 255 255 180 000 000 070 255 255 255 255 255 221 212 212 143 000 000 000 197 255 255 255 255 255 255 255 033 000 000 179 255 255 255 255 255 255 255 255 255 255 185 000 000 000 000 000 000 000 000 000 000 000 000 000 000 000 000 000 000 
255 255 255 255 255 255 159 000 000 000 098 255 255 255 255 172 019 019 085 255 255 255 255 255 255 255 210 010 000 000 056 255 255 255 255 255 255 255 187 000 000 000 180 255 255 255 255 255 255 255 255 255 255 179 000 000 000 000 000 000 000 000 000 000 000 000 000 000 000 000 000 000 
255 255 255 255 255 253 040 000 000 000 155 255 255 255 255 255 255 255 255 255 255 255 255 255 255 240 037 000 000 000 185 255 255 255 177 098 096 076 002 000 000 000 194 255 255 255 255 255 255 255 255 255 255 166 000 000 000 106 163 163 163 163 163 163 163 163 163 163 163 163 163 163 
255 255 255 255 255 205 008 000 000 000 200 255 255 255 255 255 255 255 255 255 255 255 255 255 254 078 000 000 000 088 255 255 255 255 234 009 000 000 000 000 000 002 242 255 255 255 255 255 255 255 255 255 255 152 000 000 000 165 255 255 255 255 255 255 255 255 255 255 255 255 255 255 
255 255 255 255 255 255 236 134 011 001 243 255 255 255 255 255 255 255 255 255 255 255 255 252 103 000 000 000 016 232 255 255 255 255 255 094 000 000 000 000 000 105 255 255 255 255 255 255 255 255 255 255 255 139 000 000 000 165 255 255 255 255 255 255 255 255 255 255 255 255 255 255 
255 255 255 255 255 255 255 255 222 097 255 255 255 255 255 255 255 255 255 255 255 255 255 145 005 000 000 000 154 255 255 255 255 255 255 159 000 000 006 067 152 255 255 255 255 255 255 255 255 255 255 255 255 126 000 000 000 165 255 255 255 255 255 255 255 255 255 255 255 255 255 255 
255 255 255 255 255 255 255 255 255 255 255 255 255 255 255 255 255 255 255 255 255 255 255 255 238 136 012 088 255 255 255 255 255 255 255 231 150 191 243 255 255 255 255 255 255 255 255 255 255 255 255 255 255 221 190 190 190 233 255 255 255 255 255 255 255 255 255 255 255 255 255 255 
255 255 255 255 255 255 255 255 255 255 255 255 255 255 255 255 255 255 255 255 255 255 255 255 255 255 229 244 255 255 255 255 255 255 255 255 255 255 255 255 255 255 255 255 255 255 255 255 255 255 255 255 255 255 255 255 255 255 255 255 255 255 255 255 255 255 255 255 255 255 255 255 
255 255 255 255 255 255 255 255 255 255 255 255 255 255 255 255 255 255 255 255 255 255 255 255 255 255 255 255 255 255 255 255 255 255 255 255 255 255 255 255 255 255 255 255 255 255 255 255 255 255 255 255 255 255 255 255 255 255 255 255 255 255 255 255 255 255 255 255 255 255 255 255 
255 255 255 255 255 255 255 255 255 255 255 255 255 255 255 255 255 255 255 255 255 255 255 255 255 255 255 255 255 255 255 255 255 255 255 255 255 255 255 255 255 255 255 255 255 255 255 255 255 255 255 255 255 255 255 255 255 255 255 255 255 255 255 255 255 255 255 255 255 255 255 255 
255 255 255 255 255 255 255 255 255 255 255 255 255 255 255 255 255 255 255 255 255 255 255 255 255 255 255 255 255 255 255 255 255 255 255 255 255 255 255 255 255 255 255 255 255 255 255 255 255 255 255 255 255 255 255 255 255 255 255 255 255 255 255 255 255 255 255 255 255 255 255 255 
255 255 255 255 255 255 255 255 255 255 255 255 255 255 255 255 255 255 255 255 255 255 255 255 255 255 255 255 255 255 255 255 255 255 255 255 255 255 255 255 255 255 255 255 255 255 255 255 255 255 255 255 255 255 255 255 255 255 255 255 255 255 255 255 255 255 255 255 255 255 255 255 
255 255 255 255 255 255 255 255 255 255 255 255 255 255 255 255 255 255 255 255 255 255 255 255 255 255 255 255 255 255 255 255 255 255 255 255 255 255 255 255 255 255 255 255 255 255 255 255 255 255 255 255 255 255 255 255 255 255 255 255 255 255 255 255 255 255 255 255 255 255 255 255 
255 255 255 255 255 255 255 255 255 255 255 255 255 255 255 255 255 255 255 255 255 255 255 255 255 255 255 255 255 255 255 255 255 255 255 255 255 255 255 255 255 255 255 255 255 255 255 255 255 255 255 255 255 255 255 255 255 255 255 255 255 255 255 255 255 255 255 255 255 255 255 255 
255 255 255 255 255 255 255 255 255 255 255 255 255 255 255 255 255 255 255 255 255 255 255 255 255 255 255 255 255 255 255 255 255 255 255 255 255 255 255 255 255 255 255 255 255 255 255 255 255 255 255 255 255 255 255 255 255 255 255 255 255 255 255 255 255 255 255 255 255 255 255 255 
255 255 255 255 255 255 255 255 255 255 255 255 255 255 255 255 255 255 255 255 255 255 255 255 255 255 255 255 255 255 255 255 255 255 255 255 255 255 255 255 255 255 255 255 255 255 255 255 255 255 255 255 255 255 255 255 255 255 255 255 255 255 255 255 255 255 255 255 255 255 255 255 
255 255 255 255 255 255 255 255 255 255 255 255 255 255 255 255 255 255 255 255 255 255 255 255 255 255 255 255 255 255 255 255 255 255 255 255 255 255 255 255 255 255 255 255 255 255 255 255 255 255 255 255 255 255 255 255 255 255 255 255 255 255 255 255 255 255 255 255 255 255 255 255 
255 255 255 255 255 255 255 255 255 255 255 255 255 255 255 255 255 255 255 255 255 255 255 255 255 255 255 255 255 255 255 255 255 255 255 255 255 255 255 255 255 255 255 255 255 255 255 255 255 255 255 255 255 255 255 255 255 255 255 255 255 255 255 255 255 255 255 255 255 255 255 255 
255 255 255 255 255 255 255 255 255 255 255 255 255 255 255 255 255 255 255 255 255 255 255 255 255 255 255 255 255 255 255 255 255 255 255 255 255 255 255 255 255 255 255 255 255 255 255 255 255 255 255 255 255 255 255 255 255 255 255 255 255 255 255 255 255 255 255 255 255 255 255 255 
255 255 255 255 255 255 255 255 255 255 255 255 255 255 255 255 255 255 255 255 255 255 255 255 255 255 255 255 255 255 255 255 255 255 255 255 255 255 255 255 255 255 255 255 255 255 255 255 255 255 255 255 255 255 255 255 255 255 255 255 255 255 255 255 255 255 255 255 255 255 255 255 
255 255 255 255 255 255 255 255 255 255 255 255 255 255 255 255 255 255 255 255 255 255 255 255 255 255 255 255 255 255 255 255 255 255 255 255 255 255 255 255 255 255 255 255 255 255 255 255 255 255 255 255 255 255 255 255 255 255 255 255 255 255 255 255 255 255 255 255 255 255 255 255 
255 255 255 255 255 255 255 255 255 255 255 255 255 255 255 255 255 255 255 255 255 255 255 255 255 255 255 255 255 255 255 255 255 255 255 255 255 255 255 255 255 255 255 255 255 255 255 255 255 255 255 255 255 255 255 255 255 255 255 255 255 255 255 255 255 255 255 255 255 255 255 255 
255 255 255 255 255 255 255 255 255 255 255 255 255 255 255 255 255 255 255 255 255 255 255 255 255 255 255 255 255 255 255 255 255 255 255 255 255 255 255 255 255 255 255 255 255 255 255 255 255 255 255 255 255 255 255 255 255 255 255 255 255 255 255 255 255 255 255 255 255 255 255 255 
255 255 255 255 255 255 255 255 255 255 255 255 255 255 255 255 255 255 255 255 255 255 255 255 255 255 255 255 255 255 255 255 255 255 255 255 255 255 255 255 255 255 255 255 255 255 255 255 255 255 255 255 255 255 255 255 255 255 255 255 255 255 255 255 255 255 255 255 255 255 255 255 
255 255 255 255 255 255 255 255 255 255 255 255 255 255 255 255 255 255 255 255 255 255 255 255 255 255 255 255 255 255 255 255 255 255 255 255 255 255 255 255 255 255 255 255 255 255 255 255 255 255 255 255 255 255 255 255 255 255 255 255 255 255 255 255 255 255 255 255 255 255 255 255 
255 255 255 255 255 255 255 255 255 255 255 255 255 255 255 255 255 255 255 255 255 255 255 255 255 255 255 255 255 255 255 255 255 255 255 255 255 255 255 255 255 255 255 255 255 255 255 255 255 255 255 255 255 255 255 255 255 255 255 255 255 255 255 255 255 255 255 255 255 255 255 255 
255 255 255 255 255 255 255 255 255 255 255 255 255 255 255 255 255 255 255 255 255 255 255 255 255 255 255 255 255 255 255 255 255 255 255 255 255 255 255 255 255 255 255 255 255 255 255 255 255 255 255 255 255 255 255 255 255 255 255 255 255 255 255 255 255 255 255 255 255 255 255 255 
255 255 255 255 255 255 255 255 255 255 255 255 255 255 255 255 255 255 255 255 255 255 255 255 255 255 255 255 255 255 255 255 255 255 255 255 255 255 255 255 255 255 255 255 255 255 255 255 255 255 255 255 255 255 255 255 255 255 255 255 255 255 255 255 255 255 255 255 255 255 255 255 
255 255 255 255 255 255 255 255 255 255 255 255 255 255 255 255 255 255 255 255 255 255 255 255 255 255 255 255 255 255 255 255 255 255 255 255 255 255 255 255 255 255 255 255 255 255 255 255 255 255 255 255 255 255 255 255 255 255 255 255 255 255 255 255 255 255 255 255 255 255 255 255 
255 255 255 255 255 255 255 255 255 255 255 255 255 255 255 255 255 255 255 255 255 255 255 255 255 255 255 255 255 255 255 255 255 255 255 255 255 255 255 255 255 255 255 255 255 255 255 255 255 255 255 255 255 255 255 255 255 255 255 255 255 255 255 255 255 255 255 255 255 255 255 255 
255 255 255 255 255 255 255 255 255 255 255 255 255 255 255 255 255 255 255 255 255 255 255 255 255 255 255 255 255 255 255 255 255 255 255 255 255 255 255 255 255 255 255 255 255 255 255 255 255 255 255 255 255 255 255 255 255 255 255 255 255 255 255 255 255 255 255 255 255 255 255 255 
255 255 255 255 255 255 255 255 255 255 255 255 255 255 255 255 255 255 255 255 255 255 255 255 255 255 255 255 255 255 255 255 255 255 255 255 255 255 255 255 255 255 255 255 255 255 255 255 255 255 255 255 255 255 255 255 255 255 255 255 255 255 255 255 255 255 255 255 255 255 255 255 
255 255 255 255 255 255 255 255 255 255 255 255 255 255 255 255 255 255 255 255 255 255 255 255 255 255 255 255 255 255 255 255 255 255 255 255 255 255 255 255 255 255 255 255 255 255 255 255 255 255 255 255 255 255 255 255 255 255 255 255 255 255 255 255 255 255 255 255 255 255 255 255 
255 255 255 255 255 255 255 255 255 255 255 255 255 255 255 255 255 255 255 255 255 255 255 255 255 255 255 255 255 255 255 255 255 255 255 255 255 255 255 255 255 255 255 255 255 255 255 255 255 255 255 255 255 255 255 255 255 255 255 255 255 255 255 255 255 255 255 255 255 255 255 255 
255 255 255 255 255 255 255 255 255 255 255 255 255 255 255 255 255 255 255 255 255 255 255 255 255 255 255 255 255 255 255 255 255 255 255 255 255 255 255 255 255 232 251 255 255 255 255 255 255 255 255 255 255 255 255 255 255 255 255 255 255 255 255 255 255 255 255 255 255 255 255 255 
255 255 255 255 255 255 255 255 255 255 255 255 255 255 255 255 255 255 255 255 255 255 255 255 255 255 255 255 253 255 255 255 255 255 255 255 255 255 255 255 255 080 025 120 196 251 255 255 255 255 255 255 255 255 255 255 255 255 255 255 255 255 255 255 255 255 255 255 255 255 255 255 
255 255 255 255 255 255 255 255 255 255 255 255 255 255 255 255 255 255 255 255 255 255 255 255 255 255 255 233 049 142 255 255 255 255 255 255 255 255 255 255 230 005 000 000 000 013 186 255 255 255 255 255 255 255 255 255 255 255 255 255 255 255 255 255 255 255 255 255 255 255 255 255 
214 216 218 220 223 225 222 220 218 216 213 211 209 202 187 173 158 144 242 255 255 255 255 255 255 255 229 040 000 000 092 247 255 255 255 255 255 255 255 255 109 000 000 000 019 209 255 255 255 255 255 255 255 255 255 255 255 255 255 255 255 255 255 255 255 255 255 255 255 255 255 255 
000 000 000 000 000 000 000 000 000 000 000 000 000 000 000 000 000 000 227 255 255 255 255 255 255 255 077 000 000 000 000 051 227 255 255 255 255 255 255 228 007 000 000 002 194 255 255 255 255 255 255 255 255 255 255 255 255 255 255 255 255 255 255 255 255 255 255 255 255 248 181 109 
000 000 000 000 000 000 000 000 000 000 000 000 000 000 000 000 000 000 227 255 255 255 255 255 255 255 249 125 002 000 000 000 025 203 255 255 255 255 255 105 000 000 000 058 172 172 172 172 172 172 172 172 172 172 172 171 166 160 154 140 101 101 255 255 255 255 255 255 255 237 009 000 
000 000 000 000 000 000 000 000 000 000 000 000 000 000 000 000 000 000 227 255 255 255 255 255 255 255 255 255 178 013 000 000 000 010 172 255 255 255 215 006 000 000 000 000 000 000 000 000 000 000 000 000 000 000 000 000 000 000 000 000 000 047 255 255 255 255 255 255 255 255 096 000 
241 243 244 246 104 000 000 000 109 245 240 236 232 228 220 206 192 177 246 255 255 255 255 255 255 255 255 255 255 211 033 000 000 000 048 249 255 254 062 000 000 000 000 000 000 000 000 000 000 000 000 000 000 000 000 000 000 000 000 000 000 047 255 255 255 255 255 255 255 255 179 000 
255 255 255 225 006 000 000 006 228 255 255 255 255 255 255 255 255 255 255 255 255 255 255 255 255 255 255 255 255 255 235 053 000 054 238 255 255 155 000 000 000 065 111 111 111 111 111 111 111 111 111 111 111 111 111 111 109 106 103 094 078 099 255 255 255 255 255 255 255 255 246 009 
255 255 255 096 000 000 000 105 255 255 255 255 255 255 255 255 255 255 255 255 255 255 255 255 255 255 255 255 255 255 255 236 098 242 255 255 232 017 000 000 029 241 255 255 255 255 255 255 255 255 255 255 255 255 255 255 255 255 255 255 255 255 255 255 255 255 255 255 255 255 255 074 
255 255 187 001 000 000 025 238 255 255 255 255 255 255 255 255 255 255 255 255 255 255 255 255 255 255 255 255 255 255 255 255 255 255 255 254 072 000 000 001 184 255 255 255 255 255 255 255 255 255 255 255 255 255 255 255 255 255 255 255 255 255 255 255 255 255 255 255 255 255 255 149 
255 240 029 000 000 000 176 255 255 255 255 255 255 255 255 255 255 255 255 255 255 255 255 255 255 255 255 255 255 255 255 255 255 255 255 130 000 000 000 110 255 255 255 255 255 255 255 255 255 255 255 255 255 255 255 255 255 255 255 255 255 255 255 255 255 255 255 255 255 255 255 212 
255 095 000 000 000 081 255 255 255 255 255 255 255 255 255 255 255 255 255 255 255 255 255 255 255 253 255 255 255 255 255 255 255 255 188 002 000 000 005 108 116 116 116 116 116 116 116 116 116 115 112 109 106 103 100 086 068 050 078 255 255 255 255 255 255 255 255 255 255 255 255 252 
176 000 000 000 000 124 255 255 255 255 255 255 255 255 255 255 255 255 255 255 255 255 255 255 255 124 065 212 255 255 255 255 255 217 021 000 000 012 101 000 000 000 000 000 000 000 000 000 000 000 000 000 000 000 000 000 000 000 068 255 255 255 255 255 255 255 255 255 255 255 255 255 
022 000 000 000 000 124 255 255 255 255 255 255 255 255 255 255 255 255 255 255 255 255 255 255 203 004 000 004 113 241 255 255 255 130 021 000 000 167 114 000 000 000 000 000 000 000 000 000 000 000 000 000 000 000 000 000 000 000 087 255 255 255 255 255 255 255 255 255 255 255 255 255 
000 000 000 000 000 124 255 255 255 143 066 238 255 255 255 255 255 255 255 255 255 255 255 248 042 000 000 000 000 024 160 254 255 255 247 148 123 255 087 000 000 044 234 234 234 234 234 234 234 234 234 234 234 234 234 060 000 000 105 255 255 255 255 255 255 255 255 255 255 255 255 255 
000 000 000 000 000 124 255 235 075 000 000 043 227 255 255 255 255 255 255 255 255 255 255 253 172 051 000 000 000 000 000 056 203 255 255 255 255 255 060 000 000 077 255 255 255 255 251 200 135 225 255 255 255 255 255 047 000 000 124 255 255 255 255 255 255 255 255 255 255 255 255 255 
000 061 020 000 000 124 255 225 032 000 000 000 030 222 255 255 255 255 255 255 255 255 255 255 255 254 154 018 000 000 000 000 127 255 255 255 255 255 032 000 000 106 255 255 255 239 018 000 000 097 255 255 255 255 255 029 000 000 143 255 255 255 255 255 255 255 255 088 077 104 107 108 
038 237 024 000 000 124 255 255 222 029 000 000 000 032 226 255 255 255 255 255 255 255 255 255 255 255 255 234 095 000 000 057 252 255 255 255 255 254 006 000 000 136 255 255 255 255 101 000 000 003 221 255 255 255 255 010 000 000 161 255 255 255 255 255 255 255 255 048 000 000 000 000 
220 255 024 000 000 124 255 255 255 218 018 000 000 000 036 229 255 255 255 255 255 255 255 255 255 255 255 255 255 177 026 222 255 255 255 255 255 234 000 000 000 165 255 255 255 255 209 000 000 000 134 255 255 255 248 000 000 000 180 255 255 255 255 255 255 255 255 048 000 000 000 000 
255 255 024 000 000 124 255 255 255 255 189 004 000 000 000 040 232 255 255 255 255 255 255 255 255 255 255 255 255 255 246 255 255 255 255 255 255 207 000 000 000 195 255 255 255 255 254 020 000 011 098 255 255 255 229 000 000 000 199 255 255 255 255 255 255 255 255 079 066 083 086 090 
255 255 024 000 000 124 255 255 255 255 255 147 000 000 000 000 044 239 255 255 255 255 255 255 255 255 255 255 255 255 255 255 255 255 255 255 255 180 000 000 000 224 255 255 255 255 255 201 222 254 255 255 255 255 211 000 000 000 218 255 255 255 255 255 255 255 255 255 255 255 255 255 
255 255 024 000 000 124 255 255 255 255 255 255 102 000 000 000 000 071 252 255 255 255 255 255 255 255 255 255 255 255 255 255 255 079 026 046 061 046 000 000 000 074 077 077 077 077 077 077 077 077 077 077 077 077 060 000 000 000 057 059 053 028 117 255 255 255 255 255 255 255 255 255 
255 255 024 000 000 124 255 255 255 255 255 255 250 061 000 000 000 000 123 255 255 255 255 255 255 255 255 255 249 238 255 255 255 073 000 000 000 000 000 000 000 000 000 000 000 000 000 000 000 000 000 000 000 000 000 000 000 000 000 000 000 000 113 255 255 255 255 255 255 255 255 255 
255 255 024 000 000 124 255 255 255 255 255 255 255 228 017 000 000 073 232 255 255 255 255 255 255 255 255 255 192 072 243 255 255 073 000 000 000 000 000 000 001 006 006 006 006 006 006 006 006 006 006 006 006 006 003 000 000 000 002 000 000 000 113 255 255 255 255 255 255 255 255 255 
255 255 024 000 000 124 255 255 255 255 255 255 255 255 166 009 148 255 255 255 255 255 255 255 255 255 255 255 123 000 043 213 255 211 214 233 243 066 000 000 085 255 255 255 255 255 255 255 255 255 255 255 255 255 130 000 000 041 255 249 238 213 220 255 255 255 255 255 255 255 255 255 
255 255 022 000 000 123 255 255 255 255 255 255 255 255 255 227 255 255 255 255 255 255 255 255 255 255 255 255 052 000 000 002 213 255 255 255 255 041 000 000 115 255 255 255 249 164 099 034 174 255 255 255 255 255 110 000 000 059 255 255 255 255 255 255 255 255 255 255 255 255 255 255 
255 255 019 000 000 120 255 255 255 255 255 255 255 255 255 255 255 255 255 255 255 255 255 255 255 255 255 217 000 000 000 039 255 255 255 255 255 014 000 000 145 255 255 255 255 050 000 000 075 255 255 255 255 255 091 000 000 077 255 255 255 255 255 255 255 255 255 255 255 255 255 255 
255 255 017 000 000 118 255 255 255 255 255 255 255 255 255 255 255 255 255 255 255 255 255 255 255 255 255 125 000 000 000 135 255 255 255 255 244 000 000 000 175 255 255 255 255 150 000 000 003 229 255 255 255 255 071 000 000 095 255 255 255 255 255 255 255 255 255 255 255 255 255 255 
255 255 014 000 000 115 255 255 255 255 255 255 255 255 255 255 255 255 255 255 255 255 255 255 255 255 255 033 000 000 000 222 255 255 255 255 218 000 000 000 204 255 255 255 255 234 004 000 000 144 255 255 255 255 052 000 000 113 255 255 255 255 255 255 255 255 255 255 255 255 255 255 
255 252 003 000 000 102 255 255 255 255 255 255 255 255 255 255 255 255 255 255 255 255 255 255 255 255 196 000 000 000 052 255 255 255 255 255 191 000 000 000 234 255 255 255 255 255 067 000 000 062 255 255 255 255 033 000 000 131 255 255 255 255 255 255 255 255 255 255 255 255 255 255 
255 230 000 000 000 079 255 255 255 255 255 255 255 255 255 255 255 255 255 255 255 255 255 255 255 255 101 000 000 000 138 255 255 255 255 255 165 000 000 009 255 255 255 255 255 255 158 134 192 246 255 255 255 255 013 000 000 148 255 255 255 255 255 255 255 255 255 255 255 255 255 255 
255 205 000 000 000 057 255 255 255 255 255 255 255 255 255 255 255 255 255 255 255 255 255 255 255 247 015 000 000 000 223 255 255 255 255 255 139 000 000 015 127 127 127 127 127 127 127 127 127 127 127 127 127 127 000 000 000 071 104 091 075 255 255 255 255 255 255 255 255 255 255 255 
255 220 125 125 125 146 255 255 255 255 255 255 255 255 255 255 255 255 255 255 255 255 255 255 255 164 000 000 000 055 255 255 255 255 255 255 112 000 000 000 000 000 000 000 000 000 000 000 000 000 000 000 000 000 000 000 000 000 000 000 015 255 255 255 255 255 255 255 255 255 255 255 
255 255 255 255 255 255 255 255 255 255 253 239 225 211 189 164 140 116 159 255 255 255 255 255 255 048 000 000 000 142 255 255 255 255 255 255 086 000 000 000 000 000 000 000 000 000 000 000 000 000 000 000 000 000 000 000 000 000 000 000 015 255 255 255 255 255 255 255 255 255 242 118 
053 056 059 062 065 065 052 038 024 010 000 000 000 000 000 000 000 000 198 255 255 255 255 255 187 000 000 000 001 227 255 255 255 255 255 255 139 118 139 156 160 163 166 167 167 167 167 167 167 167 167 167 167 118 000 000 000 119 129 113 087 255 255 255 255 255 255 255 255 212 038 000 
000 000 000 000 000 000 000 000 000 000 000 000 000 000 000 000 000 025 255 255 255 255 255 255 063 000 000 000 059 255 255 255 255 255 255 255 255 255 255 255 255 255 255 255 255 255 255 255 255 255 255 255 255 105 000 000 000 229 255 255 255 255 255 255 255 255 255 255 167 011 000 000 
000 000 000 000 000 000 000 000 000 000 000 000 000 000 000 000 000 095 255 255 255 255 255 196 001 000 000 000 128 255 255 255 255 255 255 255 255 255 255 255 255 255 255 255 255 255 255 255 255 255 253 225 124 004 000 000 017 254 255 255 255 255 255 255 255 255 255 145 001 000 000 000 
083 060 055 054 053 052 051 050 049 048 047 050 054 058 061 065 069 166 255 255 255 255 255 255 202 059 000 000 192 255 255 255 255 255 255 255 255 255 255 255 255 255 255 255 255 255 255 255 208 033 007 000 000 000 000 000 076 255 255 255 255 255 255 255 255 255 251 102 001 000 000 037 
255 255 255 255 255 255 255 255 255 255 255 255 255 255 255 255 255 255 255 255 255 255 255 255 255 252 111 007 247 255 255 255 255 255 255 255 255 255 255 255 255 255 255 255 255 255 255 255 255 122 000 000 000 000 000 012 200 255 255 255 255 255 255 255 255 255 255 255 193 021 008 213 
255 255 255 255 255 255 255 255 255 255 255 255 255 255 255 255 255 255 255 255 255 255 255 255 255 255 255 190 255 255 255 255 255 255 255 255 255 255 255 255 255 255 255 255 255 255 255 255 255 242 020 000 000 003 067 197 255 255 255 255 255 255 255 255 255 255 255 255 255 216 153 255 
255 255 255 255 255 255 255 255 255 255 255 255 255 255 255 255 255 255 255 255 255 255 255 255 255 255 255 255 255 255 255 255 255 255 255 255 255 255 255 255 255 255 255 255 255 255 255 255 255 255 121 098 151 232 255 255 255 255 255 255 255 255 255 255 255 255 255 255 255 255 255 255 
255 255 255 255 255 255 255 255 255 255 255 255 255 255 255 255 255 255 255 255 255 255 255 255 255 255 255 255 255 255 255 255 255 255 255 255 255 255 255 255 255 255 255 255 255 255 255 255 255 255 255 255 255 255 255 255 255 255 255 255 255 255 255 255 255 255 255 255 255 255 255 255 
255 255 255 255 255 255 255 255 255 255 255 255 255 255 255 255 255 255 255 255 255 255 255 255 255 255 255 255 255 255 255 255 255 255 255 255 255 255 255 255 255 255 255 255 255 255 255 255 255 255 255 255 255 255 255 255 255 255 255 255 255 255 255 255 255 255 255 255 255 255 255 255 
255 255 255 255 255 255 255 255 255 255 255 255 255 255 255 255 255 255 255 255 255 255 255 255 255 255 255 255 255 255 255 255 255 255 255 255 255 255 255 255 255 255 255 255 255 255 255 255 255 255 255 255 255 255 255 255 255 255 255 255 255 255 255 255 255 255 255 255 255 255 255 255 
255 255 255 255 255 255 255 255 255 255 255 255 255 255 255 255 255 255 255 255 255 255 255 255 255 255 255 255 255 255 255 255 255 255 255 255 255 255 255 255 255 255 255 255 255 255 255 255 255 255 255 255 255 255 255 255 255 255 255 255 255 255 255 255 255 255 255 255 255 255 255 255 
255 255 255 255 255 255 255 255 255 255 255 255 255 255 255 255 255 255 255 255 255 255 255 255 255 255 255 255 255 255 255 255 255 255 255 255 255 255 255 255 255 255 255 255 255 255 255 255 255 255 255 255 255 255 255 255 255 255 255 255 255 255 255 255 255 255 255 255 255 255 255 255 
255 255 255 255 255 255 255 255 255 255 255 255 255 255 255 255 255 255 255 255 255 255 255 255 255 255 255 255 255 255 255 255 255 255 255 255 255 255 255 255 255 255 255 255 255 255 255 255 255 255 255 255 255 255 255 255 255 255 255 255 255 255 255 255 255 255 255 255 255 255 255 255 
255 255 255 255 255 255 255 255 255 255 255 255 255 255 255 255 255 255 255 255 255 255 255 255 255 255 255 255 255 255 255 255 255 255 255 255 255 255 255 255 255 255 255 255 255 255 255 255 255 255 255 255 255 255 255 255 255 255 255 255 255 255 255 255 255 255 255 255 255 255 255 255 
255 255 255 255 255 255 255 255 255 255 255 255 255 255 255 255 255 255 255 255 255 255 255 255 255 255 255 255 255 255 255 255 255 255 255 255 255 255 255 255 255 255 255 255 255 255 255 255 255 255 255 255 255 255 255 255 255 255 255 255 255 255 255 255 255 255 255 255 255 255 255 255 
255 255 255 255 255 255 255 255 255 255 255 255 255 255 255 255 255 255 255 255 255 255 255 255 255 255 255 255 255 255 255 255 255 255 255 255 255 255 255 255 255 255 255 255 255 255 255 255 255 255 255 255 255 255 255 255 255 255 255 255 255 255 255 255 255 255 255 255 255 255 255 255 
255 255 255 255 255 255 255 255 255 255 255 255 255 255 255 255 255 255 255 255 255 255 255 255 255 255 255 255 255 255 255 255 255 255 255 255 255 255 255 255 255 255 255 255 255 255 255 255 255 255 255 255 255 255 255 255 255 255 255 255 255 255 255 255 255 255 255 255 255 255 255 255 
255 255 255 255 255 255 255 255 255 255 255 255 255 255 255 255 255 255 255 255 255 255 255 255 255 255 255 255 255 255 255 255 255 255 255 255 255 255 255 255 255 255 255 255 255 255 255 255 255 255 255 255 255 255 255 255 255 255 255 255 255 255 255 255 255 255 255 255 255 255 255 255 
255 255 255 255 255 255 255 255 255 255 255 255 255 255 255 255 255 255 255 255 255 255 255 255 255 255 255 255 255 255 255 255 255 255 255 255 255 255 255 255 255 255 255 255 255 255 255 255 255 255 255 255 255 255 255 255 255 255 255 255 255 255 255 255 255 255 255 255 255 255 255 255 
255 255 255 255 255 255 255 255 255 255 255 255 255 255 255 255 255 255 255 255 255 255 255 255 255 255 255 255 255 255 255 255 255 255 255 255 255 255 255 255 255 255 255 255 255 255 255 255 255 255 255 255 255 255 255 255 255 255 255 255 255 255 255 255 255 255 255 255 255 255 255 255 
255 255 255 255 255 255 255 255 255 255 255 255 255 255 255 255 255 255 255 255 255 255 255 255 255 255 255 255 255 255 255 255 255 255 255 255 255 255 255 255 255 255 255 255 255 255 255 255 255 255 255 255 255 255 255 255 255 255 255 255 255 255 255 255 255 255 255 255 255 255 255 255 
255 255 255 255 255 255 255 255 255 255 255 255 255 255 255 255 255 255 255 255 255 255 255 255 255 255 255 255 255 255 255 255 255 255 255 255 255 255 255 255 255 255 255 255 255 255 255 255 255 255 255 255 255 255 255 255 255 255 255 255 255 255 255 255 255 255 255 255 255 255 255 255 
255 255 255 255 255 255 255 255 255 255 255 255 255 255 255 255 255 255 255 255 255 255 255 255 255 255 255 255 255 255 255 255 255 255 255 255 255 255 255 255 255 255 255 255 255 255 255 255 255 255 255 255 255 255 255 255 255 255 255 255 255 255 255 255 255 255 255 255 255 255 255 255 
255 255 255 255 255 255 255 255 255 255 255 255 255 255 255 255 255 255 255 255 255 255 255 255 255 255 255 255 255 255 255 255 255 255 255 255 255 255 255 255 255 255 255 255 255 255 255 255 255 255 255 255 255 255 255 255 255 255 255 255 255 255 255 255 255 255 255 255 255 255 255 255 
255 255 255 255 255 255 255 255 255 255 255 255 255 255 255 255 255 255 255 255 255 255 255 255 255 255 255 255 255 255 255 255 255 255 255 255 255 255 255 255 255 255 255 255 255 255 255 255 255 255 255 255 255 255 255 255 255 255 255 255 255 255 255 255 255 255 255 255 255 255 255 255 
255 255 255 255 255 255 255 255 255 255 255 255 255 255 255 255 255 255 255 255 255 255 255 255 255 255 255 255 255 255 255 255 255 255 255 255 255 255 255 255 255 255 255 255 255 255 255 255 255 255 255 255 255 255 255 255 255 255 255 255 255 255 255 255 255 255 255 255 255 255 255 255 
255 255 255 255 255 255 255 255 255 255 255 255 255 255 255 255 255 255 255 255 255 255 255 255 255 255 255 255 255 255 255 255 255 255 255 255 255 255 255 255 255 255 255 255 255 255 255 255 255 255 255 255 255 255 255 255 255 255 255 255 255 255 255 255 255 255 255 255 255 255 255 255 
255 255 255 255 255 255 255 255 255 255 255 255 255 255 255 255 255 255 255 255 255 255 255 255 255 255 255 255 255 255 255 255 255 255 255 255 255 255 255 255 255 255 255 255 255 255 255 255 255 255 255 255 255 255 255 255 255 255 255 255 255 255 255 255 255 255 255 255 255 255 255 255 
255 255 255 255 255 255 255 255 255 255 255 255 255 255 255 255 255 255 255 255 255 255 255 255 255 255 255 255 255 255 255 255 255 255 255 255 255 255 255 255 255 255 255 255 255 255 255 255 255 255 255 255 255 255 255 255 255 255 255 255 255 255 255 255 255 255 255 255 255 255 255 255 
255 255 255 255 255 255 255 255 255 255 255 255 255 255 255 255 255 255 255 255 255 255 255 255 255 255 255 255 255 255 255 255 255 255 255 255 255 255 255 255 255 255 255 255 255 255 255 255 255 255 255 255 255 255 255 255 255 255 255 255 255 255 255 255 255 255 255 255 255 255 255 255 
255 255 255 255 255 255 255 255 255 255 255 255 255 255 255 255 255 255 255 255 255 255 255 255 255 255 255 255 255 255 255 255 255 255 255 255 255 255 255 255 255 255 255 255 255 255 255 255 255 255 255 255 255 255 255 255 255 255 255 255 255 255 255 255 255 255 255 255 255 255 255 255 
255 255 255 255 255 255 255 255 255 255 255 255 255 255 255 255 255 255 255 255 255 255 255 255 255 255 255 255 255 255 255 255 255 255 255 255 255 255 255 255 255 255 255 255 255 255 255 255 255 255 255 255 255 255 255 255 255 255 255 255 255 255 255 255 255 255 255 255 255 255 255 255 
255 255 255 255 255 255 255 255 255 255 255 255 255 255 255 255 255 255 255 255 255 255 255 255 255 255 255 255 255 255 255 255 255 255 255 255 255 255 255 255 255 255 255 255 255 255 255 255 255 255 255 255 255 255 255 255 255 255 255 255 255 255 255 255 255 255 255 255 255 255 255 255 
255 255 255 255 255 255 255 255 255 255 255 255 255 255 255 255 255 255 255 255 255 255 255 255 255 255 255 255 255 255 255 255 255 255 255 255 255 255 255 255 255 255 255 255 255 255 255 255 255 255 255 255 255 255 255 255 255 255 255 255 255 255 255 255 255 255 255 255 255 255 255 255 
255 255 255 255 255 255 255 255 255 255 255 255 255 255 255 255 255 255 255 255 255 255 255 255 255 255 255 255 255 255 255 255 255 255 255 255 255 255 255 255 255 255 255 255 255 255 255 255 255 255 255 255 255 255 255 255 255 255 255 255 255 255 255 255 255 255 255 255 255 255 255 255 
255 255 255 255 255 255 255 255 255 255 255 255 255 255 255 255 255 255 255 255 255 255 255 255 255 255 255 255 255 255 255 255 255 255 255 255 255 255 255 255 255 255 255 255 255 255 255 255 255 255 255 255 255 255 255 255 255 255 255 255 255 255 255 255 255 255 255 255 255 255 255 255 
255 255 255 255 255 255 255 255 255 255 255 255 255 255 255 255 255 255 255 255 244 205 255 255 255 255 255 255 255 255 255 255 255 255 255 255 255 255 255 255 255 255 255 255 255 255 255 255 255 255 255 255 255 255 255 255 255 255 255 255 255 255 255 255 255 255 255 255 255 255 255 255 
255 255 255 255 255 255 255 255 255 255 255 255 255 255 255 255 255 255 255 255 084 001 090 225 255 255 255 204 146 158 170 182 192 193 194 195 196 198 199 200 202 203 201 200 199 197 196 194 193 192 187 174 161 148 191 255 255 255 255 255 255 182 094 122 149 154 157 160 162 165 167 168 
255 255 255 255 255 255 255 255 255 255 255 255 255 255 255 255 255 255 255 131 000 000 000 008 133 252 255 142 000 000 000 000 000 000 000 000 000 000 000 000 000 000 000 000 000 000 000 000 000 000 000 000 000 000 114 255 255 255 255 255 255 151 000 000 000 000 000 000 000 000 000 000 
255 255 255 255 255 255 255 255 255 255 255 255 255 255 255 255 255 255 247 063 000 000 000 000 000 058 220 142 000 000 000 000 000 000 000 000 000 000 000 000 000 000 000 000 000 000 000 000 000 000 000 000 000 000 114 255 255 255 255 255 255 151 000 000 000 000 000 000 000 000 000 000 
255 255 255 255 255 255 255 255 255 255 255 255 255 255 255 255 255 255 255 255 168 019 000 000 000 000 104 142 000 000 000 000 000 003 007 009 000 000 000 021 024 024 000 000 000 020 018 012 007 002 000 000 000 000 114 255 255 255 255 255 255 178 082 106 119 118 116 052 000 015 114 070 
255 255 255 255 255 255 255 255 255 239 255 255 255 255 255 255 255 255 255 255 255 230 072 000 000 034 243 233 214 226 239 249 254 255 255 211 000 000 000 216 255 254 000 000 000 229 255 255 255 255 252 240 228 216 228 255 255 255 255 255 255 255 255 255 255 255 255 116 000 034 255 155 
054 054 054 054 054 050 044 039 014 083 255 255 255 255 255 255 255 255 255 255 255 255 255 141 005 198 255 255 255 255 255 255 255 255 255 211 000 000 000 216 255 254 000 000 000 229 255 255 255 255 255 255 255 255 255 255 255 255 255 255 255 255 255 255 255 255 255 116 000 034 255 155 
000 000 000 000 000 000 000 000 000 167 255 255 255 255 255 255 255 255 255 255 255 255 255 255 219 255 255 255 255 255 255 255 255 255 255 211 000 000 000 216 255 254 000 000 000 229 255 255 255 255 255 255 255 255 255 255 255 255 255 255 255 255 255 255 255 255 255 116 000 034 255 155 
000 000 000 000 000 000 000 000 008 243 255 255 255 255 255 255 255 255 255 255 255 255 255 255 255 255 255 255 255 255 255 255 255 255 255 211 000 000 000 216 255 254 000 000 000 229 255 255 255 255 255 255 255 255 255 255 255 255 255 255 255 255 255 255 255 255 255 116 000 034 255 155 
161 161 161 161 092 000 000 000 080 255 255 255 255 255 255 255 255 255 255 255 255 255 255 255 255 255 255 255 232 201 211 220 222 224 225 187 000 000 000 193 227 227 000 000 000 203 225 224 223 222 217 206 210 255 255 255 255 255 255 255 255 255 170 042 061 066 068 032 000 009 070 043 
255 255 255 255 071 000 000 000 165 255 255 255 255 255 255 255 255 255 250 249 255 255 255 255 255 255 255 255 166 000 000 000 000 000 000 000 000 000 000 000 000 000 000 000 000 000 000 000 000 000 000 000 062 255 255 255 255 255 255 255 255 255 174 000 000 000 000 000 000 000 000 000 
255 255 255 233 004 000 000 008 242 255 255 255 255 255 255 255 255 255 140 030 152 250 255 255 255 255 255 255 181 000 000 000 000 000 000 000 000 000 000 000 000 000 000 000 000 000 000 000 000 000 000 000 077 255 255 255 255 255 255 255 255 255 181 000 000 023 069 031 000 009 069 042 
255 255 255 147 000 000 000 078 255 255 255 255 255 255 255 255 255 235 015 000 000 032 163 255 255 255 255 255 185 000 000 000 070 078 078 064 000 000 000 071 078 078 000 000 000 070 078 078 078 020 000 000 081 255 255 255 255 255 255 255 255 255 184 000 000 086 255 115 000 039 255 155 
252 255 255 057 000 000 000 163 255 255 255 255 255 255 255 255 255 105 000 000 000 000 000 070 223 255 255 255 188 000 000 000 227 255 255 202 000 000 000 240 255 254 000 000 000 229 255 255 255 065 000 000 084 255 255 255 255 255 255 255 255 255 186 000 000 086 255 113 000 045 255 155 
251 255 222 000 000 000 006 241 255 255 255 255 255 255 255 255 255 199 082 001 000 000 000 000 011 181 255 255 189 000 000 000 227 255 255 187 000 000 001 253 255 254 000 000 000 229 255 255 255 065 000 000 084 255 255 255 255 255 255 255 255 255 186 000 000 086 255 112 000 050 255 155 
255 255 169 015 000 000 076 255 255 255 255 255 255 255 255 255 255 255 255 199 054 000 000 000 016 231 255 255 189 000 000 000 227 255 255 154 000 000 014 255 255 254 000 000 000 229 255 255 255 065 000 000 084 255 255 255 255 255 255 255 255 255 186 000 000 086 255 110 000 056 255 155 
255 255 255 254 212 154 193 255 255 255 255 255 255 255 255 255 255 255 255 255 254 159 022 000 152 255 255 255 189 000 000 000 227 255 255 120 000 000 041 255 255 254 000 000 000 229 255 255 255 065 000 000 084 255 255 255 255 255 255 255 255 255 186 000 000 086 255 084 000 078 255 155 
255 255 255 255 255 255 255 255 255 255 255 255 255 255 255 255 255 255 255 255 255 255 231 116 254 255 255 255 189 000 000 000 227 255 255 067 000 000 100 255 255 254 000 000 000 228 255 255 255 065 000 000 084 255 255 255 255 255 255 255 255 255 186 000 000 086 255 049 000 121 255 155 
255 255 255 255 255 255 255 255 255 255 255 255 255 255 255 255 255 255 255 255 255 255 255 255 255 255 255 255 189 000 000 000 227 255 236 004 000 000 161 255 255 254 000 000 000 076 146 158 154 039 000 000 084 255 255 255 255 255 255 255 255 255 186 000 000 086 255 014 000 165 255 155 
255 255 255 255 255 255 255 255 255 255 255 255 255 255 255 255 255 255 255 255 255 255 255 255 255 255 255 255 189 000 000 000 227 255 141 000 000 000 222 255 255 255 000 000 000 000 000 000 000 000 000 000 084 255 255 255 255 255 255 255 255 255 186 000 000 086 233 000 000 208 255 155 
255 255 255 255 255 255 255 255 255 255 255 255 255 255 255 255 255 255 255 255 255 255 255 255 255 255 255 255 189 000 000 000 227 234 015 000 000 037 255 255 255 255 062 000 000 000 000 000 000 000 000 000 084 255 255 255 255 255 255 255 255 255 186 000 000 086 170 000 004 248 255 156 
255 255 255 255 255 255 255 255 255 255 255 255 255 255 255 255 255 255 255 255 255 255 234 255 255 255 255 255 189 000 000 000 227 083 000 000 000 152 255 255 255 255 243 164 113 101 089 086 093 025 000 000 084 255 255 255 255 255 255 255 255 255 186 000 000 086 059 000 050 255 255 179 
255 255 255 255 255 255 255 255 255 255 255 255 255 255 255 255 255 255 255 255 255 255 041 136 246 255 255 255 189 000 000 000 224 168 068 000 026 248 255 255 255 255 255 255 255 255 255 255 255 065 000 000 084 255 255 255 255 255 255 255 255 255 186 000 000 086 175 023 157 255 255 247 
