255 255 255 255 255 255 255 255 255 255 255 255 255 255 255 255 255 255 255 255 249 222 255 255 255 255 255 255 255 255 255 148 101 197 254 255 255 255 255 255 255 255 255 255 255 255 255 255 255 255 255 255 255 255 255 255 255 255 255 255 255 255 255 255 255 255 255 255 255 255 255 255 
255 255 255 255 255 255 255 255 255 255 255 255 255 255 255 255 255 255 158 078 012 030 253 255 255 255 255 255 255 255 255 095 000 000 014 109 255 255 255 255 255 255 255 255 255 255 255 255 255 255 255 255 255 255 255 255 255 255 255 255 255 255 255 255 255 255 255 255 255 255 255 255 
255 255 255 255 255 255 255 255 204 229 255 255 255 255 255 255 255 255 105 000 000 000 179 255 255 255 255 255 255 255 255 053 000 000 008 227 255 255 255 255 255 255 255 255 255 255 255 255 255 255 255 255 255 255 255 255 255 255 255 255 255 255 255 255 255 255 255 255 255 255 255 255 
255 255 255 255 255 255 255 228 023 019 175 255 255 255 255 255 255 255 198 000 000 000 078 255 255 255 255 255 255 255 243 004 000 000 098 255 255 255 255 255 255 255 255 255 255 255 255 255 255 255 255 255 255 255 255 255 255 255 255 255 255 255 255 255 255 255 255 255 255 255 255 255 
255 255 255 255 255 255 249 056 000 000 000 109 253 255 255 255 255 255 254 026 000 000 006 240 255 255 255 255 255 255 184 000 000 000 204 255 255 255 255 255 255 255 255 255 255 255 255 255 255 255 255 255 255 255 255 255 255 255 255 255 255 255 255 255 255 255 255 255 255 255 255 255 
255 255 255 255 255 255 232 057 000 000 000 000 085 249 255 255 255 255 255 103 000 000 006 184 255 255 255 255 255 255 120 000 000 020 221 217 212 207 202 197 190 160 124 234 255 255 255 255 255 255 255 255 255 255 255 255 255 255 255 255 255 255 255 255 255 255 255 255 255 255 255 255 
255 255 255 255 255 255 255 251 107 000 000 000 000 091 255 255 255 255 255 169 101 175 242 255 255 255 255 255 255 255 046 000 000 000 000 000 000 000 000 000 000 000 000 219 255 255 255 255 255 255 255 255 255 255 255 255 255 255 255 255 255 255 255 255 255 255 255 255 255 255 255 255 
255 255 255 255 255 255 255 255 255 144 002 000 013 160 185 210 229 232 235 237 239 237 234 232 227 206 181 228 255 195 000 000 000 000 000 000 000 000 000 000 000 000 000 219 255 255 255 255 255 255 255 255 255 255 255 255 255 255 255 255 255 255 255 255 255 255 255 255 255 255 255 255 
255 255 255 255 255 255 255 255 255 255 169 007 186 122 000 000 000 000 000 000 000 000 000 000 000 000 000 177 255 087 000 000 009 024 024 024 024 021 016 012 004 000 000 219 255 255 255 255 255 255 255 255 255 255 255 255 255 255 255 255 255 255 255 255 255 255 255 255 255 255 255 255 
255 255 255 255 255 255 255 255 255 255 255 222 255 122 000 000 000 000 000 000 000 000 000 000 000 000 000 177 230 005 000 000 159 255 255 255 255 255 255 255 255 243 224 250 255 255 255 255 255 255 255 255 255 255 255 255 255 255 255 255 255 255 255 255 255 255 255 255 255 255 255 255 
255 255 255 255 255 255 255 255 255 255 255 255 255 122 000 006 010 000 000 008 031 028 026 023 018 001 000 177 127 000 000 025 249 255 255 255 255 255 255 255 255 255 255 255 255 255 255 255 255 255 255 255 255 255 255 255 255 255 255 255 255 255 255 255 255 255 255 255 255 255 255 255 
255 255 255 255 255 255 255 255 255 255 255 255 255 236 242 255 157 000 000 064 255 255 255 255 255 251 229 221 018 000 000 133 255 255 255 255 255 255 255 255 255 255 255 255 255 255 255 255 255 255 255 255 255 255 255 255 255 255 255 255 255 255 255 255 255 255 255 255 255 255 255 255 
255 255 255 255 255 255 255 248 255 255 255 255 255 255 255 255 150 000 000 058 255 255 255 255 255 255 255 091 000 000 013 237 255 255 255 255 255 255 255 255 255 255 255 255 255 255 255 255 255 255 255 255 255 255 255 255 255 255 255 255 255 255 255 255 255 255 255 255 255 255 255 255 
255 255 255 255 255 255 247 043 106 240 255 255 255 255 255 255 144 000 000 060 255 255 255 255 255 255 186 000 000 000 106 026 045 059 059 059 059 055 052 049 037 023 233 255 255 255 255 255 255 255 255 255 255 255 255 255 255 255 255 255 255 255 255 255 255 255 255 255 255 255 255 255 
255 255 255 255 255 255 113 000 000 025 172 255 255 255 255 255 138 000 000 067 255 255 255 255 255 255 224 031 000 025 218 000 000 000 000 000 000 000 000 000 000 000 231 255 255 255 255 255 255 255 255 255 255 255 255 255 255 255 255 255 255 255 255 255 255 255 255 255 255 255 255 255 
255 255 255 255 255 199 002 000 000 000 000 101 246 255 255 255 131 000 000 064 216 213 210 207 203 178 193 198 004 153 228 000 000 000 000 000 000 001 000 000 000 000 231 255 255 255 255 255 255 255 255 255 255 255 255 255 255 255 255 255 255 255 255 255 255 255 255 255 255 255 255 255 
255 255 255 255 255 251 148 014 000 000 000 000 044 233 255 255 125 000 000 000 000 000 000 000 000 000 106 255 154 252 246 192 233 253 254 255 255 118 000 000 000 106 248 255 255 255 255 255 255 255 255 255 255 255 255 255 255 255 255 255 255 255 255 255 255 255 255 255 255 255 255 255 
255 255 255 255 255 255 255 220 052 000 000 000 074 254 255 255 118 000 000 000 000 000 000 000 000 000 111 255 255 255 255 255 255 255 255 255 135 000 000 000 108 255 255 255 255 255 255 255 255 255 255 255 255 255 255 255 255 255 255 255 255 255 255 255 255 255 255 255 255 255 255 255 
255 255 255 255 255 255 255 255 249 109 000 032 238 255 255 255 112 000 000 012 030 030 030 014 000 000 116 255 255 255 255 255 255 255 255 151 000 000 000 088 254 255 255 255 255 255 255 255 255 255 255 255 255 255 255 255 255 255 255 255 255 255 255 255 255 255 255 255 255 255 255 255 
255 255 255 255 255 255 255 255 255 255 139 205 255 255 255 255 095 000 000 105 255 255 255 112 000 000 121 255 255 255 255 255 255 255 167 002 000 000 071 250 255 255 255 255 255 255 255 255 255 255 255 255 255 255 255 255 255 255 255 255 255 255 255 255 255 255 255 255 255 255 255 255 
255 255 255 255 255 255 255 255 255 255 255 255 255 255 255 255 074 000 000 113 255 255 255 105 000 000 126 255 255 255 255 255 255 255 066 000 000 052 245 255 255 255 255 255 255 255 255 255 255 255 255 255 255 255 255 255 255 255 255 255 255 255 255 255 255 255 255 255 255 255 255 255 
255 255 255 255 255 255 255 255 255 255 255 255 255 255 255 255 053 000 000 121 255 255 255 099 000 000 131 255 255 255 255 255 255 255 066 000 000 116 255 255 255 255 255 255 255 255 255 255 255 255 255 255 255 255 255 255 255 255 255 255 255 255 255 255 255 255 255 255 255 255 255 255 
255 255 255 255 255 255 255 255 255 255 255 255 255 255 255 255 031 000 000 131 255 255 255 092 000 000 136 255 255 255 255 255 255 255 066 000 000 116 255 255 255 255 255 255 255 255 255 255 255 255 255 255 255 255 255 255 255 255 255 255 255 255 255 255 255 255 255 255 255 255 255 255 
255 255 255 255 255 255 255 255 255 255 255 255 255 255 255 255 010 000 000 153 255 255 255 086 000 000 141 179 019 047 070 078 085 093 025 000 000 044 090 083 075 062 034 049 255 255 255 255 255 255 255 255 255 255 255 255 255 255 255 255 255 255 255 255 255 255 255 255 255 255 255 255 
255 255 255 255 255 255 255 255 255 096 200 255 255 255 255 245 000 000 000 178 255 255 255 079 000 000 146 178 000 000 000 000 000 000 000 000 000 000 000 000 000 000 000 040 255 255 255 255 255 255 255 255 255 255 255 255 255 255 255 255 255 255 255 255 255 255 255 255 255 255 255 255 
255 255 255 255 255 255 255 255 247 002 000 054 187 255 255 223 000 000 000 202 255 255 255 073 000 000 151 178 000 000 000 000 000 000 000 000 000 000 000 000 000 000 000 040 255 255 255 255 255 255 255 255 255 255 255 255 255 255 255 255 255 255 255 255 255 255 255 255 255 255 255 255 
255 255 255 255 255 255 255 255 205 000 000 000 180 255 255 195 000 000 000 227 255 255 255 066 000 000 156 205 100 119 135 140 144 148 039 000 000 069 146 139 133 122 101 109 255 255 255 255 255 255 255 255 255 255 255 255 255 255 255 255 255 255 255 255 255 255 255 255 255 255 255 255 
255 255 255 255 255 255 255 255 156 000 000 000 236 255 255 155 000 000 001 250 255 255 255 059 000 000 161 255 255 255 255 255 255 255 066 000 000 116 255 255 255 255 255 255 255 255 255 255 255 255 255 255 255 255 255 255 255 255 255 255 255 255 255 255 255 255 255 255 255 255 255 255 
255 255 255 255 255 255 255 255 093 000 000 041 255 255 255 101 000 000 025 255 255 255 255 053 000 000 166 255 255 255 255 255 255 255 066 000 000 116 255 255 255 255 255 255 255 255 255 255 255 255 255 255 250 199 190 220 255 255 255 255 255 255 255 255 255 255 255 255 255 255 255 255 
255 255 255 255 255 255 255 255 030 000 000 104 255 255 255 047 000 000 080 255 255 255 255 046 000 000 171 255 255 255 255 255 255 255 066 000 000 116 255 255 255 255 255 255 255 255 255 255 255 255 250 124 023 000 000 000 062 190 255 255 255 255 255 255 255 255 255 255 255 255 255 255 
255 255 255 255 255 255 255 223 000 000 000 166 255 255 234 003 000 000 138 255 255 255 255 040 000 000 175 255 255 255 255 255 255 255 066 000 000 116 255 255 255 255 255 255 255 255 255 255 255 250 079 000 015 098 118 062 000 006 179 255 255 255 255 255 255 255 255 255 255 255 255 255 
255 255 255 255 255 255 255 158 000 000 000 226 255 255 149 000 000 000 197 255 255 255 255 033 000 000 180 255 255 255 255 255 255 255 066 000 000 116 255 255 255 255 255 255 255 255 255 255 255 138 000 065 242 255 255 255 185 009 009 237 255 255 255 255 255 255 255 255 255 255 255 255 
255 255 255 255 255 255 255 093 000 000 027 255 255 255 061 000 000 007 248 255 255 255 255 027 000 000 185 255 255 255 255 255 255 255 066 000 000 116 255 255 255 255 255 255 255 255 255 255 254 034 011 239 255 255 255 255 255 142 000 139 255 255 255 255 255 255 255 255 255 255 255 255 
255 255 255 255 255 255 249 016 000 000 083 255 255 209 001 000 000 067 255 255 255 255 255 015 000 000 191 255 255 255 255 255 255 255 066 000 000 116 255 255 255 255 255 255 255 255 255 255 223 000 088 255 255 255 255 255 255 238 000 072 255 255 255 255 255 255 255 255 255 255 255 255 
239 255 255 255 255 255 181 000 000 000 139 255 255 075 000 000 000 169 255 255 255 255 209 000 000 000 199 255 255 255 255 255 255 255 066 000 000 116 255 255 255 255 255 255 255 255 255 255 217 000 101 255 255 255 255 255 255 253 000 066 255 255 255 255 255 255 255 255 255 255 255 255 
174 255 255 255 255 255 096 000 000 000 193 255 194 000 000 000 025 250 255 224 080 067 015 000 000 000 233 255 255 255 255 255 255 255 039 000 000 118 255 255 255 255 255 255 255 255 255 255 244 011 035 253 255 255 255 255 255 193 000 094 255 255 255 255 255 255 255 255 255 255 255 255 
249 255 255 255 255 235 010 000 000 000 234 243 035 000 000 000 126 255 255 255 096 000 000 000 000 028 255 255 255 255 111 060 079 028 000 000 000 129 255 255 255 255 255 255 255 255 255 255 255 103 000 138 255 255 255 255 247 063 000 195 255 255 255 255 255 255 255 255 255 255 255 255 
255 255 255 255 255 223 066 000 000 017 255 255 135 000 000 004 228 255 255 255 212 001 000 000 003 184 255 255 255 255 229 005 000 000 000 000 000 175 255 255 255 255 255 255 255 255 255 255 255 224 027 000 094 195 218 169 054 000 070 255 255 255 255 255 255 255 255 255 255 255 255 255 
255 255 255 255 255 255 255 177 022 055 255 255 255 127 000 108 255 255 255 255 255 056 033 118 217 255 255 255 255 255 255 086 000 000 000 000 057 242 255 255 255 255 255 255 255 255 255 255 255 255 218 037 000 000 000 000 000 084 248 255 255 255 255 255 255 255 255 255 255 255 255 255 
255 255 255 255 255 255 255 255 231 156 255 255 255 255 092 236 255 255 255 255 255 244 255 255 255 255 255 255 255 255 255 173 000 006 070 149 244 255 255 255 255 255 255 255 255 255 255 255 255 255 255 253 179 101 089 120 209 255 255 255 255 255 255 255 255 255 255 255 255 255 255 255 
255 255 255 255 255 255 255 255 255 255 255 255 255 255 254 255 255 255 255 255 255 255 255 255 255 255 255 255 255 255 255 236 199 247 255 255 255 255 255 255 255 255 255 255 255 255 255 255 255 255 255 255 255 255 255 255 255 255 255 255 255 255 255 255 255 255 255 255 255 255 255 255 
255 255 255 255 255 255 255 255 255 255 255 255 255 255 255 255 255 255 255 255 255 255 255 255 255 255 255 255 255 255 255 255 255 255 255 255 255 255 255 255 255 255 255 255 255 255 255 255 255 255 255 255 255 255 255 255 255 255 255 255 255 255 255 255 255 255 255 255 255 255 255 255 
255 255 255 255 255 255 255 255 255 255 255 255 255 255 255 255 255 255 255 255 255 255 255 255 255 255 255 255 255 255 255 255 255 255 255 255 255 255 255 255 255 255 255 255 255 255 255 255 255 255 255 255 255 255 255 255 255 255 255 255 255 255 255 255 255 255 255 255 255 255 255 255 
255 255 255 255 255 255 255 255 255 255 255 255 255 255 255 255 255 255 255 255 255 255 255 255 255 255 255 255 255 255 255 255 255 255 255 255 255 255 255 255 255 255 255 255 255 255 255 255 255 255 255 255 255 255 255 255 255 255 255 255 255 255 255 255 255 255 255 255 255 255 255 255 
255 255 255 255 255 255 255 255 255 255 255 255 255 255 255 255 255 255 255 255 255 255 255 255 255 255 255 255 255 255 255 255 255 255 255 255 255 255 255 255 255 255 255 255 255 255 255 255 255 255 255 255 255 255 255 255 255 255 255 255 255 255 255 255 255 255 255 255 255 255 255 255 
255 255 255 255 255 255 255 255 255 255 255 255 255 255 255 255 255 255 255 255 255 255 255 255 255 255 255 255 255 255 255 255 255 255 255 255 255 255 255 255 255 255 255 255 255 255 255 255 255 255 255 255 255 255 255 255 255 255 255 255 255 255 255 255 255 255 255 255 255 255 255 255 
255 255 255 255 255 255 255 255 255 255 255 255 255 255 255 255 255 255 255 255 255 255 255 255 255 255 255 255 255 255 255 255 255 255 255 255 255 255 255 255 255 255 255 255 255 255 255 255 255 255 255 255 255 255 255 255 255 255 255 255 255 255 255 255 255 255 255 255 255 255 255 255 
255 255 255 255 255 255 255 255 255 255 255 255 255 255 255 255 255 255 255 255 255 255 255 255 255 255 255 255 255 255 255 255 255 255 255 255 255 255 255 255 255 255 255 255 255 255 255 255 255 255 255 255 255 255 255 255 255 255 255 255 255 255 255 255 255 255 255 255 255 255 255 255 
255 255 255 255 255 255 255 255 255 255 255 255 255 255 255 255 255 255 255 255 255 255 255 255 255 255 255 255 255 255 255 255 255 255 255 255 255 255 255 255 255 255 255 255 255 255 255 255 255 255 255 255 255 255 255 255 255 255 255 255 255 255 255 255 255 255 255 255 255 255 255 255 
255 255 255 255 255 255 255 255 255 255 255 255 255 255 255 255 255 255 255 255 255 255 255 255 255 255 255 255 255 255 255 255 255 255 255 255 255 255 255 255 255 255 255 255 255 255 255 255 255 255 255 255 255 255 255 255 255 255 255 255 255 255 255 255 255 255 255 255 255 255 255 255 
255 255 255 255 255 255 255 255 255 255 255 255 255 255 255 255 255 255 255 255 255 255 255 255 255 255 255 255 255 255 255 255 255 255 255 255 255 255 255 255 255 255 255 255 255 255 255 255 255 255 255 255 255 255 255 255 255 255 255 255 255 255 255 255 255 255 255 255 255 255 255 255 
255 255 255 255 255 255 255 255 255 255 255 255 255 255 255 255 255 255 255 255 255 255 255 255 255 255 255 255 255 255 255 255 255 255 255 255 255 255 255 255 255 255 255 255 255 255 255 255 255 255 255 255 255 255 255 255 255 255 255 255 255 255 255 255 255 255 255 255 255 255 255 255 
255 255 255 255 255 255 255 255 255 255 255 255 255 255 255 255 255 255 255 255 255 255 255 255 255 255 255 255 255 255 255 255 255 255 255 255 255 255 255 255 255 255 255 255 255 255 255 255 255 255 255 255 255 255 255 255 255 255 255 255 255 255 255 255 255 255 255 255 255 255 255 255 
255 255 255 255 255 255 255 255 255 255 255 255 255 255 255 255 255 255 255 255 255 255 255 255 255 255 255 255 255 255 255 255 255 255 255 255 255 255 255 255 255 255 255 255 255 255 255 255 255 255 255 255 255 255 255 255 255 255 255 255 255 255 255 255 255 255 255 255 255 255 255 255 
255 255 255 255 255 255 255 255 255 255 255 255 255 255 255 255 255 255 255 255 255 255 255 255 255 255 255 255 255 255 255 255 255 255 255 255 255 255 255 255 255 255 255 255 255 255 255 255 255 255 255 255 255 255 255 255 255 255 255 255 255 255 255 255 255 255 255 255 255 255 255 255 
255 255 255 255 255 255 255 255 255 255 255 255 255 255 255 255 255 255 255 255 255 255 255 255 255 255 255 255 255 255 255 255 255 255 255 255 255 255 255 255 255 255 255 255 255 255 255 255 255 255 255 255 255 255 255 255 255 255 255 255 255 255 255 255 255 255 255 255 255 255 255 255 
255 255 255 255 255 255 255 255 255 255 255 255 255 255 255 255 255 255 255 255 255 255 255 255 255 255 255 255 255 255 255 255 255 255 255 255 255 255 255 255 255 255 255 255 255 255 255 255 255 255 255 255 255 255 255 255 255 255 255 255 255 255 255 255 255 255 255 255 255 255 255 255 
255 255 255 255 255 255 255 255 255 255 255 255 255 255 255 255 255 255 255 255 255 255 255 255 255 255 255 255 255 255 255 255 255 255 255 255 255 255 255 255 255 255 255 255 255 255 255 255 255 255 255 255 255 255 255 255 255 255 255 255 255 255 255 255 255 255 255 255 255 255 255 255 
255 255 255 255 255 255 255 255 255 255 255 255 255 255 255 255 255 255 255 255 255 255 255 255 255 255 255 255 255 255 255 255 255 255 255 255 255 255 255 255 255 255 255 255 255 255 255 255 255 255 255 255 255 255 255 255 255 255 255 255 255 255 255 255 255 255 255 255 255 255 255 255 
255 255 255 255 255 255 255 255 255 255 255 255 255 255 255 255 255 255 255 255 255 255 255 255 255 255 255 255 255 255 255 255 255 255 255 255 255 255 255 255 255 255 255 255 255 255 255 255 255 255 255 255 255 255 255 255 255 255 255 255 255 255 255 255 255 255 255 255 255 255 255 255 
255 255 255 255 255 255 255 255 255 255 255 255 255 255 255 255 255 255 255 255 255 255 255 255 255 255 255 255 255 255 255 255 255 255 255 255 255 255 255 255 255 255 255 255 255 255 255 255 255 255 255 255 255 255 255 255 255 255 255 255 255 255 255 255 255 255 255 255 255 255 255 255 
255 255 255 255 255 255 255 255 255 255 255 255 255 255 255 255 255 255 255 255 255 255 255 255 255 255 255 255 255 255 255 255 255 255 255 255 255 255 255 255 255 255 255 255 255 255 255 255 255 255 255 255 255 255 255 255 255 255 255 255 255 255 255 255 255 255 255 255 255 255 255 255 
255 255 255 255 255 255 255 255 255 255 255 255 255 255 255 255 255 255 255 255 255 255 255 255 255 255 255 255 255 255 255 255 255 255 255 255 255 255 255 255 255 255 255 255 255 255 255 255 255 255 255 255 255 255 255 255 255 255 255 255 255 255 255 255 255 255 255 255 255 255 255 255 
255 255 255 255 255 255 255 255 255 255 255 255 255 255 255 255 255 255 255 255 255 255 255 255 255 255 255 255 255 255 255 255 255 255 255 255 255 255 255 255 255 255 255 255 255 255 255 255 255 255 255 255 255 255 255 255 255 255 255 255 255 255 255 255 255 255 255 255 255 255 255 255 
255 255 255 255 255 255 255 255 255 255 255 255 255 255 255 255 255 255 255 255 255 255 255 255 255 255 255 255 255 255 255 255 255 255 255 255 255 255 255 255 255 255 255 255 255 255 255 255 255 255 255 255 255 255 255 255 255 255 255 255 255 255 255 255 255 255 255 255 255 255 255 255 
255 255 255 255 255 255 255 255 255 255 255 255 255 255 255 255 255 255 255 255 255 255 255 255 255 255 255 255 255 255 255 255 255 255 255 255 255 255 255 255 255 255 255 255 255 255 255 255 255 255 255 255 255 255 255 255 255 255 255 255 255 255 255 255 255 255 255 255 255 255 255 255 
255 255 255 255 255 255 255 255 255 255 255 255 255 255 255 255 255 255 255 255 255 255 255 255 255 255 255 255 255 255 255 255 255 255 255 255 255 255 255 255 255 255 255 255 255 255 255 255 255 255 255 255 255 255 255 255 255 255 255 255 255 255 255 255 255 255 255 255 255 255 255 255 
255 255 255 255 255 255 255 255 255 255 255 255 255 255 255 255 255 255 255 255 255 255 255 255 255 255 255 255 255 255 255 255 255 255 255 255 255 255 255 255 255 255 255 255 255 255 255 255 255 255 255 255 255 255 255 255 255 255 255 255 255 255 255 255 255 255 255 255 255 255 255 255 
255 255 255 255 255 255 255 255 255 255 255 255 247 090 126 138 129 157 255 255 255 255 255 255 255 255 255 255 255 255 255 255 255 255 255 255 255 255 255 255 255 255 255 255 255 255 255 255 255 255 255 255 255 255 255 255 255 255 255 255 255 255 255 255 255 255 255 255 255 255 255 255 
255 255 255 255 255 255 255 255 255 255 255 255 255 006 000 000 000 101 255 255 255 255 255 255 255 255 255 255 255 255 255 255 255 255 255 255 255 255 255 255 255 255 255 255 255 255 255 255 255 255 255 255 255 255 255 255 255 255 255 255 255 255 255 255 255 255 255 255 255 255 255 255 
255 255 255 255 255 255 255 255 255 255 255 255 255 026 000 000 000 219 255 255 255 255 255 255 255 255 255 255 255 255 255 255 255 255 255 255 255 255 219 235 255 255 255 255 255 255 255 255 255 255 239 218 255 255 255 182 175 203 220 222 225 227 229 227 225 222 220 201 171 201 255 255 
255 255 255 255 255 255 255 255 255 255 255 255 255 044 000 000 000 249 255 255 255 255 255 255 255 255 255 255 255 255 255 255 255 255 255 255 255 255 073 000 010 021 023 026 028 029 026 024 021 013 000 052 255 255 255 093 000 000 000 000 000 000 000 000 000 000 000 000 000 139 255 255 
255 255 255 255 255 255 255 255 255 255 255 255 255 049 000 000 001 255 255 255 255 255 255 255 255 255 255 255 255 255 255 255 255 255 255 255 255 255 103 000 000 000 000 000 000 000 000 000 000 000 000 074 255 255 255 120 000 000 000 000 000 000 000 000 000 000 000 000 000 159 255 255 
255 255 255 255 255 255 255 255 255 255 255 255 255 053 000 000 001 255 255 255 255 255 255 255 255 255 255 255 255 255 255 255 255 255 255 255 255 255 121 000 000 007 064 064 064 064 064 064 014 000 000 088 255 255 255 130 000 000 018 097 097 097 097 097 097 092 000 000 000 168 255 255 
255 255 255 255 255 255 255 255 255 255 255 255 255 056 000 000 001 255 255 255 255 255 255 255 255 255 255 255 255 255 255 255 255 255 255 255 255 255 124 000 000 029 255 255 255 255 255 255 057 000 000 090 255 255 255 132 000 000 047 255 255 255 255 255 255 240 000 000 000 172 255 255 
255 255 255 255 255 255 255 255 255 255 255 255 255 060 000 000 001 255 255 255 255 255 255 255 255 255 255 255 255 255 255 255 255 255 255 255 255 255 129 000 000 029 255 255 255 255 255 255 057 000 000 092 255 255 255 134 000 000 047 255 255 255 255 255 255 240 000 000 000 176 255 255 
255 255 255 255 255 255 255 255 255 255 255 255 255 063 000 000 001 255 255 255 255 255 255 255 255 255 255 255 255 255 255 255 255 255 255 255 255 255 127 000 000 029 255 255 255 255 255 255 057 000 000 091 255 255 255 131 000 000 047 255 255 255 255 255 255 240 000 000 000 174 255 255 
255 255 255 255 255 255 255 255 255 255 255 255 255 067 000 000 001 255 255 255 255 255 255 255 255 254 242 226 225 255 255 255 255 255 255 255 255 255 123 000 000 029 255 255 255 255 255 255 057 000 000 089 255 255 255 127 000 000 045 242 242 242 242 242 242 228 000 000 000 172 255 255 
021 022 023 023 024 025 026 026 027 028 029 030 030 008 000 000 000 030 030 029 028 027 026 025 016 002 000 000 072 255 255 255 255 255 255 255 255 255 117 000 000 001 008 008 008 008 008 008 002 000 000 086 255 255 255 119 000 000 000 000 000 000 000 000 000 000 000 000 000 167 255 255 
000 000 000 000 000 000 000 000 000 000 000 000 000 000 000 000 000 000 000 000 000 000 000 000 000 000 000 000 072 255 255 255 255 255 255 255 255 255 092 000 000 000 000 000 000 000 000 000 000 000 000 069 255 255 255 097 000 000 000 000 000 000 000 000 000 000 000 000 000 148 255 255 
000 000 000 000 000 000 000 000 000 000 000 000 000 000 000 000 000 000 000 000 000 000 000 000 000 000 000 000 072 255 255 255 255 255 255 255 255 255 078 033 053 060 061 062 063 063 062 061 060 054 031 055 255 255 255 119 073 090 099 101 104 106 097 106 104 101 099 085 064 153 255 255 
141 143 145 147 149 151 153 155 157 159 146 001 000 000 000 000 001 160 156 152 148 144 140 136 127 111 096 081 121 255 255 255 255 255 255 255 255 255 255 255 255 255 255 255 255 255 255 255 255 255 255 194 168 208 209 207 255 255 255 255 218 088 009 147 255 255 255 255 255 255 255 255 
255 255 255 255 255 255 255 255 255 255 122 000 000 000 000 000 001 255 255 255 255 255 255 255 255 255 255 255 255 255 255 255 255 255 255 255 255 255 255 255 255 255 255 255 255 255 255 255 255 255 255 109 000 000 000 093 254 255 255 178 004 000 000 000 099 253 255 255 255 255 255 255 
255 255 255 255 255 255 255 255 255 231 010 000 000 000 000 000 001 255 255 255 255 255 255 255 255 255 255 255 255 255 255 255 255 255 255 255 255 255 255 255 255 255 255 255 255 255 255 255 255 255 255 080 000 000 044 251 255 255 255 255 169 007 000 072 202 255 255 255 255 255 255 255 
255 255 255 255 255 255 255 255 255 082 000 000 000 023 000 000 001 255 255 255 255 255 255 255 255 255 255 255 255 255 255 255 255 255 255 245 103 115 127 139 150 162 170 171 173 175 177 179 181 183 184 026 000 000 103 184 182 180 179 177 175 102 113 170 168 159 148 138 127 117 107 185 
255 255 255 255 255 255 255 255 153 000 000 000 090 069 000 000 001 255 255 255 255 255 255 255 255 255 255 255 255 255 255 255 255 255 255 238 000 000 000 000 000 000 000 000 000 000 000 000 000 000 000 000 000 000 000 000 000 000 000 000 000 000 000 000 000 000 000 000 000 000 000 139 
255 255 255 255 255 255 255 214 010 000 000 011 228 069 000 000 001 255 255 255 255 255 255 255 255 255 255 255 255 255 255 255 255 255 255 238 000 000 000 000 000 000 000 000 000 000 000 000 000 000 000 000 000 000 000 000 000 000 000 000 000 000 000 000 000 000 000 000 000 000 000 139 
255 255 255 255 255 255 248 048 000 000 000 147 255 069 000 000 001 255 255 255 255 255 255 255 255 255 255 255 255 255 255 255 255 255 255 240 026 039 052 065 078 090 095 098 102 105 109 112 115 060 000 000 000 093 014 000 000 054 114 109 104 100 095 091 086 081 071 061 050 039 029 149 
255 255 255 255 255 255 112 000 000 000 085 255 255 069 000 000 001 255 255 255 255 255 255 255 255 255 255 255 255 255 255 255 255 255 255 255 255 255 255 255 255 255 255 255 255 255 255 253 156 009 000 000 048 254 158 000 000 001 100 220 255 255 255 255 255 255 255 255 255 255 255 255 
255 255 255 255 255 160 001 000 000 036 241 255 255 069 000 000 001 255 255 255 255 255 255 255 255 255 255 255 255 255 255 255 255 255 255 255 255 255 255 255 255 255 255 255 255 255 186 047 000 000 000 042 225 255 255 146 004 000 000 002 081 191 250 255 255 255 255 255 255 255 255 255 
255 255 255 255 158 002 000 000 008 207 255 255 255 069 000 000 001 255 255 255 255 255 255 255 255 255 255 255 255 255 255 255 255 255 255 255 255 255 255 255 255 255 248 184 107 032 000 000 000 000 063 239 255 255 255 255 192 022 000 000 000 000 009 063 123 175 198 219 240 255 255 255 
255 255 255 157 002 000 000 000 152 255 255 255 255 069 000 000 001 255 255 255 255 255 255 255 255 255 255 255 255 255 255 255 255 255 246 220 207 192 158 121 084 048 010 000 000 000 000 000 036 142 248 255 255 255 255 255 255 226 100 011 000 000 000 000 000 000 000 000 000 006 011 009 
255 255 155 001 000 000 000 103 255 255 255 255 255 069 000 000 001 255 255 255 255 255 255 255 255 255 255 255 255 255 255 255 255 255 238 029 000 000 000 000 000 000 000 000 000 001 073 182 254 255 255 255 255 255 255 255 255 255 255 241 150 047 000 000 000 000 000 000 000 000 000 025 
255 154 001 000 000 000 100 254 255 255 255 255 255 069 000 000 001 255 255 255 255 255 255 255 255 255 255 255 255 255 255 255 255 255 255 180 000 000 000 000 000 015 069 126 183 238 255 255 255 255 255 255 255 255 255 255 255 255 255 255 255 255 216 165 116 066 017 000 000 000 000 102 
121 001 000 000 000 099 254 255 255 255 255 255 255 069 000 000 001 255 255 255 255 255 255 255 255 255 255 255 255 255 255 255 255 255 255 254 080 096 104 152 212 253 255 255 255 255 255 255 255 255 246 230 255 255 223 172 200 210 214 217 220 224 223 221 219 217 215 171 101 159 141 192 
000 000 000 000 098 254 255 255 255 255 255 255 255 069 000 000 001 255 255 255 255 255 255 255 255 255 255 255 255 255 255 255 255 255 255 255 255 255 112 000 009 012 016 019 023 024 021 019 017 015 001 111 255 255 198 000 000 000 000 000 000 000 000 000 000 000 000 000 011 255 255 255 
000 000 000 097 253 255 255 255 255 255 255 255 255 069 000 000 001 255 255 255 255 255 255 255 255 255 255 255 255 255 255 255 255 255 255 255 255 255 137 000 000 000 000 000 000 000 000 000 000 000 000 133 255 255 215 000 000 000 000 000 000 000 000 000 000 000 000 000 025 255 255 255 
000 001 123 253 255 255 255 255 255 255 255 255 255 069 000 000 001 255 255 255 255 255 255 255 255 255 255 255 255 255 255 255 255 255 255 255 255 255 140 000 000 005 069 069 069 069 069 069 006 000 000 136 255 255 221 000 000 000 118 147 147 147 147 147 147 074 000 000 030 255 255 255 
015 177 255 255 255 255 255 255 255 255 255 255 255 069 000 000 001 255 255 255 255 255 255 255 255 255 255 255 255 255 255 255 255 255 255 255 255 255 142 000 000 018 255 255 255 255 255 255 023 000 000 137 255 255 223 000 000 000 204 255 255 255 255 255 255 128 000 000 032 255 255 255 
218 255 255 255 255 255 255 255 255 255 255 255 255 069 000 000 001 255 255 255 255 255 255 255 255 255 255 255 255 255 255 255 255 255 255 255 255 255 142 000 000 018 255 255 255 255 255 255 023 000 000 137 255 255 223 000 000 000 204 255 255 255 255 255 255 128 000 000 032 255 255 255 
255 255 255 255 255 255 255 255 255 255 255 255 255 069 000 000 001 255 255 255 255 255 255 255 255 255 255 255 255 255 255 255 255 255 255 255 255 255 142 000 000 018 255 255 255 255 255 255 023 000 000 137 255 255 223 000 000 000 204 255 255 255 255 255 255 128 000 000 032 255 255 255 
255 255 255 255 255 255 255 255 255 255 255 255 255 069 000 000 001 255 255 255 255 255 255 255 255 255 255 255 255 255 255 255 255 255 255 255 255 255 142 000 000 018 255 255 255 255 255 255 023 000 000 137 255 255 223 000 000 000 204 255 255 255 255 255 255 128 000 000 032 255 255 255 
255 255 255 255 255 255 255 255 255 255 255 255 255 044 000 000 001 255 255 255 255 255 255 255 255 255 255 255 255 255 255 255 255 255 255 255 255 255 142 000 000 011 160 160 160 160 160 160 015 000 000 137 255 255 223 000 000 000 101 126 126 126 126 126 126 063 000 000 032 255 255 255 
255 255 255 255 255 255 253 191 217 225 229 207 111 000 000 000 001 255 255 255 255 255 255 255 255 255 255 255 255 255 255 255 255 255 255 255 255 255 142 000 000 000 000 000 000 000 000 000 000 000 000 137 255 255 223 000 000 000 000 000 000 000 000 000 000 000 000 000 032 255 255 255 
255 255 255 255 255 255 255 092 000 000 000 000 000 000 000 000 007 255 255 255 255 255 255 255 255 255 255 255 255 255 255 255 255 255 255 255 255 255 142 000 000 000 000 000 000 000 000 000 000 000 000 136 255 255 222 000 000 000 000 000 000 000 000 000 000 000 000 000 030 255 255 255 
255 255 255 255 255 255 255 219 000 000 000 000 000 000 000 000 068 255 255 255 255 255 255 255 255 255 255 255 255 255 255 255 255 255 255 255 255 255 139 000 000 014 201 201 201 201 201 201 018 000 000 129 255 255 219 000 000 000 197 246 246 246 246 246 246 124 000 000 020 255 255 255 
255 255 255 255 255 255 255 255 059 000 000 000 000 000 000 024 205 255 255 255 255 255 255 255 255 255 255 255 255 255 255 255 255 255 255 255 255 255 128 000 000 018 255 255 255 255 255 255 023 000 000 106 255 255 199 000 000 000 204 255 255 255 255 255 255 128 000 000 001 248 255 255 
255 255 255 255 255 255 255 255 141 000 000 000 015 065 137 245 255 255 255 255 255 255 255 255 255 255 255 255 255 255 255 255 255 255 255 255 255 255 119 030 030 047 255 255 255 255 255 255 112 097 097 147 255 255 213 119 119 119 228 255 255 255 255 255 255 205 153 153 153 244 255 255 
255 255 255 255 255 255 255 255 216 151 179 218 254 255 255 255 255 255 255 255 255 255 255 255 255 255 255 255 255 255 255 255 255 255 255 255 255 255 255 255 255 255 255 255 255 255 255 255 255 255 255 255 255 255 255 255 255 255 255 255 255 255 255 255 255 255 255 255 255 255 255 255 
255 255 255 255 255 255 255 255 255 255 255 255 255 255 255 255 255 255 255 255 255 255 255 255 255 255 255 255 255 255 255 255 255 255 255 255 255 255 255 255 255 255 255 255 255 255 255 255 255 255 255 255 255 255 255 255 255 255 255 255 255 255 255 255 255 255 255 255 255 255 255 255 
255 255 255 255 255 255 255 255 255 255 255 255 255 255 255 255 255 255 255 255 255 255 255 255 255 255 255 255 255 255 255 255 255 255 255 255 255 255 255 255 255 255 255 255 255 255 255 255 255 255 255 255 255 255 255 255 255 255 255 255 255 255 255 255 255 255 255 255 255 255 255 255 
255 255 255 255 255 255 255 255 255 255 255 255 255 255 255 255 255 255 255 255 255 255 255 255 255 255 255 255 255 255 255 255 255 255 255 255 255 255 255 255 255 255 255 255 255 255 255 255 255 255 255 255 255 255 255 255 255 255 255 255 255 255 255 255 255 255 255 255 255 255 255 255 
255 255 255 255 255 255 255 255 255 255 255 255 255 255 255 255 255 255 255 255 255 255 255 255 255 255 255 255 255 255 255 255 255 255 255 255 255 255 255 255 255 255 255 255 255 255 255 255 255 255 255 255 255 255 255 255 255 255 255 255 255 255 255 255 255 255 255 255 255 255 255 255 
255 255 255 255 255 255 255 255 255 255 255 255 255 255 255 255 255 255 255 255 255 255 255 255 255 255 255 255 255 255 255 255 255 255 255 255 255 255 255 255 255 255 255 255 255 255 255 255 255 255 255 255 255 255 255 255 255 255 255 255 255 255 255 255 255 255 255 255 255 255 255 255 
255 255 255 255 255 255 255 255 255 255 255 255 255 255 255 255 255 255 255 255 255 255 255 255 255 255 255 255 255 255 255 255 255 255 255 255 255 255 255 255 255 255 255 255 255 255 255 255 255 255 255 255 255 255 255 255 255 255 255 255 255 255 255 255 255 255 255 255 255 255 255 255 
255 255 255 255 255 255 255 255 255 255 255 255 255 255 255 255 255 255 255 255 255 255 255 255 255 255 255 255 255 255 255 255 255 255 255 255 255 255 255 255 255 255 255 255 255 255 255 255 255 255 255 255 255 255 255 255 255 255 255 255 255 255 255 255 255 255 255 255 255 255 255 255 
255 255 255 255 255 255 255 255 255 255 255 255 255 255 255 255 255 255 255 255 255 255 255 255 255 255 255 255 255 255 255 255 255 255 255 255 255 255 255 255 255 255 255 255 255 255 255 255 255 255 255 255 255 255 255 255 255 255 255 255 255 255 255 255 255 255 255 255 255 255 255 255 
255 255 255 255 255 255 255 255 255 255 255 255 255 255 255 255 255 255 255 255 255 255 255 255 255 255 255 255 255 255 255 255 255 255 255 255 255 255 255 255 255 255 255 255 255 255 255 255 255 255 255 255 255 255 255 255 255 255 255 255 255 255 255 255 255 255 255 255 255 255 255 255 
255 255 255 255 255 255 255 255 255 255 255 255 255 255 255 255 255 255 255 255 255 255 255 255 255 255 255 255 255 255 255 255 255 255 255 255 255 255 255 255 255 255 255 255 255 255 255 255 255 255 255 255 255 255 255 255 255 255 255 255 255 255 255 255 255 255 255 255 255 255 255 255 
255 255 255 255 255 255 255 255 255 255 255 255 255 255 255 255 255 255 255 255 255 255 255 255 255 255 255 255 255 255 255 255 255 255 255 255 255 255 255 255 255 255 255 255 255 255 255 255 255 255 255 255 255 255 255 255 255 255 255 255 255 255 255 255 255 255 255 255 255 255 255 255 
255 255 255 255 255 255 255 255 255 255 255 255 255 255 255 255 255 255 255 255 255 255 255 255 255 255 255 255 255 255 255 255 255 255 255 255 255 255 255 255 255 255 255 255 255 255 255 255 255 255 255 255 255 255 255 255 255 255 255 255 255 255 255 255 255 255 255 255 255 255 255 255 
255 255 255 255 255 255 255 255 255 255 255 255 255 255 255 255 255 255 255 255 255 255 255 255 255 255 255 255 255 255 255 255 255 255 255 255 255 255 255 255 255 255 255 255 255 255 255 255 255 255 255 255 255 255 255 255 255 255 255 255 255 255 255 255 255 255 255 255 255 255 255 255 
255 255 255 255 255 255 255 255 255 255 255 255 255 255 255 255 255 255 255 255 255 255 255 255 255 255 255 255 255 255 255 255 255 255 255 255 255 255 255 255 255 255 255 255 255 255 255 255 255 255 255 255 255 255 255 255 255 255 255 255 255 255 255 255 255 255 255 255 255 255 255 255 
255 255 255 255 255 255 255 255 255 255 255 255 255 255 255 255 255 255 255 255 255 255 255 255 255 255 255 255 255 255 255 255 255 255 255 255 255 255 255 255 255 255 255 255 255 255 255 255 255 255 255 255 255 255 255 255 255 255 255 255 255 255 255 255 255 255 255 255 255 255 255 255 
255 255 255 255 255 255 255 255 255 255 255 255 255 255 255 255 255 255 255 255 255 255 255 255 255 255 255 255 255 255 255 255 255 255 255 255 255 255 255 255 255 255 255 255 255 255 255 255 255 255 255 255 255 255 255 255 255 255 255 255 255 255 255 255 255 255 255 255 255 255 255 255 
255 255 255 255 255 255 255 255 255 255 255 255 255 255 255 255 255 255 255 255 255 255 255 255 255 255 255 255 255 255 255 255 255 255 255 255 255 255 255 255 255 255 255 255 255 255 255 255 255 255 255 255 255 255 255 255 255 255 255 255 255 255 255 255 255 255 255 255 255 255 255 255 
255 255 255 255 255 255 255 255 255 255 255 255 255 255 255 255 255 255 255 255 255 255 255 255 255 255 255 255 255 255 255 255 255 255 255 255 255 255 255 255 255 255 255 255 255 255 255 255 255 255 255 255 255 255 255 255 255 255 255 255 255 255 255 255 255 255 255 255 255 255 255 255 
255 255 255 255 255 255 255 255 255 255 255 255 255 255 255 255 255 255 255 255 255 255 255 255 255 255 255 255 255 255 255 255 255 255 255 255 255 255 255 255 255 255 255 255 255 255 255 255 255 255 255 255 255 255 255 255 255 255 255 255 255 255 255 255 255 255 255 255 255 255 255 255 
255 255 255 255 255 255 255 255 255 255 255 255 255 255 255 255 255 255 255 255 255 255 255 255 255 255 255 255 255 255 255 255 255 255 255 255 255 255 255 255 255 255 255 255 255 255 255 255 255 255 255 255 255 255 255 255 255 255 255 255 255 255 255 255 255 255 255 255 255 255 255 255 
255 255 255 255 255 255 255 255 255 255 255 255 255 255 255 255 255 255 255 255 255 255 255 255 255 255 255 255 255 255 255 255 255 255 255 255 255 255 255 255 255 255 255 255 255 255 255 255 255 255 255 255 255 255 255 255 255 255 255 255 255 255 255 255 255 255 255 255 255 255 255 255 
255 255 255 255 255 255 255 255 255 255 255 255 255 255 255 255 255 255 255 255 255 255 255 255 255 255 255 255 255 255 255 255 255 255 255 255 255 255 255 255 255 255 255 255 255 255 255 255 255 255 255 255 255 255 255 255 255 255 255 255 255 255 255 255 255 255 255 255 255 255 255 255 
255 255 255 255 255 255 255 255 255 255 255 255 255 255 255 255 255 255 255 255 255 255 255 255 255 255 255 255 255 255 255 255 255 255 255 255 255 255 255 255 255 255 255 255 255 255 255 255 255 255 255 255 255 255 255 255 255 255 255 255 255 255 255 255 255 255 255 255 255 255 255 255 
255 255 255 255 255 255 255 255 255 255 255 255 255 255 255 255 255 255 255 255 255 255 255 255 255 255 255 255 255 255 255 255 255 255 255 255 255 255 255 255 255 255 255 255 255 255 255 255 255 255 255 255 255 255 255 255 255 255 255 255 255 255 255 255 255 255 255 255 255 255 255 255 
255 255 255 255 255 255 255 255 255 255 255 255 255 255 255 255 255 255 255 255 255 255 255 255 255 255 255 255 255 255 255 255 255 255 255 255 255 255 255 255 255 255 255 255 255 255 255 255 255 255 255 255 255 255 255 255 255 255 255 255 255 255 255 255 255 255 255 255 255 255 255 255 
255 255 255 255 255 255 255 255 255 255 255 255 255 255 255 255 255 255 255 255 255 255 255 255 255 255 255 255 255 255 255 255 255 255 255 255 255 255 255 255 255 255 255 255 255 255 255 255 255 255 255 255 255 255 255 255 255 255 255 255 255 255 255 255 255 255 255 255 255 255 255 255 
255 255 255 255 255 255 255 255 255 255 255 255 255 255 255 255 255 255 255 255 255 255 255 255 255 255 255 255 255 255 255 255 255 255 255 255 255 255 255 255 255 255 255 255 255 255 255 255 255 255 255 255 255 255 255 255 255 255 255 255 255 255 255 255 255 255 255 255 255 255 255 255 
255 255 255 255 255 255 255 255 255 255 255 255 255 255 255 255 255 255 255 255 255 255 255 255 255 255 255 255 255 255 255 255 255 255 255 255 255 255 255 255 255 255 255 255 255 255 255 255 255 255 255 255 255 255 255 255 255 255 255 255 233 197 218 218 207 231 255 255 255 255 255 255 
255 255 255 255 255 255 255 255 255 255 255 255 255 255 243 212 255 255 255 255 255 255 238 076 182 254 255 255 255 255 255 255 255 255 255 255 255 255 255 255 255 255 255 255 255 255 255 255 255 255 255 255 255 255 255 255 255 255 255 255 211 000 000 000 004 169 255 255 255 255 255 255 
255 255 255 255 255 255 255 255 255 255 255 253 187 093 011 036 254 255 255 255 255 255 179 000 000 034 116 195 255 255 255 255 255 255 255 255 255 255 255 255 255 255 255 255 255 255 255 255 255 255 255 255 255 255 255 255 255 255 255 255 254 001 000 000 060 255 255 255 255 255 255 255 
146 253 255 255 255 255 255 255 255 255 255 172 000 000 000 000 183 255 255 255 255 255 096 000 000 000 001 112 255 255 255 255 255 255 255 255 255 255 255 255 255 255 255 255 255 255 255 255 255 255 255 255 255 255 255 255 255 255 255 255 255 008 000 000 092 255 255 255 255 255 255 255 
000 056 219 255 255 255 255 255 255 255 255 251 031 000 000 000 091 255 255 255 255 248 015 000 000 000 121 255 255 255 255 255 255 255 255 255 255 255 255 255 255 255 255 255 255 255 255 255 255 255 255 255 255 255 255 255 255 255 255 255 255 015 000 000 094 255 255 255 255 255 255 255 
000 000 015 179 255 255 255 255 255 255 255 255 137 000 000 000 017 251 255 255 255 175 000 000 000 057 251 255 255 255 255 255 255 255 255 255 255 255 255 185 180 200 216 219 220 222 219 218 206 186 167 247 255 255 255 255 255 255 255 255 255 021 000 000 094 255 255 255 255 255 255 255 
000 000 000 001 137 255 255 255 255 255 255 255 212 000 000 030 109 240 255 255 255 085 000 000 010 224 255 255 255 255 255 255 255 255 255 255 255 255 255 078 000 000 000 000 000 000 000 000 000 000 003 252 255 255 255 255 255 255 255 255 255 021 000 000 094 255 255 255 255 255 255 255 
000 000 000 004 185 255 255 255 255 255 255 255 255 135 205 255 255 255 255 255 228 005 000 000 109 255 255 255 255 255 255 255 255 255 255 255 255 255 255 094 000 000 000 000 000 000 000 000 000 000 012 255 255 168 023 048 074 086 093 101 108 009 000 000 041 110 108 105 102 099 091 066 
109 000 000 154 168 120 145 170 179 182 185 187 190 193 194 194 194 194 194 194 102 000 000 000 160 187 183 179 174 168 147 126 105 248 255 255 255 255 255 096 000 000 001 072 072 072 072 041 000 000 014 255 255 165 000 000 000 000 000 000 000 000 000 000 000 000 000 000 000 000 000 000 
255 154 122 255 110 000 000 000 000 000 000 000 000 000 000 000 000 000 000 000 000 000 000 000 000 000 000 000 000 000 000 000 000 243 255 255 255 255 255 098 000 000 005 255 255 255 255 145 000 000 015 255 255 165 000 000 000 000 000 000 000 000 000 000 000 000 000 000 000 000 000 000 
255 255 255 255 110 000 000 000 000 000 000 000 000 000 000 000 000 000 000 000 000 000 000 000 000 000 000 000 000 000 000 000 000 243 255 255 255 255 255 098 000 000 005 255 255 255 255 145 000 000 015 255 255 180 057 083 107 120 127 135 143 012 000 000 054 145 142 139 136 133 125 101 
255 255 255 255 110 000 009 029 048 052 054 056 057 059 061 063 064 066 067 067 067 066 066 065 064 063 056 048 040 031 023 015 000 243 255 255 255 255 255 098 000 000 005 255 255 255 255 145 000 000 015 255 255 255 255 255 255 255 255 255 255 021 000 000 094 255 255 255 255 255 255 255 
255 255 255 255 240 245 255 255 255 236 253 255 255 255 255 255 255 255 255 255 255 255 255 255 255 255 255 255 255 255 255 255 242 254 255 255 255 255 255 098 000 000 005 255 255 255 255 145 000 000 015 255 255 255 255 255 255 255 255 255 255 021 000 000 094 255 255 255 255 255 255 255 
255 255 255 255 255 255 255 255 255 103 034 144 238 255 255 255 255 255 255 255 255 255 218 062 192 255 255 255 255 255 255 255 255 255 255 255 255 255 255 098 000 000 005 255 255 255 255 145 000 000 015 255 255 255 255 255 255 255 255 255 255 021 000 000 094 255 255 255 255 255 255 255 
253 255 255 255 255 255 255 255 254 026 000 000 005 074 231 255 255 255 255 255 255 255 130 000 000 059 159 246 255 255 255 255 255 255 255 255 255 255 255 098 000 000 005 255 255 255 255 145 000 000 015 255 255 255 255 255 255 255 255 255 255 021 000 000 094 255 255 255 255 255 255 255 
044 178 255 255 255 255 255 255 201 000 000 000 012 163 255 255 255 255 255 255 255 255 043 000 000 000 056 221 255 255 255 255 255 255 255 255 255 255 255 098 000 000 005 255 255 255 255 145 000 000 015 255 255 255 255 255 255 255 255 255 255 021 000 000 094 255 255 255 255 255 255 255 
000 000 061 248 255 255 255 255 100 000 000 000 157 255 255 255 255 255 255 255 255 193 000 000 000 062 251 255 255 255 255 255 255 255 255 255 255 255 255 098 000 000 005 255 255 255 255 145 000 000 015 255 255 255 255 255 255 255 255 255 255 021 000 000 094 255 255 255 255 255 255 255 
000 000 096 255 255 255 255 239 010 000 000 067 255 255 255 255 255 255 255 255 255 076 000 000 013 225 255 255 255 255 255 255 255 255 255 255 255 255 255 098 000 000 005 255 255 255 255 145 000 000 015 255 147 029 053 076 094 099 104 110 115 010 000 000 044 116 114 111 108 106 103 089 
000 016 233 255 255 255 255 139 000 000 006 216 255 255 102 170 253 255 255 255 213 001 000 000 151 255 255 255 145 216 255 255 255 255 255 255 255 255 255 098 000 000 005 255 255 255 255 145 000 000 015 255 141 000 000 000 000 000 000 000 000 000 000 000 000 000 000 000 000 000 000 000 
028 147 255 255 255 255 247 024 000 000 120 255 255 220 000 000 031 122 232 255 086 000 000 064 254 255 255 235 004 002 084 192 255 255 255 255 255 255 255 098 000 000 005 255 255 255 255 145 000 000 015 255 141 000 000 000 000 000 000 000 000 000 000 000 000 000 000 000 000 000 000 000 
235 252 255 255 255 255 137 000 000 045 248 255 255 121 000 000 000 077 236 210 001 000 012 221 255 255 255 141 000 000 000 007 177 255 255 255 255 255 255 098 000 000 005 255 255 255 255 145 000 000 015 255 153 043 068 090 099 107 114 028 000 000 000 000 048 003 030 126 120 115 109 102 
255 255 255 255 255 200 005 000 008 211 255 255 245 018 000 000 053 249 252 058 000 000 155 255 255 255 246 024 000 000 024 210 255 255 255 255 255 255 255 098 000 000 005 255 255 255 255 145 000 000 015 255 255 255 255 255 255 255 232 006 000 000 000 000 094 042 009 245 255 255 255 255 
255 255 255 255 205 030 000 000 092 184 176 169 109 000 000 003 215 255 134 000 000 078 255 255 255 255 144 000 000 013 217 255 255 255 255 255 255 255 255 098 000 000 005 255 255 255 255 145 000 000 015 255 255 255 255 255 255 255 133 000 000 005 000 000 094 089 000 174 255 255 255 255 
255 255 255 255 150 000 000 000 000 000 000 000 000 000 000 096 255 172 004 000 000 076 078 059 040 020 002 000 000 143 255 255 255 255 255 255 255 255 255 098 000 000 005 255 255 255 255 145 000 000 015 255 255 255 255 255 255 242 022 000 048 021 000 000 094 145 000 074 255 255 255 255 
235 255 255 255 242 008 000 000 000 000 000 000 000 000 006 224 255 212 000 000 000 000 000 000 000 000 000 000 042 251 255 255 255 255 255 255 255 255 255 098 000 000 005 255 255 255 255 145 000 000 015 255 255 255 255 255 255 122 000 000 129 021 000 000 094 225 000 000 198 255 255 255 
024 134 233 255 255 061 003 058 102 137 168 019 000 000 112 255 255 255 041 000 000 014 042 071 081 000 000 000 187 255 255 255 255 255 255 255 255 255 255 098 000 000 004 199 199 199 199 114 000 000 015 255 255 255 255 255 226 009 000 001 219 021 000 000 094 255 053 000 065 255 255 255 
000 000 096 255 255 213 239 255 255 255 147 000 000 028 242 255 255 255 159 165 234 255 255 255 113 000 000 081 255 255 255 255 255 255 255 255 255 255 255 098 000 000 000 000 000 000 000 000 000 000 014 255 255 255 255 255 092 000 000 073 255 021 000 000 094 255 136 000 000 188 255 255 
000 000 178 255 255 255 255 255 255 239 019 000 000 178 255 255 255 255 255 255 255 255 255 224 007 000 008 223 255 255 255 255 255 255 255 255 255 255 255 098 000 000 000 000 000 000 000 000 000 000 013 255 255 255 255 199 001 000 000 182 255 021 000 000 094 255 220 000 000 041 237 255 
000 013 248 255 255 255 255 255 255 108 000 000 084 255 255 255 255 255 255 255 255 255 255 091 000 000 125 255 255 255 255 255 255 255 255 255 255 255 255 098 000 000 001 072 072 072 072 041 000 000 010 255 255 255 239 032 000 000 037 254 255 021 000 000 094 255 255 063 000 000 054 243 
000 082 255 255 255 255 255 255 177 000 000 016 231 255 255 248 255 255 255 255 255 255 185 000 000 031 245 255 255 255 255 255 255 255 255 255 255 255 255 098 000 000 005 255 255 255 255 145 000 000 000 252 255 255 080 000 000 000 149 255 255 021 000 000 094 255 255 203 001 000 000 066 
000 147 255 255 255 255 255 223 017 000 000 154 255 201 075 045 249 255 255 255 255 244 032 000 000 180 255 219 140 110 255 255 255 255 255 255 255 255 255 095 000 000 005 255 255 255 255 145 000 000 000 236 255 141 000 000 000 046 252 255 255 021 000 000 094 255 255 255 092 000 000 000 
000 212 255 255 255 255 249 053 000 000 063 254 255 075 000 000 121 255 255 255 255 113 000 000 083 255 212 000 000 001 219 255 255 255 255 255 255 255 255 094 000 000 005 255 255 255 255 175 067 067 067 231 193 005 000 000 001 196 255 255 255 021 000 000 094 255 255 255 227 009 000 000 
022 255 255 255 255 255 107 000 000 019 227 255 255 213 002 000 003 204 255 255 202 003 000 014 229 255 255 047 000 000 120 255 255 255 255 255 255 255 255 082 000 000 005 255 255 255 255 255 255 255 255 192 012 000 000 000 096 255 255 255 255 021 000 000 094 255 255 255 255 141 000 000 
086 255 255 255 255 123 000 000 000 169 200 151 102 053 003 000 000 070 255 248 046 000 000 146 255 255 255 129 000 000 025 251 255 255 255 255 255 255 255 064 000 000 005 255 255 255 255 255 255 255 188 010 000 000 000 027 234 255 255 255 255 019 000 000 093 255 255 255 255 255 117 000 
151 255 255 248 112 000 000 000 002 003 000 000 000 000 000 000 000 000 196 102 000 000 053 253 255 255 255 187 000 000 000 178 255 255 255 255 255 255 255 046 000 000 005 255 255 255 255 255 255 183 008 000 000 000 010 205 255 255 255 255 255 013 000 000 087 255 255 255 255 255 255 103 
216 255 255 251 054 000 000 000 000 000 000 000 000 020 082 041 000 001 040 000 000 000 125 134 094 054 015 000 000 000 000 095 255 255 255 255 255 255 255 185 173 173 175 255 255 255 255 252 127 003 000 000 000 001 174 255 255 255 255 255 255 007 000 000 081 255 255 255 255 255 255 253 
255 255 255 255 176 000 000 000 000 021 083 147 211 254 255 164 100 154 008 000 000 000 000 000 000 000 000 000 000 000 000 019 252 255 255 255 255 255 255 255 255 255 255 255 255 255 255 240 108 005 000 000 000 134 255 255 255 255 255 255 255 002 000 000 075 255 255 255 255 255 255 255 
255 255 255 255 253 028 026 131 206 254 255 255 255 255 255 255 255 204 000 000 000 000 000 000 000 000 019 074 084 000 000 000 193 255 255 255 255 255 255 255 255 255 255 255 255 255 255 255 255 210 031 000 125 255 255 255 255 255 255 255 246 000 000 000 060 255 255 255 255 255 255 255 
255 255 255 255 255 190 247 255 255 255 255 255 255 255 255 255 255 255 054 000 000 002 050 109 164 220 255 255 230 000 000 014 155 255 255 255 255 255 255 255 255 255 255 255 255 255 255 255 255 255 231 160 255 255 255 255 255 255 255 255 226 000 000 000 038 255 255 255 255 255 255 255 
255 255 255 255 255 255 255 255 255 255 255 255 255 255 255 255 255 255 133 066 174 238 255 255 255 255 255 255 255 154 207 253 255 255 255 255 255 255 255 255 255 255 255 255 255 255 255 255 255 255 255 255 255 255 255 255 255 255 255 255 206 000 000 000 016 255 255 255 255 255 255 255 
255 255 255 255 255 255 255 255 255 255 255 255 255 255 255 255 255 255 250 255 255 255 255 255 255 255 255 255 255 255 255 255 255 255 255 255 255 255 255 255 255 255 255 255 255 255 255 255 255 255 255 255 255 255 255 255 255 255 255 255 187 000 000 000 000 250 255 255 255 255 255 255 
255 255 255 255 255 255 255 255 255 255 255 255 255 255 255 255 255 255 255 255 255 255 255 255 255 255 255 255 255 255 255 255 255 255 255 255 255 255 255 255 255 255 255 255 255 255 255 255 255 255 255 255 255 255 255 255 255 255 255 255 251 241 241 241 241 255 255 255 255 255 255 255 
255 255 255 255 255 255 255 255 255 255 255 255 255 255 255 255 255 255 255 255 255 255 255 255 255 255 255 255 255 255 255 255 255 255 255 255 255 255 255 255 255 255 255 255 255 255 255 255 255 255 255 255 255 255 255 255 255 255 255 255 255 255 255 255 255 255 255 255 255 255 255 255 
255 255 255 255 255 255 255 255 255 255 255 255 255 255 255 255 255 255 255 255 255 255 255 255 255 255 255 255 255 255 255 255 255 255 255 255 255 255 255 255 255 255 255 255 255 255 255 255 255 255 255 255 255 255 255 255 255 255 255 255 255 255 255 255 255 255 255 255 255 255 255 255 
