238 255 255 255 255 255 255 255 255 255 255 255 255 255 255 255 255 255 255 255 255 255 255 255 255 255 255 255 255 255 255 255 255 255 255 255 255 255 255 255 255 255 255 255 255 255 255 255 255 255 255 255 255 255 255 255 255 255 255 111 063 090 088 086 224 255 255 255 255 255 255 255 
254 255 255 255 255 255 255 255 255 255 255 255 255 255 255 255 255 255 255 255 255 255 255 255 255 255 255 255 255 255 255 255 255 255 255 228 146 255 255 255 255 255 255 255 255 255 255 255 255 255 255 255 255 255 255 255 255 255 255 101 000 000 000 073 248 255 255 255 255 255 255 255 
255 255 255 255 255 255 255 154 249 255 255 255 255 255 255 255 255 255 255 255 255 255 255 255 255 255 255 255 255 255 255 255 255 251 140 012 000 161 255 255 255 255 255 255 255 255 255 255 255 255 255 255 255 255 255 255 255 255 255 115 000 000 000 182 255 255 255 255 255 255 255 255 
255 255 255 255 255 255 219 001 052 208 255 117 045 077 100 103 105 108 109 106 103 101 087 053 097 255 255 255 255 255 255 255 255 080 000 000 000 012 217 255 255 255 255 255 255 255 255 255 255 255 255 255 255 255 255 255 255 255 255 116 000 000 000 194 255 255 255 255 255 255 255 255 
255 255 255 255 255 255 096 000 000 001 089 121 000 000 000 000 000 000 000 000 000 000 000 000 149 255 255 255 255 255 255 255 255 195 002 000 000 000 048 249 255 255 255 255 255 255 255 255 255 255 255 255 255 255 255 255 255 255 255 118 000 000 000 194 255 255 255 255 255 255 255 255 
122 109 080 205 255 217 003 000 000 009 139 154 000 000 000 000 000 000 000 000 000 000 000 000 221 255 255 255 255 255 255 255 255 255 112 000 000 000 000 133 255 255 255 255 255 255 255 255 255 255 255 255 255 255 255 255 255 255 255 119 000 000 000 194 255 255 255 255 255 255 255 255 
000 000 000 188 255 087 000 000 002 180 255 164 000 000 000 145 173 173 173 173 056 000 000 036 255 255 255 255 255 255 255 255 255 255 246 038 000 000 000 009 222 255 255 250 255 255 255 255 255 255 255 255 255 255 255 255 255 255 255 120 000 000 000 194 255 255 255 255 254 251 255 255 
000 000 000 188 180 000 000 000 133 255 255 169 000 000 000 213 255 255 255 255 030 000 000 108 255 255 255 255 255 255 255 255 255 255 255 185 000 000 000 000 075 255 240 001 020 044 051 054 057 059 061 061 061 061 061 061 061 061 061 029 000 000 000 046 057 053 050 031 006 173 255 255 
114 104 072 185 026 000 000 066 254 255 255 169 000 000 000 213 255 255 255 223 000 000 000 180 255 255 255 255 255 255 255 255 255 255 255 255 072 000 000 000 072 245 240 000 000 000 000 000 000 000 000 000 000 000 000 000 000 000 000 000 000 000 000 000 000 000 000 000 000 173 255 255 
255 255 255 093 000 000 017 227 255 255 255 169 000 000 000 213 255 255 255 160 000 000 007 245 255 255 255 255 255 255 255 255 255 255 255 255 213 003 024 168 255 255 240 000 000 000 000 000 000 000 000 000 000 000 000 000 000 000 000 000 000 000 000 000 000 000 000 000 000 173 255 255 
255 255 177 000 000 000 167 255 255 255 255 169 000 000 000 213 255 255 255 097 000 000 068 255 255 255 255 255 255 255 255 255 255 255 255 255 255 169 240 255 255 255 245 086 103 118 124 126 129 131 132 132 132 132 132 132 132 132 132 063 000 000 000 100 129 126 123 107 084 196 255 255 
255 225 022 000 000 100 255 255 255 255 255 169 000 000 000 213 255 255 255 034 000 000 140 255 255 255 255 255 255 255 255 255 255 255 255 255 255 255 255 255 255 255 255 255 255 255 255 255 255 255 255 255 255 255 255 255 255 255 255 121 000 000 000 194 255 255 255 255 255 255 255 255 
242 045 000 000 056 249 255 255 255 255 255 169 000 000 000 213 255 255 227 000 000 000 211 255 255 255 255 255 255 255 255 255 255 255 255 255 255 255 255 255 255 255 255 255 255 255 255 255 255 255 255 255 255 255 255 255 255 255 255 121 000 000 000 194 255 255 255 255 255 255 255 255 
074 000 000 024 229 255 254 242 221 201 228 169 000 000 000 213 255 255 164 000 000 028 255 255 255 255 255 255 255 255 255 255 255 255 255 255 255 255 255 255 255 255 255 255 255 255 255 255 255 255 255 255 255 255 255 255 255 255 255 121 000 000 000 194 255 255 255 255 255 255 255 255 
000 000 000 010 018 008 001 000 000 000 154 169 000 000 000 213 255 255 101 000 000 099 255 255 255 255 255 255 255 255 250 246 255 255 255 255 255 255 255 251 247 255 255 255 255 255 255 255 218 143 255 255 255 255 255 255 255 255 255 121 000 000 000 194 255 255 255 255 255 255 255 255 
000 000 000 000 000 000 000 000 000 000 154 169 000 000 000 213 255 255 038 000 000 171 255 255 255 255 255 255 255 255 199 000 014 027 033 039 035 031 022 002 166 255 255 255 255 255 183 068 001 000 170 255 255 255 255 255 255 255 255 121 000 000 000 194 255 255 255 255 255 255 255 255 
001 052 049 044 039 034 028 012 000 000 154 169 000 000 000 213 255 231 000 000 004 240 255 255 255 255 255 255 255 255 199 000 000 000 000 000 000 000 000 000 206 255 255 255 255 255 137 000 000 000 030 245 255 255 255 255 255 255 255 121 000 000 000 194 255 255 255 255 255 255 255 255 
147 255 255 255 255 255 255 255 248 228 239 169 000 000 000 213 255 168 000 000 055 255 255 255 255 255 255 255 255 255 199 000 000 000 000 000 000 000 000 000 228 255 255 255 255 255 246 026 000 000 000 125 255 255 255 255 255 255 255 121 000 000 000 194 255 255 255 255 255 255 255 255 
255 255 255 255 255 255 255 255 255 255 255 169 000 000 000 213 255 131 000 000 004 180 255 255 255 255 255 255 255 255 232 164 193 205 207 208 042 000 000 000 234 255 255 255 255 255 255 151 000 000 000 010 237 255 255 255 255 255 255 121 000 000 000 194 255 255 255 255 255 255 255 255 
255 255 255 255 255 255 255 255 255 255 255 169 000 000 000 213 255 248 064 000 000 010 209 255 255 255 255 255 255 255 255 255 255 255 255 255 051 000 000 000 239 255 255 255 255 255 255 251 034 000 000 000 133 255 255 255 255 255 255 121 000 000 000 194 255 255 255 255 255 255 255 255 
161 161 161 159 155 151 132 139 255 255 255 169 000 000 000 213 255 255 234 024 000 000 047 250 255 255 255 255 255 255 255 255 255 255 255 255 051 000 000 000 241 255 255 255 255 255 255 255 140 000 000 000 026 250 255 255 255 255 255 121 000 000 000 194 255 255 255 255 255 255 255 255 
000 000 000 000 000 000 000 106 255 255 255 169 000 000 000 213 255 255 255 186 001 000 000 123 255 255 255 255 255 255 255 255 255 255 255 255 051 000 000 000 241 255 255 255 255 255 255 255 236 007 000 000 000 162 255 255 255 255 255 121 000 000 000 194 255 255 255 255 255 255 255 255 
000 000 000 000 000 000 000 126 255 255 255 169 000 000 000 213 255 255 255 255 106 000 000 003 226 255 255 255 255 255 255 255 255 255 255 255 051 000 000 000 241 255 255 255 255 255 255 255 255 091 000 003 083 205 255 255 255 255 255 121 000 000 000 194 255 255 255 255 255 255 255 255 
145 145 145 145 039 000 000 132 255 255 255 169 000 000 000 213 255 255 255 255 228 006 000 000 126 255 255 255 255 255 255 255 255 255 255 255 051 000 000 000 241 255 255 255 255 255 255 255 255 198 113 223 255 255 255 255 255 255 255 121 000 000 000 194 255 255 255 255 255 255 255 255 
255 255 255 255 068 000 000 136 255 255 255 169 000 000 000 213 255 255 255 255 255 100 000 000 027 254 255 255 255 255 255 255 255 255 255 255 051 000 000 000 241 255 255 255 255 255 255 255 255 255 255 255 255 255 255 255 255 255 255 121 000 000 000 194 255 255 255 255 255 255 255 255 
255 255 255 255 068 000 000 136 255 255 255 169 000 000 000 213 255 255 255 255 255 171 000 000 000 226 255 255 255 255 255 255 255 255 255 255 051 000 000 000 241 255 255 255 255 255 255 255 255 255 255 255 255 255 255 255 255 255 255 121 000 000 000 194 255 255 255 255 255 255 255 255 
255 255 255 255 068 000 000 136 255 255 255 169 000 000 000 213 255 255 255 255 255 226 000 000 000 186 255 255 255 255 255 255 255 255 255 255 051 000 000 000 241 255 255 255 255 255 255 255 255 255 255 255 255 255 255 255 255 255 255 121 000 000 000 194 255 255 255 255 255 255 255 255 
004 004 004 004 001 000 000 136 255 255 255 169 000 000 000 213 255 255 255 255 255 242 000 000 000 159 255 255 255 255 255 255 255 255 255 255 051 000 000 000 241 255 255 255 255 255 255 255 255 255 255 255 255 255 255 255 255 255 255 120 000 000 000 194 255 255 255 255 255 255 255 255 
000 000 000 000 000 000 000 136 255 255 255 169 000 000 000 213 255 255 255 255 255 218 000 000 000 157 255 255 255 255 255 255 255 255 255 255 051 000 000 000 241 255 255 255 255 255 255 255 255 255 255 255 255 255 255 255 255 249 197 034 000 000 000 195 255 255 255 255 255 255 255 255 
112 112 112 112 030 000 000 136 255 255 255 169 000 000 000 213 255 255 255 255 255 112 000 000 000 170 255 255 255 255 255 255 255 255 255 255 051 000 000 000 241 255 255 255 255 255 255 255 255 255 255 255 255 194 026 034 040 008 000 000 000 000 000 198 255 255 255 255 255 255 255 255 
255 255 255 255 068 000 000 136 255 255 255 169 000 000 000 213 244 235 223 197 100 003 000 000 006 232 255 255 255 255 255 255 255 255 255 255 051 000 000 000 241 255 255 255 255 255 255 255 255 255 255 255 255 255 043 000 000 000 000 000 000 000 008 244 255 255 255 255 255 255 255 255 
255 255 255 255 068 000 000 136 255 255 255 169 000 000 000 213 231 017 000 000 000 000 000 000 091 255 255 255 255 255 255 255 255 255 255 223 030 000 000 000 182 254 255 255 255 255 255 255 255 255 255 255 255 255 149 000 000 000 000 000 000 001 125 255 255 255 255 255 255 255 255 255 
255 255 255 255 068 000 000 136 255 255 255 169 000 000 000 213 255 117 000 000 000 000 000 031 218 255 255 255 255 255 255 255 255 255 167 008 000 000 000 000 000 041 169 254 255 255 255 255 255 255 255 255 255 255 218 000 000 000 002 042 096 195 255 255 255 255 255 255 255 255 255 255 
048 048 048 048 013 000 000 133 255 255 255 169 000 000 000 213 255 210 000 000 000 000 059 233 255 255 255 255 255 255 255 255 255 132 001 000 000 000 000 000 000 000 000 046 161 243 255 255 255 255 255 255 255 255 255 145 167 196 241 255 255 255 255 255 255 255 255 255 255 255 255 255 
000 000 000 000 000 000 000 128 255 255 255 165 000 000 000 213 255 255 040 060 127 209 255 255 255 255 255 255 255 255 255 254 104 000 000 000 000 010 026 001 000 000 000 000 000 002 043 096 149 197 216 231 246 255 255 255 255 255 255 255 255 252 243 234 225 208 185 162 139 116 205 255 
035 035 035 035 009 000 000 117 255 255 255 160 000 000 000 213 255 255 255 255 255 255 255 255 255 255 255 255 255 255 255 111 000 000 000 000 052 227 255 246 159 039 000 000 000 000 000 000 000 000 000 000 000 006 021 036 040 031 022 013 004 000 000 000 000 000 000 000 000 012 243 255 
255 255 255 255 068 000 000 094 255 255 255 155 000 000 000 213 255 255 255 255 255 255 255 255 255 255 255 255 255 255 193 002 000 000 000 033 238 255 255 255 255 253 168 060 001 000 000 000 000 000 000 000 000 000 000 000 000 000 000 000 000 000 000 000 000 000 000 000 000 079 255 255 
255 255 255 255 068 000 000 071 255 255 255 143 000 000 000 213 255 255 255 255 255 255 255 255 255 255 255 255 255 255 255 191 028 000 009 207 255 255 255 255 255 255 255 255 229 147 063 006 000 000 000 000 000 000 000 000 000 000 000 000 000 000 000 000 000 000 000 000 000 151 255 255 
255 255 255 255 255 254 254 255 255 255 255 119 000 000 000 213 255 255 255 255 255 255 255 255 255 255 255 255 255 255 255 255 222 027 146 255 255 255 255 255 255 255 255 255 255 255 255 253 227 194 162 129 096 080 073 066 059 052 045 038 032 025 020 021 022 024 026 028 029 201 255 255 
255 255 255 255 255 255 255 255 255 255 255 095 000 000 000 213 255 255 255 255 255 255 255 255 255 255 255 255 255 255 255 255 255 224 254 255 255 255 255 255 255 255 255 255 255 255 255 255 255 255 255 255 255 255 255 255 255 255 255 255 255 255 255 255 255 255 255 255 255 255 255 255 
255 255 255 255 255 255 255 255 255 255 255 135 083 083 083 227 255 255 255 255 255 255 255 255 255 255 255 255 255 255 255 255 255 255 255 255 255 255 255 255 255 255 255 255 255 255 255 255 255 255 255 255 255 255 255 255 255 255 255 255 255 255 255 255 255 255 255 255 255 255 255 255 
255 255 255 255 255 255 255 255 255 255 255 255 255 255 255 255 255 255 255 255 255 255 255 255 255 255 255 255 255 255 255 255 255 255 255 255 255 255 255 255 255 255 255 255 255 255 255 255 255 255 255 255 255 255 255 255 255 255 255 255 255 255 255 255 255 255 255 255 255 255 255 255 
255 255 255 255 255 255 255 255 255 255 255 255 255 255 255 255 255 255 255 255 255 255 255 255 255 255 255 255 255 255 255 255 255 255 255 255 255 255 255 255 255 255 255 255 255 255 255 255 255 255 255 255 255 255 255 255 255 255 255 255 255 255 255 255 255 255 255 255 255 255 255 255 
255 255 255 255 255 255 255 255 255 255 255 255 255 255 255 255 255 255 255 255 255 255 255 255 255 255 255 255 255 255 255 255 255 255 255 255 255 255 255 255 255 255 255 255 255 255 255 255 255 255 255 255 255 255 255 255 255 255 255 255 255 255 255 255 255 255 255 255 255 255 255 255 
255 255 255 255 255 255 255 255 255 255 255 255 255 255 255 255 255 255 255 255 255 255 255 255 255 255 255 255 255 255 255 255 255 255 255 255 255 255 255 255 255 255 255 255 255 255 255 255 255 255 255 255 255 255 255 255 255 255 255 255 255 255 255 255 255 255 255 255 255 255 255 255 
255 255 255 255 255 255 255 255 255 255 255 255 255 255 255 255 255 255 255 255 255 255 255 255 255 255 255 255 255 255 255 255 255 255 255 255 255 255 255 255 255 255 255 255 255 255 255 255 255 255 255 255 255 255 255 255 255 255 255 255 255 255 255 255 255 255 255 255 255 255 255 255 
255 255 255 255 255 255 255 255 255 255 255 255 255 255 255 255 255 255 255 255 255 255 255 255 255 255 255 255 255 255 255 255 255 255 255 255 255 255 255 255 255 255 255 255 255 255 255 255 255 255 255 255 255 255 255 255 255 255 255 255 255 255 255 255 255 255 255 255 255 255 255 255 
255 255 255 255 255 255 255 255 255 255 255 255 255 255 255 255 255 255 255 255 255 255 255 255 255 255 255 255 255 255 255 255 255 255 255 255 255 255 255 255 255 255 255 255 255 255 255 255 255 255 255 255 255 255 255 255 255 255 255 255 255 255 255 255 255 255 255 255 255 255 255 255 
255 255 255 255 255 255 255 255 255 255 255 255 255 255 255 255 255 255 255 255 255 255 255 255 255 255 255 255 255 255 255 255 255 255 255 255 255 255 255 255 255 255 255 255 255 255 255 255 255 255 255 255 255 255 255 255 255 255 255 255 255 255 255 255 255 255 255 255 255 255 255 255 
255 255 255 255 255 255 255 255 255 255 255 255 255 255 255 255 255 255 255 255 255 255 255 255 255 255 255 255 255 255 255 255 255 255 255 255 255 255 255 255 255 255 255 255 255 255 255 255 255 255 255 255 255 255 255 255 255 255 255 255 255 255 255 255 255 255 255 255 255 255 255 255 
255 255 255 255 255 255 255 255 255 255 255 255 255 255 255 255 255 255 255 255 255 255 255 255 255 255 255 255 255 255 255 255 255 255 255 255 255 255 255 255 255 255 255 255 255 255 255 255 255 255 255 255 255 255 255 255 255 255 255 255 255 255 255 255 255 255 255 255 255 255 255 255 
255 255 255 255 255 255 255 255 255 255 255 255 255 255 255 255 255 255 255 255 255 255 255 255 255 255 255 255 255 255 255 255 255 255 255 255 255 255 255 255 255 255 255 255 255 255 255 255 255 255 255 255 255 255 255 255 255 255 255 255 255 255 255 255 255 255 255 255 255 255 255 255 
255 255 255 255 255 255 255 255 255 255 255 255 255 255 255 255 255 255 255 255 255 255 255 255 255 255 255 255 255 255 255 255 255 255 255 255 255 255 255 255 255 255 255 255 255 255 255 255 255 255 255 255 255 255 255 255 255 255 255 255 255 255 255 255 255 255 255 255 255 255 255 255 
255 255 255 255 255 255 255 255 255 255 255 255 255 255 255 255 255 255 255 255 255 255 255 255 255 255 255 255 255 255 255 255 255 255 255 255 255 255 255 255 255 255 255 255 255 255 255 255 255 255 255 255 255 255 255 255 255 255 255 255 255 255 255 255 255 255 255 255 255 255 255 255 
255 255 255 255 255 255 255 255 255 255 255 255 255 255 255 255 255 255 255 255 255 255 255 255 255 255 255 255 255 255 255 255 255 255 255 255 255 255 255 255 255 255 255 255 255 255 255 255 255 255 255 255 255 255 255 255 255 255 255 255 255 255 255 255 255 255 255 255 255 255 255 255 
255 255 255 255 255 255 255 255 255 255 255 255 255 255 255 255 255 255 255 255 255 255 255 255 255 255 255 255 255 255 255 255 255 255 255 255 255 255 255 255 255 255 255 255 255 255 255 255 255 255 255 255 255 255 255 255 255 255 255 255 255 255 255 255 255 255 255 255 255 255 255 255 
255 255 255 255 255 255 255 255 255 255 255 255 255 255 255 255 255 255 255 255 255 255 255 255 255 255 255 255 255 255 255 255 255 255 255 255 255 255 255 255 255 255 255 255 255 255 255 255 255 255 255 255 255 255 255 255 255 255 255 255 255 255 255 255 255 255 255 255 255 255 255 255 
255 255 255 255 255 255 255 255 255 255 255 255 255 255 255 255 255 255 255 255 255 255 255 255 255 255 255 255 255 255 255 255 255 255 255 255 255 255 255 255 255 255 255 255 255 255 255 255 255 255 255 255 255 255 255 255 255 255 255 255 255 255 255 255 255 255 255 255 255 255 255 255 
255 255 255 255 255 255 255 255 255 255 255 255 255 255 255 255 255 255 255 255 255 255 255 255 255 255 255 255 255 255 255 255 255 255 255 255 255 255 255 255 255 255 255 255 255 255 255 255 255 255 255 255 255 255 255 255 255 255 255 255 255 255 255 255 255 255 255 255 255 255 255 255 
255 255 255 255 255 255 255 255 255 255 255 255 255 255 255 255 255 255 255 255 255 255 255 255 255 255 255 255 255 255 255 255 255 255 255 255 255 255 255 255 255 255 255 255 255 255 255 255 255 255 255 255 255 255 255 255 255 255 255 255 255 255 255 255 255 255 255 255 255 255 255 255 
255 255 255 255 255 255 255 255 255 255 255 255 255 255 255 255 255 255 255 255 255 255 255 255 255 255 255 255 255 255 255 255 255 255 255 255 255 255 255 255 255 255 255 255 255 255 255 255 255 255 255 255 255 255 255 255 255 255 255 255 255 255 255 255 255 255 255 255 255 255 255 255 
255 255 255 255 255 255 255 255 255 255 255 255 255 255 255 255 255 255 255 255 255 255 255 255 255 255 255 255 255 255 255 255 255 255 255 255 255 255 255 255 255 255 255 255 255 255 255 255 255 255 255 255 255 255 255 255 255 255 255 255 255 255 255 255 255 255 255 255 255 255 255 255 
255 255 255 255 255 255 255 255 255 255 255 255 255 255 255 255 255 255 255 255 255 255 255 255 255 255 255 255 255 255 255 255 255 255 255 255 255 255 255 255 255 255 255 255 255 255 255 255 255 255 255 255 255 255 255 255 255 255 255 255 255 255 255 255 255 255 255 255 255 255 255 255 
255 255 255 255 255 255 255 255 255 255 255 255 255 255 255 255 255 255 255 255 255 255 255 255 255 255 255 255 255 255 255 255 255 255 255 255 255 255 255 255 255 255 255 255 255 255 255 255 255 255 255 255 255 255 255 255 255 255 255 255 255 255 255 255 255 255 255 255 255 255 255 255 
255 255 255 255 255 255 255 255 255 255 255 255 255 255 255 255 255 255 255 255 255 255 255 255 255 255 255 255 255 255 255 255 255 255 255 255 255 255 255 255 255 255 255 255 255 255 255 255 255 255 255 255 255 255 255 255 255 255 255 255 255 255 255 255 255 255 255 255 255 255 255 255 
255 255 255 255 255 255 255 255 255 255 255 255 255 255 255 255 255 255 255 255 255 255 255 255 255 255 255 255 255 255 255 255 255 255 255 255 255 255 255 255 255 255 255 255 255 255 255 255 255 255 255 255 255 255 255 255 255 255 255 255 255 255 255 255 255 255 255 255 255 255 255 255 
255 255 255 255 255 255 255 255 255 255 255 255 255 255 255 255 255 255 255 255 255 255 255 255 255 255 255 255 255 255 255 255 255 255 255 255 255 255 255 255 255 255 255 255 255 255 255 255 255 255 255 255 255 255 255 255 255 255 255 255 255 255 255 255 255 255 255 255 255 255 255 255 
255 255 255 255 255 255 255 255 255 255 255 255 255 255 255 255 255 255 255 255 255 255 255 255 255 255 255 255 255 255 255 255 255 255 255 255 255 255 255 255 255 255 255 255 255 255 255 255 255 255 255 255 255 255 255 255 255 255 255 255 255 255 255 255 255 255 255 255 255 255 255 255 
255 255 255 255 255 255 255 255 255 255 255 255 255 255 255 255 255 255 255 255 255 255 255 255 255 255 255 255 255 255 255 255 255 255 255 255 255 239 195 222 216 212 255 255 255 255 255 255 255 255 255 255 255 255 255 255 255 255 255 255 255 255 255 255 255 254 253 255 255 255 255 255 
255 255 255 255 255 255 255 255 255 255 255 255 255 255 255 255 255 255 255 255 255 255 255 255 255 255 255 255 255 255 255 255 255 255 255 255 255 219 000 000 000 073 255 255 255 255 255 255 255 255 255 255 255 255 255 255 255 255 255 255 255 255 255 255 201 054 137 255 255 255 255 255 
255 255 252 238 225 211 228 255 255 255 255 255 255 255 255 255 255 255 254 094 159 255 255 255 255 255 255 255 255 255 255 255 255 255 255 255 255 229 000 000 000 171 255 255 255 255 255 255 255 255 255 255 255 255 255 255 255 255 255 255 255 255 233 097 001 000 007 211 255 255 255 255 
023 010 000 000 000 000 125 255 255 255 255 255 255 255 255 255 255 255 128 000 000 098 247 255 255 255 255 252 255 255 255 255 255 255 255 255 255 231 000 000 000 182 255 255 255 255 255 255 255 255 255 255 252 255 255 255 255 255 255 255 255 255 201 003 000 000 000 049 250 255 255 255 
000 000 000 000 000 000 125 255 255 255 255 255 255 255 255 255 255 186 001 000 000 000 047 221 255 255 255 140 007 027 047 067 078 086 094 102 110 108 000 000 000 086 114 107 100 094 087 080 068 047 027 008 120 255 255 255 255 255 255 255 255 255 255 119 000 000 000 000 135 255 255 255 
000 000 000 000 000 000 125 255 255 255 255 255 255 255 255 255 255 252 141 009 000 000 000 020 194 255 255 140 000 000 000 000 000 000 000 000 000 000 000 000 000 000 000 000 000 000 000 000 000 000 000 000 120 255 255 255 255 255 255 255 255 255 255 248 042 000 000 000 009 222 255 255 
226 219 206 193 179 166 205 255 255 255 255 255 255 255 255 255 255 255 255 197 018 000 000 000 006 159 255 140 000 000 000 000 000 000 000 000 000 000 000 000 000 000 000 000 000 000 000 000 000 000 000 000 120 255 255 255 255 255 255 255 255 255 255 255 184 000 000 000 000 072 255 255 
255 255 255 255 255 255 255 255 255 255 255 255 255 255 255 255 255 255 255 255 215 031 000 000 000 015 235 200 146 166 185 204 213 220 228 235 242 228 000 000 000 178 244 238 232 227 221 215 203 184 166 147 191 255 255 255 255 255 255 255 255 255 255 255 255 067 000 000 000 079 244 255 
225 223 221 219 216 198 177 157 137 191 255 255 255 255 255 255 255 255 255 255 255 230 043 000 002 181 255 255 255 255 255 255 255 255 255 255 255 234 000 000 000 182 255 255 255 255 255 255 255 255 255 255 255 255 255 255 255 255 255 255 255 255 255 255 255 204 001 043 187 255 255 255 
000 000 000 000 000 000 000 000 000 131 255 255 255 255 255 255 255 255 255 255 255 255 226 025 136 255 255 255 252 199 221 244 255 255 255 255 255 234 000 000 000 182 255 255 255 255 255 254 237 217 197 250 255 255 255 255 255 255 255 255 255 255 255 255 255 255 184 252 255 255 255 255 
000 000 000 000 000 000 000 000 000 131 255 255 255 255 255 255 255 255 255 255 255 255 255 224 255 255 255 255 242 000 000 000 010 020 028 035 042 046 000 000 000 036 043 036 028 020 012 003 000 000 000 233 255 255 255 255 255 255 255 255 255 255 255 255 255 255 255 255 255 255 255 255 
098 098 098 098 098 071 000 000 000 131 255 255 255 255 255 255 255 255 255 255 255 255 255 255 255 255 255 255 242 000 000 000 000 000 000 000 000 000 000 000 000 000 000 000 000 000 000 000 000 000 000 233 255 255 255 255 255 255 255 255 255 255 255 255 255 255 255 255 255 255 255 255 
255 255 255 255 255 184 000 000 000 131 255 255 255 255 255 255 250 165 255 255 255 255 255 255 255 255 255 255 242 000 011 035 056 066 073 080 088 087 000 000 000 068 090 083 076 070 063 051 030 009 000 233 255 255 255 255 255 255 255 255 255 255 255 255 255 255 255 255 255 255 255 255 
071 063 055 154 255 184 000 000 000 131 255 255 255 255 255 255 130 000 072 230 255 255 255 255 255 255 255 255 254 244 255 255 255 255 255 255 255 234 000 000 000 182 255 255 255 255 255 255 255 255 243 253 255 255 255 255 255 255 255 065 096 116 120 124 121 117 105 068 192 255 255 255 
000 000 000 129 255 184 000 000 000 131 255 255 255 255 255 214 006 000 000 018 166 255 255 255 255 255 255 255 255 255 255 255 255 255 255 255 255 234 000 000 000 182 255 255 255 255 255 255 255 255 255 255 255 255 255 255 255 255 255 011 000 000 000 000 000 000 000 000 213 255 255 255 
095 087 078 165 255 184 000 000 000 131 255 255 255 255 255 133 001 000 000 000 000 069 218 255 255 191 042 059 077 094 111 119 125 132 139 146 152 146 000 000 000 115 156 150 145 140 135 129 124 109 090 071 052 090 255 255 255 255 255 011 000 000 000 000 000 000 000 000 247 255 255 255 
255 255 255 255 255 185 001 001 001 132 255 255 255 255 255 255 206 049 000 000 000 000 007 131 255 182 000 000 000 000 000 000 000 000 000 000 000 000 000 000 000 000 000 000 000 000 000 000 000 000 000 000 000 062 255 255 255 255 255 011 000 004 007 010 004 000 000 003 255 255 255 255 
255 255 255 255 255 255 255 255 255 255 255 255 255 255 255 255 255 249 119 002 000 000 000 126 255 182 000 000 000 000 000 000 000 000 000 000 000 000 000 000 000 000 000 000 000 000 000 000 000 000 000 000 000 062 255 255 255 255 255 218 246 255 255 255 086 000 000 010 255 255 255 255 
089 081 073 065 089 255 255 255 255 255 255 255 255 255 255 255 255 255 255 193 031 000 039 248 255 211 111 127 143 159 174 190 195 197 199 202 204 206 208 210 209 207 205 203 200 198 196 194 182 166 150 134 118 142 255 255 255 255 255 255 255 255 255 255 086 000 000 017 255 255 255 255 
000 000 000 000 038 255 255 255 255 255 255 255 255 255 255 255 255 255 255 255 235 061 193 255 255 255 255 255 255 255 255 255 255 255 255 255 255 255 255 255 255 255 255 255 255 255 255 255 255 255 255 255 255 255 255 255 255 255 255 255 255 255 255 255 086 000 000 018 255 255 255 255 
063 055 047 039 066 255 255 255 255 255 255 255 255 255 255 255 255 255 255 255 255 253 255 255 255 255 255 255 255 182 105 118 131 138 139 141 142 144 146 148 146 145 143 141 140 138 135 122 109 136 255 255 255 255 255 255 255 255 255 255 255 255 255 255 086 000 000 018 255 255 255 255 
255 255 255 255 255 255 255 255 255 255 255 255 255 255 255 255 255 255 255 255 255 255 255 255 255 255 255 255 255 153 000 000 000 000 000 000 000 000 000 000 000 000 000 000 000 000 000 000 000 071 255 255 255 255 255 255 255 255 255 255 255 255 255 255 086 000 000 018 255 255 255 255 
255 255 255 255 255 255 255 255 255 255 255 255 255 255 255 255 255 255 255 255 255 255 255 255 255 255 255 255 255 161 000 000 000 000 000 000 000 000 000 000 000 000 000 000 000 000 000 000 000 076 255 255 255 255 255 255 255 255 255 255 255 255 255 255 086 000 000 018 255 255 255 255 
255 255 255 255 255 255 255 255 255 255 255 255 255 255 255 255 255 255 255 255 186 162 255 255 255 255 255 255 255 163 000 000 000 201 224 224 224 224 224 224 224 224 224 224 224 224 071 000 000 078 255 255 255 255 255 255 255 255 255 255 255 255 255 255 086 000 000 018 255 255 255 255 
094 080 060 040 020 129 255 255 255 255 255 255 255 255 255 255 255 255 255 255 115 000 102 244 255 255 255 255 255 165 000 000 000 228 255 255 255 255 255 255 255 255 255 255 255 255 080 000 000 079 255 255 255 255 255 255 255 255 255 255 255 255 255 255 086 000 000 018 255 255 255 255 
000 000 000 000 000 160 255 255 255 255 255 255 255 255 255 255 255 255 255 255 047 000 000 024 215 255 255 255 255 165 000 000 000 211 235 235 235 235 235 235 235 235 235 235 235 235 074 000 000 079 255 255 255 255 255 255 255 255 255 255 255 255 255 255 086 000 000 018 255 255 255 255 
000 000 000 000 000 170 255 255 255 255 255 255 255 255 255 255 255 255 255 233 001 000 000 029 252 255 255 255 255 165 000 000 000 000 000 000 000 000 000 000 000 000 000 000 000 000 000 000 000 079 255 255 255 255 255 255 255 255 255 255 255 255 255 255 086 000 000 018 255 255 255 255 
195 111 000 000 000 171 255 255 255 255 255 255 255 255 255 255 255 255 255 147 000 000 000 128 255 255 255 255 255 165 000 000 000 000 000 000 000 000 000 000 000 000 000 000 000 000 000 000 000 079 255 255 255 255 255 255 255 255 255 255 255 255 255 255 086 000 000 018 255 255 255 237 
255 144 000 000 000 171 255 255 255 255 255 255 255 255 255 255 255 255 255 055 000 000 000 217 255 255 255 255 255 165 000 000 000 144 160 160 160 160 160 160 160 160 160 160 160 160 050 000 000 079 255 255 255 255 255 255 255 255 255 255 255 255 255 255 086 000 000 018 255 255 217 056 
255 144 000 000 000 171 255 255 255 255 255 255 255 255 255 255 255 255 217 000 000 000 049 255 255 255 255 255 255 165 000 000 000 228 255 255 255 255 255 255 255 255 255 255 255 255 080 000 000 079 255 255 255 255 255 255 255 255 255 255 255 255 255 255 086 000 000 018 255 230 034 000 
029 017 000 000 000 171 255 255 255 255 255 255 255 255 255 255 255 255 122 000 000 000 136 255 255 255 255 255 255 165 000 000 000 228 254 254 254 254 254 254 254 254 254 254 254 254 080 000 000 079 255 255 255 255 255 255 255 255 255 255 255 255 255 255 084 000 000 018 231 040 000 000 
000 000 000 000 000 171 255 255 255 255 255 255 255 255 255 255 255 250 024 000 000 000 223 255 255 255 255 255 255 165 000 000 000 000 000 000 000 000 000 000 000 000 000 000 000 000 000 000 000 079 255 255 255 255 255 255 255 255 255 255 255 255 255 255 073 000 000 011 041 000 000 000 
030 017 000 000 000 171 255 255 255 255 255 255 255 255 255 255 255 166 000 000 000 055 255 255 255 255 255 255 255 165 000 000 000 000 000 000 000 000 000 000 000 000 000 000 000 000 000 000 000 079 255 255 255 255 255 255 255 255 255 255 255 255 255 252 023 000 000 000 000 000 000 131 
255 144 000 000 000 171 255 255 255 255 255 255 255 255 255 255 252 040 000 000 000 140 255 255 255 255 255 255 255 165 000 000 000 116 129 129 129 129 129 129 129 129 129 129 129 129 041 000 000 079 255 255 255 255 255 255 255 255 255 255 255 255 255 185 000 000 000 000 000 000 133 255 
255 144 000 000 000 171 255 255 255 255 255 255 255 255 255 255 161 000 000 000 000 225 255 255 255 255 255 255 255 161 000 000 000 228 255 255 255 255 255 255 255 255 255 255 255 255 080 000 000 079 255 255 255 255 255 255 255 255 255 255 255 255 255 094 000 000 000 000 000 135 255 255 
255 144 000 000 000 171 255 255 255 255 255 255 255 255 255 247 034 000 000 000 055 255 255 255 255 255 255 255 255 157 000 000 000 228 255 255 255 255 255 255 255 255 255 255 255 255 063 000 000 080 255 255 255 255 255 255 255 255 255 255 255 255 182 003 000 000 000 000 137 255 255 255 
019 010 000 000 000 171 255 255 255 255 255 255 255 255 255 117 000 000 000 000 136 255 255 255 255 255 255 255 255 152 000 000 000 228 255 255 255 255 255 255 255 255 154 158 159 092 003 000 000 082 255 255 255 255 255 255 255 255 255 255 255 255 133 000 000 000 000 135 255 255 255 255 
000 000 000 000 000 171 255 255 255 255 255 255 255 255 255 226 094 001 000 000 215 255 255 255 255 255 255 255 255 136 000 000 000 228 255 255 255 255 255 255 255 255 103 000 000 000 000 000 000 118 255 255 255 255 255 255 255 255 255 255 255 255 255 087 000 000 124 255 255 255 255 255 
054 031 000 000 000 166 255 255 255 255 255 255 255 255 255 255 255 195 023 038 255 255 255 255 255 255 255 255 255 120 000 000 000 228 255 255 255 255 255 255 255 255 202 000 000 000 000 000 006 194 255 255 255 255 255 255 255 255 255 255 255 255 255 240 031 072 255 255 255 255 255 255 
255 144 000 000 000 148 255 255 255 255 255 255 255 255 255 255 255 255 227 160 255 255 255 255 255 255 255 255 255 124 030 030 030 232 255 255 255 255 255 255 255 255 255 032 000 000 011 073 195 255 255 255 255 255 255 255 255 255 255 255 255 255 255 255 181 230 255 255 255 255 255 255 
255 181 084 084 084 163 255 255 255 255 255 255 255 255 255 255 255 255 255 255 255 255 255 255 255 255 255 255 255 255 255 255 255 255 255 255 255 255 255 255 255 255 255 160 152 195 249 255 255 255 255 255 255 255 255 255 255 255 255 255 255 255 255 255 255 255 255 255 255 255 255 255 
255 255 255 255 255 255 255 255 255 255 255 255 255 255 255 255 255 255 255 255 255 255 255 255 255 255 255 255 255 255 255 255 255 255 255 255 255 255 255 255 255 255 255 255 255 255 255 255 255 255 255 255 255 255 255 255 255 255 255 255 255 255 255 255 255 255 255 255 255 255 255 255 
255 255 255 255 255 255 255 255 255 255 255 255 255 255 255 255 255 255 255 255 255 255 255 255 255 255 255 255 255 255 255 255 255 255 255 255 255 255 255 255 255 255 255 255 255 255 255 255 255 255 255 255 255 255 255 255 255 255 255 255 255 255 255 255 255 255 255 255 255 255 255 255 
255 255 255 255 255 255 255 255 255 255 255 255 255 255 255 255 255 255 255 255 255 255 255 255 255 255 255 255 255 255 255 255 255 255 255 255 255 255 255 255 255 255 255 255 255 255 255 255 255 255 255 255 255 255 255 255 255 255 255 255 255 255 255 255 255 255 255 255 255 255 255 255 
255 255 255 255 255 255 255 255 255 255 255 255 255 255 255 255 255 255 255 255 255 255 255 255 255 255 255 255 255 255 255 255 255 255 255 255 255 255 255 255 255 255 255 255 255 255 255 255 255 255 255 255 255 255 255 255 255 255 255 255 255 255 255 255 255 255 255 255 255 255 255 255 
255 255 255 255 255 255 255 255 255 255 255 255 255 255 255 255 255 255 255 255 255 255 255 255 255 255 255 255 255 255 255 255 255 255 255 255 255 255 255 255 255 255 255 255 255 255 255 255 255 255 255 255 255 255 255 255 255 255 255 255 255 255 255 255 255 255 255 255 255 255 255 255 
255 255 255 255 255 255 255 255 255 255 255 255 255 255 255 255 255 255 255 255 255 255 255 255 255 255 255 255 255 255 255 255 255 255 255 255 255 255 255 255 255 255 255 255 255 255 255 255 255 255 255 255 255 255 255 255 255 255 255 255 255 255 255 255 255 255 255 255 255 255 255 255 
255 255 255 255 255 255 255 255 255 255 255 255 255 255 255 255 255 255 255 255 255 255 255 255 255 255 255 255 255 255 255 255 255 255 255 255 255 255 255 255 255 255 255 255 255 255 255 255 255 255 255 255 255 255 255 255 255 255 255 255 255 255 255 255 255 255 255 255 255 255 255 255 
255 255 255 255 255 255 255 255 255 255 255 255 255 255 255 255 255 255 255 255 255 255 255 255 255 255 255 255 255 255 255 255 255 255 255 255 255 255 255 255 255 255 255 255 255 255 255 255 255 255 255 255 255 255 255 255 255 255 255 255 255 255 255 255 255 255 255 255 255 255 255 255 
255 255 255 255 255 255 255 255 255 255 255 255 255 255 255 255 255 255 255 255 255 255 255 255 255 255 255 255 255 255 255 255 255 255 255 255 255 255 255 255 255 255 255 255 255 255 255 255 255 255 255 255 255 255 255 255 255 255 255 255 255 255 255 255 255 255 255 255 255 255 255 255 
255 255 255 255 255 255 255 255 255 255 255 255 255 255 255 255 255 255 255 255 255 255 255 255 255 255 255 255 255 255 255 255 255 255 255 255 255 255 255 255 255 255 255 255 255 255 255 255 255 255 255 255 255 255 255 255 255 255 255 255 255 255 255 255 255 255 255 255 255 255 255 255 
255 255 255 255 255 255 255 255 255 255 255 255 255 255 255 255 255 255 255 255 255 255 255 255 255 255 255 255 255 255 255 255 255 255 255 255 255 255 255 255 255 255 255 255 255 255 255 255 255 255 255 255 255 255 255 255 255 255 255 255 255 255 255 255 255 255 255 255 255 255 255 255 
255 255 255 255 255 255 255 255 255 255 255 255 255 255 255 255 255 255 255 255 255 255 255 255 255 255 255 255 255 255 255 255 255 255 255 255 255 255 255 255 255 255 255 255 255 255 255 255 255 255 255 255 255 255 255 255 255 255 255 255 255 255 255 255 255 255 255 255 255 255 255 255 
255 255 255 255 255 255 255 255 255 255 255 255 255 255 255 255 255 255 255 255 255 255 255 255 255 255 255 255 255 255 255 255 255 255 255 255 255 255 255 255 255 255 255 255 255 255 255 255 255 255 255 255 255 255 255 255 255 255 255 255 255 255 255 255 255 255 255 255 255 255 255 255 
255 255 255 255 255 255 255 255 255 255 255 255 255 255 255 255 255 255 255 255 255 255 255 255 255 255 255 255 255 255 255 255 255 255 255 255 255 255 255 255 255 255 255 255 255 255 255 255 255 255 255 255 255 255 255 255 255 255 255 255 255 255 255 255 255 255 255 255 255 255 255 255 
255 255 255 255 255 255 255 255 255 255 255 255 255 255 255 255 255 255 255 255 255 255 255 255 255 255 255 255 255 255 255 255 255 255 255 255 255 255 255 255 255 255 255 255 255 255 255 255 255 255 255 255 255 255 255 255 255 255 255 255 255 255 255 255 255 255 255 255 255 255 255 255 
255 255 255 255 255 255 255 255 255 255 255 255 255 255 255 255 255 255 255 255 255 255 255 255 255 255 255 255 255 255 255 255 255 255 255 255 255 255 255 255 255 255 255 255 255 255 255 255 255 255 255 255 255 255 255 255 255 255 255 255 255 255 255 255 255 255 255 255 255 255 255 255 
255 255 255 255 255 255 255 255 255 255 255 255 255 255 255 255 255 255 255 255 255 255 255 255 255 255 255 255 255 255 255 255 255 255 255 255 255 255 255 255 255 255 255 255 255 255 255 255 255 255 255 255 255 255 255 255 255 255 255 255 255 255 255 255 255 255 255 255 255 255 255 255 
255 255 255 255 255 255 255 255 255 255 255 255 255 255 255 255 255 255 255 255 255 255 255 255 255 255 255 255 255 255 255 255 255 255 255 255 255 255 255 255 255 255 255 255 255 255 255 255 255 255 255 255 255 255 255 255 255 255 255 255 255 255 255 255 255 255 255 255 255 255 255 255 
255 255 255 255 255 255 255 255 255 255 255 255 255 255 255 255 255 255 255 255 255 255 255 255 255 255 255 255 255 255 255 255 255 255 255 255 255 255 255 255 255 255 255 255 255 255 255 255 255 255 255 255 255 255 255 255 255 255 255 255 255 255 255 255 255 255 255 255 255 255 255 255 
255 255 255 255 255 255 255 255 255 255 255 255 255 255 255 255 255 255 255 255 255 255 255 255 255 255 255 255 255 255 255 255 255 255 255 255 255 255 255 255 255 255 255 255 255 255 255 255 255 255 255 255 255 255 255 255 255 255 255 255 255 255 255 255 255 255 255 255 255 255 255 255 
255 255 255 255 255 255 255 255 255 255 255 255 255 255 255 255 255 255 255 255 255 255 255 255 255 255 255 255 255 255 255 255 255 255 255 255 255 255 255 255 255 255 255 255 255 255 255 255 255 255 255 255 255 255 255 255 255 255 255 255 255 255 255 255 255 255 255 255 255 255 255 255 
255 255 255 255 255 255 255 255 255 255 255 255 255 255 255 255 255 255 255 255 255 255 255 255 255 255 255 255 255 255 255 255 255 255 255 255 255 255 255 255 255 255 255 255 255 255 255 255 255 255 255 255 255 255 255 255 255 255 255 255 255 255 255 255 255 255 255 255 255 255 255 255 
255 255 255 255 255 255 255 255 255 255 255 255 255 255 255 255 255 255 255 255 255 255 255 255 255 255 255 255 255 255 255 255 255 255 255 255 255 255 255 255 255 255 255 255 255 255 255 255 255 255 255 255 255 255 255 255 255 255 255 255 255 255 255 255 255 255 255 255 255 255 255 255 
255 255 255 255 255 255 255 255 255 255 255 255 255 255 255 255 255 255 255 255 255 255 255 255 255 255 255 255 255 255 255 255 255 255 255 255 255 255 255 255 255 255 255 255 255 255 255 255 255 255 255 255 255 255 255 255 255 255 255 255 255 255 255 255 255 255 255 255 255 255 255 255 
255 255 255 255 255 255 255 255 255 255 255 255 255 255 255 255 255 255 255 255 255 255 255 255 255 255 255 255 255 255 255 255 255 255 255 255 255 255 255 255 255 255 255 255 255 255 255 255 255 255 255 255 255 255 255 255 255 255 255 255 255 255 255 255 255 255 255 255 255 255 255 255 
255 255 255 255 255 255 255 255 255 255 255 255 255 255 255 255 255 255 255 255 255 255 255 255 255 255 255 255 255 255 255 255 255 255 255 255 255 255 255 255 255 255 255 255 255 255 255 255 255 255 255 255 255 255 255 255 255 255 255 255 255 255 255 255 255 255 255 255 255 255 255 255 
255 255 255 255 255 255 255 255 255 255 255 255 255 255 255 255 255 255 255 255 255 255 255 255 255 255 255 255 255 255 255 255 255 255 255 255 255 255 255 255 255 255 255 255 255 255 255 255 255 255 255 255 255 255 255 255 255 255 255 255 255 255 255 255 255 255 255 255 255 255 255 255 
255 255 255 255 255 255 255 255 255 255 255 255 255 255 255 255 255 255 255 255 255 255 255 255 255 255 255 255 255 255 255 255 255 255 255 255 255 255 255 255 255 255 255 255 255 255 255 255 255 255 255 255 255 255 255 255 255 255 255 255 255 255 255 255 255 255 255 255 255 255 255 255 
255 229 255 255 255 255 255 255 255 255 255 255 255 255 255 255 255 255 255 255 255 255 255 255 255 255 255 255 255 255 255 255 255 255 255 255 255 255 255 255 255 255 255 255 255 255 255 255 255 255 255 255 255 255 255 255 255 255 255 255 255 255 255 255 255 255 255 255 146 167 253 255 
254 029 059 177 252 255 255 255 255 255 255 255 255 255 255 255 255 255 255 255 255 255 255 255 255 255 255 255 255 255 255 255 255 255 255 255 255 255 255 255 255 255 255 255 255 255 255 255 255 255 255 255 255 255 255 255 255 255 255 255 255 255 255 255 255 255 255 248 020 000 035 132 
191 000 000 000 024 114 247 255 255 255 255 255 255 255 255 255 255 255 255 255 180 206 235 254 255 255 255 255 255 255 255 255 255 255 255 246 216 185 236 255 195 184 211 235 242 248 254 255 255 255 251 247 240 215 185 203 255 255 255 255 255 255 255 255 255 255 255 154 000 000 000 097 
099 000 000 000 003 141 251 255 255 255 255 255 255 255 255 255 255 255 255 255 006 000 000 000 001 005 009 013 016 018 013 010 006 002 000 000 000 000 206 255 117 000 000 000 000 000 000 006 005 001 000 000 000 000 000 170 255 255 255 255 255 255 255 255 255 255 248 029 000 000 079 255 
015 000 000 000 121 255 255 255 255 255 255 255 255 255 255 255 255 255 255 255 006 000 000 000 000 000 000 000 000 000 000 000 000 000 000 000 000 000 214 255 154 000 000 000 000 000 000 000 000 000 000 000 000 000 011 245 255 255 255 255 255 255 255 255 255 255 145 000 000 014 219 242 
000 000 000 044 249 255 255 255 255 255 255 255 255 255 255 255 255 255 255 255 007 014 030 035 038 018 000 000 005 041 041 041 041 041 026 000 000 000 223 255 168 000 000 000 000 000 000 000 000 000 000 000 000 000 086 255 255 255 255 255 255 255 255 255 255 241 023 000 000 000 000 000 
000 000 004 205 255 255 255 255 255 255 255 255 255 255 255 255 255 255 255 255 250 255 255 255 255 117 000 000 036 255 255 255 255 255 158 000 000 000 231 255 177 000 000 000 170 230 230 230 230 230 087 000 000 000 173 255 255 255 255 255 255 255 255 255 255 100 000 000 000 000 000 000 
000 000 124 255 255 255 255 255 255 255 255 255 255 255 255 255 255 255 255 255 255 255 255 255 255 123 000 000 038 255 255 255 255 255 153 000 000 000 239 255 183 000 000 000 188 255 255 255 255 254 026 000 000 012 247 255 255 255 255 255 255 255 255 255 184 000 000 001 125 139 139 139 
000 045 250 255 255 255 255 255 255 255 255 255 255 255 255 255 255 255 255 255 255 255 255 255 255 128 000 000 040 255 255 255 255 255 148 000 000 000 248 255 183 000 000 000 188 255 255 255 255 204 000 000 000 089 255 255 255 255 255 255 255 255 255 234 028 000 000 103 255 255 255 255 
000 195 255 255 255 255 255 119 231 255 255 255 255 255 255 255 255 255 255 255 255 255 255 255 255 131 000 000 043 255 255 255 255 255 142 000 000 001 255 255 183 000 000 000 188 255 255 255 255 128 000 000 000 175 255 255 255 255 255 255 255 255 245 055 000 000 031 241 255 255 255 255 
089 255 255 255 255 255 201 000 023 179 255 255 255 255 255 255 255 255 255 255 255 255 255 255 255 128 000 000 049 255 255 255 255 255 137 000 000 008 255 255 183 000 000 000 188 255 255 255 255 053 000 000 013 248 255 255 255 255 255 255 255 253 079 000 000 003 195 255 255 255 255 255 
227 255 255 255 255 251 052 000 000 000 060 231 255 255 255 255 255 255 255 183 186 209 226 232 238 121 000 000 053 245 245 245 245 245 127 000 000 017 255 255 183 000 000 000 188 255 255 255 232 001 000 000 091 255 255 255 255 255 255 255 248 080 000 000 000 054 155 155 155 155 155 155 
255 255 255 255 255 132 000 000 000 007 157 251 255 255 255 255 255 255 255 049 000 000 000 000 000 000 000 000 000 000 000 000 000 000 000 000 000 025 255 255 183 000 000 000 188 255 255 255 157 000 000 000 177 255 255 255 255 255 255 255 255 140 000 000 057 000 000 000 000 000 000 000 
255 255 255 255 210 006 000 000 001 167 255 255 255 255 255 255 255 255 255 049 000 000 000 000 000 000 000 000 000 000 000 000 000 000 000 000 000 034 255 255 183 000 000 000 188 255 255 255 081 000 000 015 248 255 255 255 255 255 255 255 255 255 128 021 224 000 000 000 000 000 000 000 
255 255 255 244 049 000 000 000 132 255 255 255 255 255 255 255 255 255 255 049 006 030 048 056 064 031 000 000 030 083 083 083 083 083 034 000 000 042 255 255 183 000 000 000 188 255 255 249 012 000 000 093 255 255 255 255 255 255 255 255 255 255 252 208 254 000 000 026 228 228 228 058 
045 027 008 000 000 000 000 097 255 255 255 255 255 255 255 255 255 255 255 241 254 255 255 255 255 104 000 000 101 255 255 255 255 255 101 000 000 050 255 255 183 000 000 000 188 255 255 185 000 000 000 179 255 255 255 255 255 255 255 255 255 255 255 255 254 000 000 029 255 255 255 064 
000 000 000 000 000 000 067 250 255 255 255 255 255 255 255 255 255 255 255 255 255 255 255 255 255 091 000 000 114 255 255 255 255 255 095 000 000 059 255 255 183 000 000 000 188 255 255 109 000 000 016 249 255 255 255 255 255 255 255 255 255 255 255 255 254 000 000 029 255 255 255 064 
000 001 000 000 000 042 240 255 255 255 255 255 255 255 255 255 255 255 255 255 255 255 255 255 255 079 000 000 127 255 255 255 255 255 090 000 000 067 255 255 183 000 000 000 188 255 255 055 000 000 050 254 255 255 255 255 255 255 255 255 255 255 255 255 254 000 000 029 255 255 255 064 
216 079 000 000 021 223 255 255 255 255 255 255 255 255 255 255 255 255 255 255 255 255 255 255 255 055 000 000 147 255 255 255 255 255 080 000 000 076 255 255 183 000 000 000 188 255 255 194 003 000 000 126 255 255 255 255 255 255 255 255 255 255 255 255 254 000 000 019 167 167 167 042 
144 000 000 004 191 255 255 255 255 255 255 255 255 255 255 255 255 255 255 255 255 255 255 255 255 028 000 000 170 255 255 255 255 255 070 000 000 086 255 255 183 000 000 000 188 255 255 255 133 000 000 001 186 255 255 255 255 255 255 255 255 255 255 255 254 000 000 000 000 000 000 000 
005 000 000 144 255 255 255 255 255 255 255 255 255 255 255 255 255 255 250 036 058 081 092 101 109 004 000 000 084 114 114 114 114 114 028 000 000 097 255 255 183 000 000 000 188 255 255 255 252 049 000 000 030 241 255 255 255 255 255 255 255 255 255 255 254 000 000 000 000 000 000 000 
000 000 094 255 255 255 255 255 255 255 255 255 255 255 255 255 255 255 249 000 000 000 000 000 000 000 000 000 000 000 000 000 000 000 000 000 000 108 255 255 183 000 000 000 188 255 255 255 255 206 004 000 000 101 255 255 255 255 255 255 255 255 255 255 254 000 000 028 239 239 239 060 
000 052 247 255 255 255 255 255 255 255 255 255 255 255 255 255 255 255 249 000 000 000 000 000 000 000 000 000 000 000 000 000 000 000 000 000 000 119 255 255 183 000 000 000 188 255 255 255 255 255 114 000 000 000 208 255 255 255 255 255 255 255 255 255 254 000 000 029 255 255 255 064 
022 226 255 255 255 255 255 255 255 255 255 255 255 255 255 255 255 255 252 125 149 172 187 200 100 000 000 050 224 224 224 224 224 224 031 000 000 131 255 255 183 000 000 000 188 255 255 255 255 255 229 004 000 000 097 255 255 255 255 255 255 255 255 255 254 000 000 029 255 255 255 064 
193 255 255 255 255 255 255 255 255 255 255 255 255 255 255 255 255 255 255 255 255 255 255 255 069 000 000 102 255 255 255 255 255 255 025 000 000 142 255 255 183 000 000 000 188 255 255 255 255 255 255 084 000 000 007 242 255 255 255 255 255 255 255 255 250 000 000 029 255 255 255 064 
162 168 161 148 134 121 107 094 067 036 097 255 255 255 255 255 255 255 255 255 255 255 255 240 008 000 000 157 255 255 255 255 255 255 016 000 000 153 255 255 183 000 000 000 188 255 255 255 255 255 255 137 000 000 000 196 255 255 255 255 255 255 255 255 246 000 000 010 089 089 089 022 
000 000 000 000 000 000 000 000 000 000 099 255 255 255 255 255 255 255 255 255 255 255 255 157 000 000 001 230 255 255 255 255 255 255 007 000 000 164 255 255 183 000 000 000 188 255 255 255 255 255 255 151 000 000 000 152 255 255 255 255 255 255 255 255 227 000 000 000 000 000 000 000 
000 000 000 000 000 000 000 000 000 000 089 255 255 255 255 255 255 255 255 255 255 255 255 065 000 000 051 255 255 255 255 255 255 250 000 000 000 175 255 255 183 000 000 000 188 255 255 255 255 255 255 109 000 000 000 140 255 255 255 255 255 255 255 255 198 000 000 005 027 027 027 007 
136 138 138 138 138 138 138 138 138 138 170 255 255 255 255 255 255 255 255 255 255 255 205 001 000 000 127 255 255 255 255 255 255 237 000 000 000 186 255 255 183 000 000 000 188 255 255 255 255 255 244 023 000 000 000 149 255 255 255 255 255 255 255 255 169 000 000 072 255 255 255 062 
255 255 255 255 255 255 255 255 255 255 255 255 255 255 255 255 255 255 255 255 255 255 062 000 000 003 220 255 255 255 255 255 255 224 000 000 000 197 255 255 183 000 000 000 188 253 255 255 255 220 078 000 000 000 000 193 255 255 255 255 255 255 255 255 141 000 000 104 255 255 255 060 
255 255 255 255 255 255 255 255 255 255 255 255 255 255 255 255 255 255 255 255 255 171 000 000 000 086 255 255 255 255 255 255 255 210 000 000 000 208 255 255 183 000 000 000 188 245 053 020 006 000 000 000 000 000 043 255 255 255 255 255 255 255 255 255 089 000 000 138 255 255 255 058 
255 255 255 255 255 255 255 255 255 255 255 255 255 255 255 255 255 255 255 255 218 016 000 000 000 207 255 255 255 255 255 255 255 160 000 000 000 221 255 255 179 000 000 000 188 255 189 000 000 000 000 000 000 001 164 255 255 255 255 255 255 255 255 255 023 000 000 203 255 255 255 056 
255 255 255 255 255 255 255 255 255 255 255 255 255 255 255 255 255 255 255 241 041 000 000 000 079 255 255 255 255 255 255 255 207 041 000 000 005 245 255 255 176 000 000 000 188 255 255 040 000 000 000 000 009 169 255 255 255 255 255 255 255 255 255 210 000 000 025 254 255 255 255 054 
255 255 255 255 255 255 255 255 255 253 237 218 239 255 255 255 255 255 244 064 000 000 000 017 230 255 255 255 139 056 043 015 000 000 000 000 062 255 255 255 172 000 000 000 188 255 255 126 000 000 037 117 213 255 255 255 255 255 255 255 255 255 255 131 000 000 101 255 255 255 255 053 
072 065 058 051 044 037 030 023 016 002 000 000 171 255 255 255 255 255 203 025 000 000 000 164 255 255 255 255 243 016 000 000 000 000 000 004 172 255 255 255 169 000 000 000 188 255 255 224 191 220 255 255 255 255 255 255 255 255 255 255 255 255 246 022 000 000 177 255 255 255 255 041 
000 000 000 000 000 000 000 000 000 000 000 000 171 255 255 255 255 255 255 219 025 000 084 255 255 255 255 255 255 108 000 000 000 000 027 180 255 255 255 255 164 000 000 000 188 255 255 255 255 255 255 255 255 255 255 255 255 255 255 255 255 255 146 000 000 008 245 255 255 255 255 020 
000 000 000 000 000 000 000 000 000 000 000 000 171 255 255 255 255 255 255 255 207 053 244 255 255 255 255 255 255 190 000 026 100 190 253 255 255 255 255 255 146 000 000 000 188 255 255 255 255 255 255 255 255 255 255 255 255 255 255 255 255 235 024 000 000 075 255 255 255 255 255 094 
114 112 111 109 108 101 088 075 062 049 036 023 176 255 255 255 255 255 255 255 255 247 255 255 255 255 255 255 255 242 221 255 255 255 255 255 255 255 255 255 128 000 000 000 188 255 255 255 255 255 255 255 255 255 255 255 255 255 255 255 255 195 033 000 000 185 255 255 255 255 255 255 
255 255 255 255 255 255 255 255 255 255 255 255 255 255 255 255 255 255 255 255 255 255 255 255 255 255 255 255 255 255 255 255 255 255 255 255 255 255 255 255 110 000 000 000 188 255 255 255 255 255 255 255 255 255 255 255 255 255 255 255 255 255 240 077 058 255 255 255 255 255 255 255 
255 255 255 255 255 255 255 255 255 255 255 255 255 255 255 255 255 255 255 255 255 255 255 255 255 255 255 255 255 255 255 255 255 255 255 255 255 255 255 255 092 000 000 000 188 255 255 255 255 255 255 255 255 255 255 255 255 255 255 255 255 255 255 250 213 255 255 255 255 255 255 255 
255 255 255 255 255 255 255 255 255 255 255 255 255 255 255 255 255 255 255 255 255 255 255 255 255 255 255 255 255 255 255 255 255 255 255 255 255 255 255 255 137 084 084 084 211 255 255 255 255 255 255 255 255 255 255 255 255 255 255 255 255 255 255 255 255 255 255 255 255 255 255 255 
255 255 255 255 255 255 255 255 255 255 255 255 255 255 255 255 255 255 255 255 255 255 255 255 255 255 255 255 255 255 255 255 255 255 255 255 255 255 255 255 255 255 255 255 255 255 255 255 255 255 255 255 255 255 255 255 255 255 255 255 255 255 255 255 255 255 255 255 255 255 255 255 
255 255 255 255 255 255 255 255 255 255 255 255 255 255 255 255 255 255 255 255 255 255 255 255 255 255 255 255 255 255 255 255 255 255 255 255 255 255 255 255 255 255 255 255 255 255 255 255 255 255 255 255 255 255 255 255 255 255 255 255 255 255 255 255 255 255 255 255 255 255 255 255 
