255 255 255 255 255 255 255 255 255 255 255 255 255 200 224 254 255 255 255 255 255 255 255 255 255 255 255 255 255 255 255 255 255 255 255 255 255 255 255 255 255 255 255 255 255 255 255 255 255 255 255 255 255 255 255 005 001 030 045 080 255 255 255 255 255 255 255 255 255 255 255 255 
213 255 255 255 255 255 255 255 255 255 255 255 255 067 000 004 011 068 255 255 255 255 255 255 255 255 255 255 255 255 255 255 255 255 255 255 255 255 255 255 240 255 255 255 255 255 255 255 255 255 255 255 255 255 244 000 000 000 000 172 255 255 255 255 255 255 255 255 255 255 255 255 
000 070 255 255 255 255 255 255 255 255 255 255 255 108 000 000 000 228 255 255 255 255 255 255 255 255 255 255 255 255 255 255 255 255 255 255 254 198 118 039 046 255 255 255 255 255 255 255 255 255 255 255 255 255 215 000 000 000 043 255 255 255 255 255 255 255 255 255 255 255 255 255 
010 227 255 255 255 255 255 255 255 255 255 255 255 120 000 000 000 250 255 255 255 255 255 255 255 255 255 255 255 255 255 255 255 255 255 255 241 009 000 000 000 220 255 255 255 255 255 255 255 255 255 255 255 255 182 000 000 000 144 255 255 255 255 255 255 255 255 255 255 255 255 255 
116 255 255 255 255 255 255 255 255 255 255 255 255 124 000 000 000 250 255 255 255 255 255 255 255 255 255 255 255 255 255 255 255 255 255 255 255 090 000 000 000 137 255 255 255 255 255 220 201 201 201 201 201 201 121 000 000 001 182 198 196 195 193 192 190 182 174 165 211 255 255 255 
219 255 255 255 255 255 255 255 255 255 255 255 255 129 000 000 000 250 255 255 255 255 255 255 255 255 255 255 255 255 255 255 255 255 255 255 255 169 000 000 000 055 255 255 255 255 255 085 000 000 000 000 000 000 000 000 000 000 000 000 000 000 000 000 000 000 000 000 136 255 255 255 
255 255 255 255 255 255 255 255 255 255 255 255 255 132 000 000 000 250 255 255 255 255 255 255 255 255 255 255 255 255 255 255 255 255 255 255 255 238 003 000 000 001 225 255 255 255 255 085 000 000 000 000 000 000 000 000 000 000 000 000 000 000 000 000 000 000 000 000 136 255 255 255 
255 255 255 255 255 255 255 255 255 255 255 255 255 132 000 000 000 250 255 255 255 255 255 255 255 255 255 255 255 255 255 255 255 255 255 255 255 255 057 000 000 000 141 255 255 255 255 085 000 000 021 104 104 104 104 104 104 104 104 104 104 104 104 104 104 000 000 000 136 255 255 255 
152 152 152 152 152 151 149 148 146 139 183 255 255 132 000 000 000 250 255 255 255 255 255 255 255 255 255 255 255 255 255 255 255 255 255 255 255 255 129 000 000 000 056 255 255 255 255 085 000 000 052 255 255 255 255 255 255 255 255 255 255 255 255 255 255 001 000 000 136 255 255 255 
000 000 000 000 000 000 000 000 000 000 135 255 255 132 000 000 000 250 255 255 255 255 255 255 255 255 255 255 255 255 255 255 255 255 255 255 255 255 189 000 000 000 006 235 255 255 255 085 000 000 052 255 255 255 255 255 255 255 255 255 255 255 255 255 255 001 000 000 136 255 255 255 
000 000 000 000 000 000 000 000 000 000 177 255 255 132 000 000 000 250 255 254 214 255 255 255 255 255 255 255 255 255 255 255 255 255 255 255 255 255 241 024 096 171 241 255 255 255 255 085 000 000 052 255 255 255 255 255 255 255 255 255 255 255 255 255 255 001 000 000 136 255 255 255 
075 075 075 075 075 075 048 000 000 000 219 255 255 132 000 000 000 250 246 084 007 179 255 255 255 255 255 255 255 255 255 255 255 255 255 255 255 255 255 254 255 255 255 255 255 255 255 085 000 000 052 255 255 255 255 255 255 255 255 255 255 255 255 255 255 001 000 000 136 255 255 255 
255 255 255 255 255 255 145 000 000 013 253 255 255 132 000 000 000 234 054 000 000 005 171 255 255 255 255 255 255 255 255 255 255 255 255 255 255 255 255 255 255 255 255 255 255 255 255 085 000 000 044 215 215 215 215 215 215 215 215 215 215 215 215 215 215 001 000 000 136 255 255 255 
255 255 255 255 255 255 117 000 000 071 255 255 255 132 000 000 000 249 102 000 000 000 003 164 255 255 255 255 255 255 255 255 255 255 255 255 255 255 255 255 255 255 255 255 255 255 255 085 000 000 000 000 000 000 000 000 000 000 000 000 000 000 000 000 000 000 000 000 136 255 255 255 
255 255 255 255 255 255 066 000 000 131 255 255 255 132 000 000 000 250 254 108 000 000 000 002 157 255 255 255 255 255 255 255 255 255 255 255 255 255 255 255 255 255 255 255 255 255 255 085 000 000 000 000 000 000 000 000 000 000 000 000 000 000 000 000 000 000 000 000 136 255 255 255 
255 255 255 255 255 252 012 000 000 192 255 255 255 132 000 000 000 250 255 255 100 000 000 000 002 165 255 255 255 255 255 255 255 255 119 090 105 105 105 105 104 086 161 255 255 255 255 085 000 000 019 091 091 091 091 091 091 091 091 091 091 091 090 089 088 087 081 069 165 255 255 255 
255 255 255 255 255 207 000 000 006 246 255 255 255 132 000 000 000 250 255 255 252 081 000 000 000 004 175 255 255 255 255 255 255 255 065 000 000 000 000 000 000 000 159 255 255 255 255 085 000 000 052 255 255 255 255 255 255 255 255 255 255 255 255 255 255 255 255 255 255 255 255 255 
255 255 255 255 255 150 000 000 057 255 255 255 255 132 000 000 000 250 255 255 255 248 064 000 000 000 006 183 255 255 255 255 255 255 065 000 000 000 000 000 000 000 192 255 255 255 255 085 000 000 052 255 255 255 255 255 255 255 255 255 255 255 255 255 255 255 255 255 255 255 255 255 
255 255 255 255 255 073 000 000 119 255 255 255 255 132 000 000 000 250 255 255 255 255 241 048 000 000 000 009 191 255 255 255 255 255 071 029 037 039 024 000 000 000 201 255 255 255 255 085 000 000 052 255 255 255 255 255 255 255 255 255 255 255 255 255 255 255 255 255 255 255 255 255 
255 255 255 255 236 005 000 000 201 255 255 255 255 132 000 000 000 250 255 255 255 255 255 230 027 000 000 019 179 255 255 255 255 255 255 255 255 255 149 000 000 000 206 255 255 255 255 085 000 000 021 103 103 103 103 103 103 103 103 103 103 103 103 103 102 098 094 087 068 129 255 255 
255 255 255 255 152 000 000 036 255 255 255 255 255 132 000 000 000 250 255 255 255 255 255 255 203 009 064 228 255 255 255 255 255 255 255 255 255 255 149 000 000 000 210 255 255 255 255 085 000 000 000 000 000 000 000 000 000 000 000 000 000 000 000 000 000 000 000 000 000 119 255 255 
255 255 255 255 064 000 000 124 255 255 255 255 255 132 000 000 000 250 255 255 255 255 255 255 255 209 253 255 255 255 255 255 255 255 255 255 255 255 149 000 000 000 210 255 255 255 255 085 000 000 000 000 000 000 000 000 000 000 000 000 000 000 000 000 000 000 000 000 000 123 255 255 
255 255 255 215 001 000 000 214 255 255 255 255 255 132 000 000 000 250 255 255 255 255 255 255 255 255 255 255 255 255 255 255 255 255 255 255 255 255 149 000 000 000 210 255 255 255 255 085 000 000 032 157 157 157 157 157 157 157 157 157 157 157 157 157 157 119 000 000 000 123 255 255 
238 255 255 097 000 000 047 255 255 255 255 255 255 132 000 000 000 250 255 255 255 255 255 255 255 255 255 255 255 255 255 255 255 255 255 255 255 255 149 000 000 000 210 255 255 255 255 085 000 000 052 255 255 255 255 255 255 255 255 255 255 255 255 255 255 192 000 000 000 123 255 255 
175 255 227 006 000 000 157 255 255 255 255 255 255 132 000 000 000 250 255 255 255 255 255 255 255 255 255 255 255 255 255 255 255 255 255 255 255 255 149 000 000 000 210 255 255 255 255 085 000 000 052 255 255 255 255 255 255 255 255 255 255 255 255 255 255 192 000 000 000 123 255 255 
088 255 112 000 000 035 251 255 255 255 255 255 255 132 000 000 000 250 255 255 255 255 255 255 255 255 255 255 255 255 255 255 255 255 255 255 255 255 149 000 000 000 210 255 255 255 255 085 000 000 052 255 255 255 255 255 255 255 255 255 255 255 255 255 255 192 000 000 000 123 255 255 
003 181 005 000 000 159 255 255 255 255 255 255 255 132 000 000 000 250 255 255 255 255 255 255 255 255 255 255 255 255 255 255 255 255 255 255 255 255 149 000 000 000 210 255 255 255 255 085 000 000 052 255 255 255 255 255 255 255 255 255 255 255 255 255 255 192 000 000 000 123 255 255 
000 005 000 000 036 252 255 255 255 255 255 255 255 130 000 000 000 248 255 255 255 255 255 255 255 255 255 255 255 255 255 255 255 255 255 255 255 255 149 000 000 000 210 255 255 255 255 085 000 000 021 105 105 105 105 105 105 105 105 105 105 105 105 105 105 079 000 000 000 123 255 255 
000 000 000 000 176 255 255 255 255 255 255 255 255 127 000 000 000 243 255 255 255 255 255 255 255 255 255 255 255 255 255 255 255 255 255 255 255 255 149 000 000 000 210 255 255 255 255 085 000 000 000 000 000 000 000 000 000 000 000 000 000 000 000 000 000 000 000 000 000 123 255 255 
000 000 000 093 255 255 255 255 255 255 255 255 255 124 000 000 000 239 255 255 255 255 255 255 255 255 255 255 255 255 255 255 255 255 255 255 255 255 149 000 000 000 210 255 255 255 255 083 000 000 000 000 000 000 000 000 000 000 000 000 000 000 000 000 000 000 000 000 000 121 255 255 
000 000 000 031 220 255 255 255 255 255 255 255 255 120 000 000 000 232 255 255 255 255 255 255 255 255 255 255 255 255 255 255 255 255 255 255 255 255 149 000 000 000 210 255 255 255 255 080 000 000 039 189 189 189 189 189 189 189 189 189 189 189 189 189 189 143 000 000 000 117 255 255 
000 000 000 000 016 175 255 255 255 255 255 255 255 101 000 000 000 208 255 255 255 255 255 255 255 255 255 255 255 255 255 255 255 255 255 255 255 255 149 000 000 000 210 255 255 255 255 065 000 000 052 255 255 255 255 255 255 255 255 255 255 255 255 255 255 192 000 000 000 100 255 255 
026 119 000 000 000 000 080 209 255 255 255 255 255 078 000 000 000 180 255 255 255 255 255 255 255 255 255 255 255 255 255 255 255 255 255 255 255 255 120 000 000 000 100 217 255 255 255 044 000 000 047 255 255 255 255 255 255 255 255 255 255 255 255 255 255 216 096 096 096 149 255 255 
218 255 142 002 000 000 000 001 066 148 229 255 255 150 117 117 117 203 255 255 255 255 255 255 255 255 255 255 255 255 255 255 255 255 255 255 204 051 000 000 000 000 000 003 102 231 255 203 195 195 206 255 255 255 255 255 255 255 255 255 255 255 255 255 255 255 255 255 255 255 255 255 
255 255 255 176 013 000 000 000 000 000 000 024 067 110 153 187 194 199 205 211 217 223 229 234 226 214 202 190 184 255 255 255 255 255 250 124 004 000 000 000 015 006 000 000 000 010 115 213 254 255 255 255 255 255 255 255 255 255 255 255 255 255 255 255 255 255 255 255 255 255 255 245 
255 255 255 255 228 084 000 000 000 000 000 000 000 000 000 000 000 000 000 000 000 000 000 000 000 000 000 000 119 255 255 255 255 231 051 000 000 000 011 176 250 235 139 017 000 000 000 000 017 075 134 179 191 202 213 223 234 242 231 216 202 188 173 159 145 130 116 091 066 040 014 000 
255 255 255 255 255 255 195 085 004 000 000 000 000 000 000 000 000 000 000 000 000 000 000 000 000 000 000 000 220 255 255 255 255 112 000 000 000 003 179 255 255 255 255 229 075 000 000 000 000 000 000 000 000 000 000 000 000 000 000 000 000 000 000 000 000 000 000 000 000 000 000 009 
255 255 255 255 255 255 255 255 229 149 084 020 000 000 000 000 000 000 000 000 000 000 000 000 000 000 000 048 255 255 255 255 255 255 183 025 000 135 255 255 255 255 255 255 255 172 075 006 000 000 000 000 000 000 000 000 000 000 000 000 000 000 000 000 000 000 000 000 000 000 000 063 
255 255 255 255 255 255 255 255 255 255 255 254 211 148 114 092 070 047 025 004 000 000 000 000 000 000 000 109 255 255 255 255 255 255 255 234 092 251 255 255 255 255 255 255 255 255 255 239 160 094 068 043 018 000 000 000 000 000 000 000 000 000 000 000 000 000 000 000 000 000 000 100 
255 255 255 255 255 255 255 255 255 255 255 255 255 255 255 255 255 255 255 254 236 214 201 200 199 198 198 229 255 255 255 255 255 255 255 255 255 255 255 255 255 255 255 255 255 255 255 255 255 255 255 255 255 248 224 209 208 207 206 205 204 203 202 201 200 204 210 217 223 229 235 247 
255 255 255 255 255 255 255 255 255 255 255 255 255 255 255 255 255 255 255 255 255 255 255 255 255 255 255 255 255 255 255 255 255 255 255 255 255 255 255 255 255 255 255 255 255 255 255 255 255 255 255 255 255 255 255 255 255 255 255 255 255 255 255 255 255 255 255 255 255 255 255 255 
255 255 255 255 255 255 255 255 255 255 255 255 255 255 255 255 255 255 255 255 255 255 255 255 255 255 255 255 255 255 255 255 255 255 255 255 255 255 255 255 255 255 255 255 255 255 255 255 255 255 255 255 255 255 255 255 255 255 255 255 255 255 255 255 255 255 255 255 255 255 255 255 
255 255 255 255 255 255 255 255 255 255 255 255 255 255 255 255 255 255 255 255 255 255 255 255 255 255 255 255 255 255 255 255 255 255 255 255 255 255 255 255 255 255 255 255 255 255 255 255 255 255 255 255 255 255 255 255 255 255 255 255 255 255 255 255 255 255 255 255 255 255 255 255 
255 255 255 255 255 255 255 255 255 255 255 255 255 255 255 255 255 255 255 255 255 255 255 255 255 255 255 255 255 255 255 255 255 255 255 255 255 255 255 255 255 255 255 255 255 255 255 255 255 255 255 255 255 255 255 255 255 255 255 255 255 255 255 255 255 255 255 255 255 255 255 255 
255 255 255 255 255 255 255 255 255 255 255 255 255 255 255 255 255 255 255 255 255 255 255 255 255 255 255 255 255 255 255 255 255 255 255 255 255 255 255 255 255 255 255 255 255 255 255 255 255 255 255 255 255 255 255 255 255 255 255 255 255 255 255 255 255 255 255 255 255 255 255 255 
255 255 255 255 255 255 255 255 255 255 255 255 255 255 255 255 255 255 255 255 255 255 255 255 255 255 255 255 255 255 255 255 255 255 255 255 255 255 255 255 255 255 255 255 255 255 255 255 255 255 255 255 255 255 255 255 255 255 255 255 255 255 255 255 255 255 255 255 255 255 255 255 
255 255 255 255 255 255 255 255 255 255 255 255 255 255 255 255 255 255 255 255 255 255 255 255 255 255 255 255 255 255 255 255 255 255 255 255 255 255 255 255 255 255 255 255 255 255 255 255 255 255 255 255 255 255 255 255 255 255 255 255 255 255 255 255 255 255 255 255 255 255 255 255 
255 255 255 255 255 255 255 255 255 255 255 255 255 255 255 255 255 255 255 255 255 255 255 255 255 255 255 255 255 255 255 255 255 255 255 255 255 255 255 255 255 255 255 255 255 255 255 255 255 255 255 255 255 255 255 255 255 255 255 255 255 255 255 255 255 255 255 255 255 255 255 255 
255 255 255 255 255 255 255 255 255 255 255 255 255 255 255 255 255 255 255 255 255 255 255 255 255 255 255 255 255 255 255 255 255 255 255 255 255 255 255 255 255 255 255 255 255 255 255 255 255 255 255 255 255 255 255 255 255 255 255 255 255 255 255 255 255 255 255 255 255 255 255 255 
255 255 255 255 255 255 255 255 255 255 255 255 255 255 255 255 255 255 255 255 255 255 255 255 255 255 255 255 255 255 255 255 255 255 255 255 255 255 255 255 255 255 255 255 255 255 255 255 255 255 255 255 255 255 255 255 255 255 255 255 255 255 255 255 255 255 255 255 255 255 255 255 
255 255 255 255 255 255 255 255 255 255 255 255 255 255 255 255 255 255 255 255 255 255 255 255 255 255 255 255 255 255 255 255 255 255 255 255 255 255 255 255 255 255 255 255 255 255 255 255 255 255 255 255 255 255 255 255 255 255 255 255 255 255 255 255 255 255 255 255 255 255 255 255 
255 255 255 255 255 255 255 255 255 255 255 255 255 255 255 255 255 255 255 255 255 255 255 255 255 255 255 255 255 255 255 255 255 255 255 255 255 255 255 255 255 255 255 255 255 255 255 255 255 255 255 255 255 255 255 255 255 255 255 255 255 255 255 255 255 255 255 255 255 255 255 255 
255 255 255 255 255 255 255 255 255 255 255 255 255 255 255 255 255 255 255 255 255 255 255 255 255 255 255 255 255 255 255 255 255 255 255 255 255 255 255 255 255 255 255 255 255 255 255 255 255 255 255 255 255 255 255 255 255 255 255 255 255 255 255 255 255 255 255 255 255 255 255 255 
255 255 255 255 255 255 255 255 255 255 255 255 255 255 255 255 255 255 255 255 255 255 255 255 255 255 255 255 255 255 255 255 255 255 255 255 255 255 255 255 255 255 255 255 255 255 255 255 255 255 255 255 255 255 255 255 255 255 255 255 255 255 255 255 255 255 255 255 255 255 255 255 
255 255 255 255 255 255 255 255 255 255 255 255 255 255 255 255 255 255 255 255 255 255 255 255 255 255 255 255 255 255 255 255 255 255 255 255 255 255 255 255 255 255 255 255 255 255 255 255 255 255 255 255 255 255 255 255 255 255 255 255 255 255 255 255 255 255 255 255 255 255 255 255 
255 255 255 255 255 255 255 255 255 255 255 255 255 255 255 255 255 255 255 255 255 255 255 255 255 255 255 255 255 255 255 255 255 255 255 255 255 255 255 255 255 255 255 255 255 255 255 255 255 255 255 255 255 255 255 255 255 255 255 255 255 255 255 255 255 255 255 255 255 255 255 255 
255 255 255 255 255 255 255 255 255 255 255 255 255 255 255 255 255 255 255 255 255 255 255 255 255 255 255 255 255 255 255 255 255 255 255 255 255 255 255 255 255 255 255 255 255 255 255 255 255 255 255 255 255 255 255 255 255 255 255 255 255 255 255 255 255 255 255 255 255 255 255 255 
255 255 255 255 255 255 255 255 255 255 255 255 255 255 255 255 255 255 255 255 255 255 255 255 255 255 255 255 255 255 255 255 255 255 255 255 255 255 255 255 255 255 255 255 255 255 255 255 255 255 255 255 255 255 255 255 255 255 255 255 255 255 255 255 255 255 255 255 255 255 255 255 
255 255 255 255 255 255 255 255 255 255 255 255 255 255 255 255 255 255 255 255 255 255 255 255 255 255 255 255 255 255 255 255 255 255 255 255 255 255 255 255 255 255 255 255 255 255 255 255 255 255 255 255 255 255 255 255 255 255 255 255 255 255 255 255 255 255 255 255 255 255 255 255 
255 255 255 255 255 255 255 255 255 255 255 255 255 255 255 255 255 255 255 255 255 255 255 255 255 255 255 255 255 255 255 255 255 255 255 255 255 255 255 255 255 255 255 255 255 255 255 255 255 255 255 255 255 255 255 255 255 255 255 255 255 255 255 255 255 255 255 255 255 255 255 255 
255 255 255 255 255 255 255 255 255 255 255 255 255 255 255 255 255 255 255 255 255 255 255 255 255 255 255 255 255 255 255 255 255 255 255 255 255 255 255 255 255 255 255 255 255 255 255 255 255 255 255 255 255 255 255 255 255 255 255 255 255 255 255 255 255 255 255 255 255 255 255 255 
255 255 255 255 255 255 255 255 255 255 255 255 255 255 255 255 255 255 255 255 255 255 255 255 255 255 255 255 255 255 255 255 255 255 255 255 255 255 255 255 255 255 255 255 255 255 255 255 255 255 255 255 255 255 255 255 255 255 255 255 255 255 255 255 255 255 255 255 255 255 255 255 
255 255 255 255 255 255 255 255 255 255 255 255 255 255 255 255 255 255 255 255 255 255 255 255 255 255 255 255 255 255 255 255 255 255 255 255 255 255 255 255 255 255 255 255 255 255 255 255 255 255 255 255 255 255 255 255 255 255 255 255 255 255 255 255 255 255 255 255 255 255 255 255 
255 255 255 255 255 255 255 255 255 255 255 255 255 255 255 255 255 255 255 255 255 255 255 255 255 255 255 255 255 255 255 255 255 255 255 255 255 255 255 255 255 255 255 255 255 255 255 255 255 255 255 255 255 255 255 255 255 255 255 255 255 255 255 255 255 255 255 255 255 255 255 255 
255 255 255 255 255 255 255 255 255 255 255 255 255 255 255 255 255 255 255 255 255 255 255 255 255 255 255 255 255 255 255 255 255 255 255 255 255 255 255 255 255 255 255 255 255 255 255 255 255 255 255 255 255 255 255 255 255 255 255 255 255 255 255 255 255 255 255 255 255 255 255 255 
255 255 255 255 255 255 255 255 255 255 255 255 255 255 255 255 255 255 255 255 255 255 255 255 255 255 255 255 255 255 255 255 255 255 255 255 255 255 255 255 255 255 255 255 255 255 255 255 255 255 255 255 255 255 255 255 255 255 255 255 255 255 255 255 255 255 255 255 255 255 255 255 
255 255 255 255 255 255 255 255 255 255 255 255 255 255 255 255 255 255 255 255 255 255 255 255 255 255 255 255 255 255 255 255 255 255 255 255 255 255 255 255 255 255 255 255 255 255 255 255 255 255 255 255 255 255 255 255 255 255 255 255 255 255 255 255 255 255 255 255 255 255 255 255 
255 255 255 255 255 255 255 255 255 255 255 255 255 255 255 255 255 255 255 255 255 255 255 255 255 255 255 255 255 255 255 255 255 255 255 255 255 255 255 255 255 255 255 255 255 255 255 255 255 255 255 255 255 255 255 255 255 255 255 255 255 255 255 255 255 255 255 255 255 255 255 255 
255 255 255 255 255 255 255 255 255 255 255 255 255 255 255 255 255 255 255 255 255 255 255 255 255 255 255 255 255 255 255 255 255 255 255 255 255 255 255 255 255 255 255 255 255 255 255 255 255 255 255 255 255 255 255 255 255 255 255 255 255 255 255 255 255 255 255 255 255 255 255 255 
255 255 255 255 255 255 251 203 145 235 255 255 255 255 255 255 255 255 255 255 255 255 255 255 255 255 255 255 255 255 255 255 255 255 255 255 255 255 255 255 255 255 255 255 255 255 255 255 255 255 255 255 255 255 255 255 255 255 255 255 255 255 255 255 255 255 255 255 255 255 255 255 
212 178 145 111 077 043 009 000 000 092 255 255 255 255 255 255 255 255 255 255 255 255 255 255 255 255 255 255 255 255 255 255 255 255 255 255 255 255 255 255 255 255 255 255 255 255 255 255 255 255 255 255 255 255 255 255 255 255 255 255 255 255 255 255 255 255 255 255 255 255 255 255 
000 000 000 000 000 000 000 000 000 000 174 255 255 255 255 255 255 255 255 255 255 255 255 163 087 110 133 143 144 145 146 147 148 149 151 152 153 154 153 153 152 152 151 150 150 149 149 148 146 124 099 177 255 255 255 255 255 255 255 255 255 255 255 255 255 255 255 255 255 255 255 255 
000 000 000 000 000 000 000 000 000 000 014 216 255 255 255 255 255 255 255 255 255 255 255 128 000 000 000 000 000 000 000 000 000 000 000 000 000 000 000 000 000 000 000 000 000 000 000 000 000 000 000 168 255 255 255 255 255 255 255 255 255 255 255 255 255 255 255 255 255 255 255 255 
018 034 050 066 078 090 101 113 124 136 124 161 255 255 255 255 255 255 255 255 255 255 255 128 000 000 000 000 000 000 000 000 000 000 000 000 000 000 000 000 000 000 000 000 000 000 000 000 000 000 000 186 255 255 255 255 255 255 255 255 255 255 255 255 255 255 255 255 255 255 255 255 
255 255 255 198 184 254 255 255 255 255 255 255 255 255 255 255 255 255 255 255 255 255 255 135 032 058 082 090 095 100 105 010 000 000 005 107 107 107 107 107 107 107 107 107 107 107 107 079 000 000 000 189 255 255 255 255 255 255 255 255 255 255 255 255 255 255 255 255 255 255 255 255 
255 255 255 082 000 030 090 139 207 255 255 255 255 255 255 255 255 255 255 255 255 255 255 255 255 255 255 255 255 255 255 012 000 000 028 255 255 255 255 255 255 255 255 255 255 255 255 188 000 000 000 193 255 255 255 255 255 255 255 255 255 255 255 255 255 255 255 255 255 255 255 255 
255 255 197 001 000 000 000 061 203 255 255 255 255 255 255 255 255 255 255 255 255 255 255 255 255 255 255 255 255 255 251 000 000 000 050 255 255 255 255 255 255 255 255 255 255 255 255 188 000 000 000 194 255 255 255 255 255 255 255 255 255 255 255 255 255 255 255 255 255 255 255 255 
255 252 048 000 000 000 113 253 255 255 255 255 255 255 255 255 255 255 255 255 255 255 255 255 255 255 255 255 255 255 226 000 000 000 075 255 255 255 255 255 255 255 255 255 255 255 255 188 000 000 000 194 255 255 255 255 255 255 255 255 255 255 255 225 200 215 229 244 255 255 255 255 
255 141 000 000 001 148 255 255 255 255 255 255 255 255 255 255 255 255 255 149 171 198 225 234 237 240 243 246 249 251 197 000 000 000 105 255 255 255 255 255 255 255 255 255 255 255 255 188 000 000 000 192 246 240 233 221 190 165 255 255 255 255 255 135 000 000 000 000 004 017 020 020 
197 005 000 000 138 255 255 255 255 255 255 254 255 255 255 255 255 255 255 010 000 000 000 000 000 000 000 000 000 000 000 000 000 000 000 000 000 000 000 000 000 000 000 000 000 000 000 000 000 000 000 000 000 000 000 000 000 017 255 255 255 255 255 135 000 000 000 000 000 000 000 000 
025 000 000 017 095 089 083 077 071 057 030 006 233 255 255 255 255 255 255 010 000 000 000 000 000 000 000 000 000 000 000 000 000 000 000 000 000 000 000 000 000 000 000 000 000 000 000 000 000 000 000 000 000 000 000 000 000 017 255 255 255 255 255 135 000 000 000 000 000 000 000 000 
000 000 000 000 000 000 000 000 000 000 000 000 233 255 255 255 255 255 255 010 000 000 000 000 003 007 012 016 021 025 009 000 000 000 027 028 028 028 028 028 028 028 028 028 028 028 028 021 000 000 000 020 020 014 007 000 000 017 255 255 255 255 255 167 075 088 101 114 127 135 137 139 
004 004 004 004 004 004 004 004 002 000 000 000 233 255 255 255 255 255 255 168 191 218 245 254 255 255 255 255 255 255 056 000 000 016 255 255 255 255 255 255 255 255 255 255 255 255 255 188 000 000 000 194 255 255 255 249 219 193 255 255 255 255 255 255 255 255 255 255 255 255 255 255 
255 255 255 255 255 255 255 255 138 000 000 000 233 255 255 255 255 255 255 255 255 255 255 255 255 255 255 255 255 255 014 000 000 061 255 255 255 255 255 255 255 255 255 255 255 255 255 188 000 000 000 194 255 255 255 255 255 255 255 255 255 255 255 255 255 255 255 255 255 255 255 255 
255 255 255 255 255 255 255 255 138 000 000 000 233 255 255 255 255 255 255 255 255 255 255 255 255 255 255 255 255 223 000 000 000 111 255 255 255 255 255 255 255 255 255 255 255 255 255 188 000 000 000 194 255 255 255 255 255 255 255 255 255 255 255 255 255 255 255 255 255 255 255 255 
255 255 255 255 255 255 255 255 138 000 000 000 233 255 255 255 255 255 255 255 255 255 255 255 255 255 255 255 255 166 000 000 000 181 255 255 255 255 255 255 255 255 255 255 255 255 255 188 000 000 000 192 255 255 255 255 255 255 255 255 255 255 255 255 255 255 255 255 255 255 255 255 
255 255 255 255 255 241 219 208 138 000 000 000 233 255 255 255 255 255 255 255 255 255 075 067 088 091 093 095 098 049 000 000 000 091 100 100 100 100 100 100 100 100 100 100 100 100 100 074 000 000 000 191 255 255 255 255 255 255 255 255 255 255 255 255 255 255 255 255 255 255 255 255 
005 004 003 002 001 000 000 039 224 186 186 186 250 255 255 255 255 255 255 255 255 255 037 000 000 000 000 000 000 000 000 000 000 000 000 000 000 000 000 000 000 000 000 000 000 000 000 000 000 000 000 186 255 255 255 255 255 255 255 255 255 255 255 255 255 255 255 255 255 255 255 255 
000 000 000 000 000 000 000 039 255 255 255 255 255 255 255 255 255 255 255 255 255 255 037 000 000 000 000 000 000 000 000 000 000 000 000 000 000 000 000 000 000 000 000 000 000 000 000 000 000 000 000 168 255 255 255 255 255 255 255 255 255 255 255 255 255 255 255 255 255 255 255 255 
042 040 038 036 033 015 000 039 255 255 255 255 255 255 255 255 255 255 255 255 255 255 105 117 147 157 166 175 056 000 000 017 182 183 183 183 183 183 183 183 183 183 183 183 183 183 183 181 179 177 164 215 255 255 255 255 255 255 255 255 255 255 255 255 255 255 255 255 255 255 255 255 
255 255 255 255 255 255 248 231 255 255 255 255 255 255 255 255 255 255 255 255 255 255 255 255 255 255 255 223 004 000 000 119 255 255 255 255 255 255 255 255 255 255 255 255 255 255 255 255 255 255 255 255 255 255 255 255 255 255 255 255 255 255 255 255 255 255 255 255 255 255 255 255 
255 255 255 255 255 255 255 255 255 255 255 255 255 255 255 255 255 255 255 255 255 255 255 255 255 255 254 072 000 000 009 228 255 255 255 255 255 255 255 255 255 255 255 255 255 255 255 255 255 255 255 255 255 255 255 255 255 255 255 255 255 255 255 255 255 255 255 255 255 255 255 255 
255 255 255 255 255 255 255 255 255 255 255 255 255 255 255 255 255 255 255 255 255 255 255 255 255 255 144 000 000 000 126 255 255 255 255 255 255 255 255 255 255 255 255 255 255 255 255 255 255 255 255 255 255 255 255 255 255 255 255 255 255 255 255 255 255 255 255 255 255 255 255 255 
123 120 117 113 107 090 073 082 249 255 255 255 255 255 255 255 255 255 255 255 255 255 255 255 255 209 007 000 000 008 172 185 189 190 190 190 190 190 190 190 190 189 188 188 187 187 186 185 185 183 166 145 184 255 255 255 255 255 255 255 255 255 255 255 255 255 255 255 255 255 255 255 
000 000 000 000 000 000 000 182 255 255 255 255 255 255 255 255 255 255 255 255 255 255 255 255 232 037 000 000 000 010 000 000 000 000 000 000 000 000 000 000 000 000 000 000 000 000 000 000 000 000 000 000 126 255 255 255 255 255 255 255 255 255 255 255 255 255 255 255 255 255 255 250 
000 000 000 000 000 000 102 255 255 255 255 255 255 255 255 255 255 255 255 255 255 255 255 235 043 000 000 000 081 070 000 000 000 000 000 000 000 000 000 000 000 000 000 000 000 000 000 000 000 000 000 000 143 255 255 255 255 255 255 255 255 255 255 255 255 255 255 255 255 255 219 053 
205 070 000 000 000 058 246 255 255 255 255 255 255 255 255 255 255 255 255 255 255 255 238 047 000 000 000 026 236 070 000 000 009 104 104 104 104 104 104 104 104 104 104 104 104 104 104 104 055 000 000 000 146 255 255 255 255 255 255 255 255 255 255 255 255 255 255 255 255 158 012 000 
123 000 000 000 042 238 255 255 255 255 255 255 255 255 255 255 255 255 255 255 255 223 047 000 000 000 009 198 255 070 000 000 022 255 255 255 255 255 255 255 255 255 255 255 255 255 255 255 134 000 000 000 148 255 255 255 255 255 255 255 255 255 255 255 255 255 255 239 086 000 000 000 
000 000 000 028 226 255 255 255 255 255 255 255 255 255 255 255 255 255 255 255 186 019 000 000 000 003 178 255 255 070 000 000 022 255 255 255 255 255 255 255 255 255 255 255 255 255 255 255 134 000 000 000 148 255 255 255 255 255 255 255 255 255 255 255 255 255 187 030 000 000 000 000 
000 000 028 213 255 255 255 255 255 255 255 255 255 255 255 255 255 255 253 134 002 000 000 000 000 154 255 255 255 070 000 000 022 255 255 255 255 255 255 255 255 255 255 255 255 255 255 255 134 000 000 000 148 255 255 255 255 255 255 255 255 255 255 255 208 071 000 000 000 000 000 044 
000 053 230 255 255 255 255 255 255 255 255 255 255 255 255 255 255 233 052 000 000 000 000 000 128 255 255 255 255 070 000 000 022 255 255 255 255 255 255 255 255 255 255 255 255 255 255 255 134 000 000 000 148 255 255 255 255 255 255 255 255 255 253 101 002 000 000 000 000 000 088 244 
097 246 255 255 255 255 255 255 255 255 255 255 255 255 255 255 255 255 205 049 000 000 000 106 255 255 255 255 255 070 000 000 022 255 255 255 255 255 255 255 255 255 255 255 255 255 255 255 134 000 000 000 148 255 255 255 255 255 255 255 255 255 255 217 060 000 000 000 010 146 255 255 
178 241 255 255 255 255 255 255 255 255 255 255 255 255 255 255 255 255 255 250 125 002 116 255 255 255 255 255 255 070 000 000 017 194 194 194 194 194 194 194 194 194 194 194 194 194 194 194 102 000 000 000 148 255 255 255 255 255 255 255 255 255 255 255 252 087 000 066 221 255 255 255 
000 003 036 064 092 121 149 178 206 228 229 229 229 242 255 255 255 255 255 255 255 208 255 255 255 255 255 255 255 070 000 000 000 000 000 000 000 000 000 000 000 000 000 000 000 000 000 000 000 000 000 000 148 255 255 255 255 255 255 255 255 255 255 255 255 252 178 255 255 255 255 255 
000 000 000 000 000 000 000 000 000 000 000 000 007 210 255 255 255 255 255 255 255 255 255 255 255 255 255 255 255 070 000 000 000 000 000 000 000 000 000 000 000 000 000 000 000 000 000 000 000 000 000 000 148 255 255 255 255 255 255 255 255 255 255 255 255 255 255 255 255 255 255 255 
031 000 000 000 000 000 000 000 000 000 000 000 097 255 255 255 255 255 255 255 255 255 255 255 255 255 255 255 255 069 000 000 005 055 055 055 055 055 055 055 055 055 055 055 055 055 055 055 029 000 000 000 145 255 255 255 255 255 255 255 255 255 255 255 255 255 255 255 255 255 255 255 
255 199 131 072 015 000 000 000 000 000 000 000 203 255 255 255 255 255 255 255 255 255 255 255 255 255 255 255 255 061 000 000 022 255 255 255 255 255 255 255 255 255 255 255 255 255 255 255 134 000 000 000 136 255 255 255 255 255 255 255 255 255 255 255 255 255 255 255 255 255 255 255 
255 255 255 255 253 211 171 138 104 071 051 051 255 255 255 255 255 255 255 255 255 255 255 255 255 255 255 255 255 041 000 000 022 255 255 255 255 255 255 255 255 255 255 255 255 255 255 255 134 000 000 000 113 255 255 255 255 255 255 255 255 255 255 255 255 255 255 255 255 255 255 255 
255 255 255 255 255 255 255 255 255 255 255 255 255 255 255 255 255 255 255 255 255 255 255 255 255 255 255 255 255 100 084 084 100 255 255 255 255 255 255 255 255 255 255 255 255 255 255 255 217 174 174 174 205 255 255 255 255 255 255 255 255 255 255 255 255 255 255 255 255 255 255 255 
255 255 255 255 255 255 255 255 255 255 255 255 255 255 255 255 255 255 255 255 255 255 255 255 255 255 255 255 255 255 255 255 255 255 255 255 255 255 255 255 255 255 255 255 255 255 255 255 255 255 255 255 255 255 255 255 255 255 255 255 255 255 255 255 255 255 255 255 255 255 255 255 
255 255 255 255 255 255 255 255 255 255 255 255 255 255 255 255 255 255 255 255 255 255 255 255 255 255 255 255 255 255 255 255 255 255 255 255 255 255 255 255 255 255 255 255 255 255 255 255 255 255 255 255 255 255 255 255 255 255 255 255 255 255 255 255 255 255 255 255 255 255 255 255 
255 255 255 255 255 255 255 255 255 255 255 255 255 255 255 255 255 255 255 255 255 255 255 255 255 255 255 255 255 255 255 255 255 255 255 255 255 255 255 255 255 255 255 255 255 255 255 255 255 255 255 255 255 255 255 255 255 255 255 255 255 255 255 255 255 255 255 255 255 255 255 255 
255 255 255 255 255 255 255 255 255 255 255 255 255 255 255 255 255 255 255 255 255 255 255 255 255 255 255 255 255 255 255 255 255 255 255 255 255 255 255 255 255 255 255 255 255 255 255 255 255 255 255 255 255 255 255 255 255 255 255 255 255 255 255 255 255 255 255 255 255 255 255 255 
255 255 255 255 255 255 255 255 255 255 255 255 255 255 255 255 255 255 255 255 255 255 255 255 255 255 255 255 255 255 255 255 255 255 255 255 255 255 255 255 255 255 255 255 255 255 255 255 255 255 255 255 255 255 255 255 255 255 255 255 255 255 255 255 255 255 255 255 255 255 255 255 
255 255 255 255 255 255 255 255 255 255 255 255 255 255 255 255 255 255 255 255 255 255 255 255 255 255 255 255 255 255 255 255 255 255 255 255 255 255 255 255 255 255 255 255 255 255 255 255 255 255 255 255 255 255 255 255 255 255 255 255 255 255 255 255 255 255 255 255 255 255 255 255 
255 255 255 255 255 255 255 255 255 255 255 255 255 255 255 255 255 255 255 255 255 255 255 255 255 255 255 255 255 255 255 255 255 255 255 255 255 255 255 255 255 255 255 255 255 255 255 255 255 255 255 255 255 255 255 255 255 255 255 255 255 255 255 255 255 255 255 255 255 255 255 255 
255 255 255 255 255 255 255 255 255 255 255 255 255 255 255 255 255 255 255 255 255 255 255 255 255 255 255 255 255 255 255 255 255 255 255 255 255 255 255 255 255 255 255 255 255 255 255 255 255 255 255 255 255 255 255 255 255 255 255 255 255 255 255 255 255 255 255 255 255 255 255 255 
255 255 255 255 255 255 255 255 255 255 255 255 255 255 255 255 255 255 255 255 255 255 255 255 255 255 255 255 255 255 255 255 255 255 255 255 255 255 255 255 255 255 255 255 255 255 255 255 255 255 255 255 255 255 255 255 255 255 255 255 255 255 255 255 255 255 255 255 255 255 255 255 
255 255 255 255 255 255 255 255 255 255 255 255 255 255 255 255 255 255 255 255 255 255 255 255 255 255 255 255 255 255 255 255 255 255 255 255 255 255 255 255 255 255 255 255 255 255 255 255 255 255 255 255 255 255 255 255 255 255 255 255 255 255 255 255 255 255 255 255 255 255 255 255 
255 255 255 255 255 255 255 255 255 255 255 255 255 255 255 255 255 255 255 255 255 255 255 255 255 255 255 255 255 255 255 255 255 255 255 255 255 255 255 255 255 255 255 255 255 255 255 255 255 255 255 255 255 255 255 255 255 255 255 255 255 255 255 255 255 255 255 255 255 255 255 255 
255 255 255 255 255 255 255 255 255 255 255 255 255 255 255 255 255 255 255 255 255 255 255 255 255 255 255 255 255 255 255 255 255 255 255 255 255 255 255 255 255 255 255 255 255 255 255 255 255 255 255 255 255 255 255 255 255 255 255 255 255 255 255 255 255 255 255 255 255 255 255 255 
255 255 255 255 255 255 255 255 255 255 255 255 255 255 255 255 255 255 255 255 255 255 255 255 255 255 255 255 255 255 255 255 255 255 255 255 255 255 255 255 255 255 255 255 255 255 255 255 255 255 255 255 255 255 255 255 255 255 255 255 255 255 255 255 255 255 255 255 255 255 255 255 
255 255 255 255 255 255 255 255 255 255 255 255 255 255 255 255 255 255 255 255 255 255 255 255 255 255 255 255 255 255 255 255 255 255 255 255 255 255 255 255 255 255 255 255 255 255 255 255 255 255 255 255 255 255 255 255 255 255 255 255 255 255 255 255 255 255 255 255 255 255 255 255 
255 255 255 255 255 255 255 255 255 255 255 255 255 255 255 255 255 255 255 255 255 255 255 255 255 255 255 255 255 255 255 255 255 255 255 255 255 255 255 255 255 255 255 255 255 255 255 255 255 255 255 255 255 255 255 255 255 255 255 255 255 255 255 255 255 255 255 255 255 255 255 255 
255 255 255 255 255 255 255 255 255 255 255 255 255 255 255 255 255 255 255 255 255 255 255 255 255 255 255 255 255 255 255 255 255 255 255 255 255 255 255 255 255 255 255 255 255 255 255 255 255 255 255 255 255 255 255 255 255 255 255 255 255 255 255 255 255 255 255 255 255 255 255 255 
255 255 255 255 255 255 255 255 255 255 255 255 255 255 255 255 255 255 255 255 255 255 255 255 255 255 255 255 255 255 255 255 255 255 255 255 255 255 255 255 255 255 255 255 255 255 255 255 255 255 255 255 255 255 255 255 255 255 255 255 255 255 255 255 255 255 255 255 255 255 255 255 
255 255 255 255 255 255 255 255 255 255 255 255 255 255 255 255 255 255 255 255 255 255 255 255 255 255 255 255 255 255 255 255 255 255 255 255 255 255 255 255 255 255 255 255 255 255 255 255 255 255 255 255 255 255 255 255 255 255 255 255 255 255 255 255 255 255 255 255 255 255 255 255 
255 255 255 255 255 255 255 255 255 255 255 255 255 255 255 255 255 255 255 255 255 255 255 255 255 255 255 255 255 255 255 255 255 255 255 255 255 255 255 255 255 255 255 255 255 255 255 255 255 255 255 255 255 255 255 255 255 255 255 255 255 255 255 255 255 255 255 255 255 255 255 255 
255 255 255 255 255 255 255 255 255 255 255 255 255 255 255 255 255 255 255 255 255 255 255 255 255 255 255 255 255 255 255 255 255 255 255 255 255 255 255 255 255 255 255 255 255 255 255 255 255 255 255 255 255 255 255 255 255 255 255 255 255 255 255 255 255 255 255 255 255 255 255 255 
255 255 255 255 255 255 255 255 255 255 255 255 255 255 255 255 255 255 255 255 255 255 255 255 255 255 255 255 255 255 255 255 255 255 255 255 255 255 255 255 255 255 255 255 255 255 255 255 255 255 255 255 255 255 255 255 255 255 255 255 255 255 255 255 255 255 255 255 255 255 255 255 
255 255 255 255 255 255 255 255 255 255 255 255 255 255 255 255 255 255 255 255 255 255 255 255 255 255 255 255 255 255 255 255 255 255 255 255 255 255 255 255 255 255 255 255 255 255 255 255 255 255 255 255 255 255 255 255 255 255 255 255 255 255 255 255 255 255 255 255 255 255 255 255 
255 255 255 255 255 255 255 255 255 255 255 255 255 255 255 255 255 255 255 255 255 255 255 255 255 255 255 255 255 255 255 255 255 255 255 255 255 255 255 255 255 255 255 255 255 255 255 255 255 255 255 255 255 255 255 255 255 255 255 255 255 255 255 255 255 255 255 255 255 255 255 255 
255 255 255 255 255 255 255 255 255 255 255 255 255 255 255 255 255 255 255 255 255 255 255 255 255 255 255 255 255 255 255 255 255 255 255 255 255 255 255 255 255 255 255 255 255 255 255 255 255 255 255 255 255 255 255 255 255 255 255 255 255 255 255 255 255 255 255 255 255 255 255 255 
255 255 255 255 255 255 255 255 255 255 255 255 255 255 255 255 255 255 255 255 255 255 255 255 255 255 255 255 255 255 255 255 255 255 255 255 255 255 255 255 255 255 255 255 255 255 255 255 255 255 255 255 255 255 255 255 255 255 255 255 255 255 255 255 255 255 255 255 255 255 255 255 
255 255 255 255 255 255 255 255 255 255 255 255 255 255 255 255 255 255 255 255 255 255 255 255 255 255 255 255 255 255 255 255 255 255 255 255 255 255 255 255 255 255 255 255 255 255 255 255 255 255 255 255 255 255 255 255 255 255 255 255 255 255 255 255 255 255 255 255 255 255 255 255 
255 255 255 255 255 255 255 255 255 255 255 255 255 255 255 255 255 255 255 255 255 255 255 255 255 255 255 255 255 255 255 255 255 255 255 255 255 255 255 255 255 255 255 255 255 255 255 255 255 255 255 255 255 255 255 255 255 255 255 255 255 255 255 255 255 255 255 255 255 255 255 255 
255 255 255 255 255 255 255 255 255 255 255 255 255 255 255 255 255 255 255 255 255 255 255 255 255 255 255 255 255 255 255 255 255 255 255 255 255 255 255 255 255 255 255 255 255 255 255 255 255 255 255 255 255 255 255 255 255 255 255 255 255 255 255 255 255 255 255 255 255 255 255 255 
255 255 255 255 255 255 255 255 255 255 255 255 255 255 255 255 255 255 255 255 255 255 255 255 255 255 255 255 255 255 255 222 255 255 255 255 255 255 255 255 255 255 255 255 255 255 255 255 255 255 255 255 255 255 255 255 255 255 255 255 255 255 255 255 255 255 255 255 255 255 255 255 
255 255 255 255 255 255 255 255 255 255 255 255 255 255 255 255 255 255 255 255 255 255 255 255 255 255 255 255 255 211 063 011 209 255 255 255 255 255 250 255 255 255 255 255 255 255 255 255 255 255 255 255 255 255 255 255 255 255 252 252 255 255 255 255 255 255 255 255 255 255 250 228 
255 255 255 255 255 255 255 255 255 255 255 255 255 255 255 253 241 247 255 255 255 255 255 255 255 255 255 255 132 004 000 000 033 236 255 255 255 255 073 009 028 048 068 085 089 093 097 102 106 103 098 093 088 083 074 055 036 017 001 215 255 255 255 255 255 255 255 255 255 255 099 012 
036 038 039 040 041 039 038 037 035 034 033 032 031 023 010 001 000 158 255 255 255 255 255 255 255 255 255 255 209 018 000 000 000 064 250 255 255 255 073 000 000 000 000 000 000 000 000 000 000 000 000 000 000 000 000 000 000 000 003 250 255 255 255 255 255 255 255 255 255 136 000 000 
000 000 000 000 000 000 000 000 000 000 000 000 000 000 000 000 000 158 255 255 255 255 255 255 255 255 255 255 255 189 003 000 000 000 095 255 255 255 073 000 000 000 000 000 000 000 000 000 000 000 000 000 000 000 000 000 000 000 014 255 255 255 255 255 255 255 255 255 192 001 000 000 
000 000 000 000 000 000 000 000 000 000 000 000 000 000 000 000 000 158 255 255 255 255 255 255 255 255 255 255 255 255 143 000 000 000 000 130 255 255 155 126 140 154 167 181 189 190 192 194 196 198 200 202 204 206 208 109 000 000 019 255 255 255 255 255 255 255 255 255 254 148 012 000 
000 003 185 185 153 000 000 013 183 178 173 167 162 155 143 131 118 200 255 255 255 255 255 255 255 255 255 255 255 255 255 087 000 000 038 176 255 255 255 255 199 204 237 237 248 255 255 255 255 255 255 255 255 255 255 133 000 000 024 255 255 255 255 255 255 255 255 255 255 255 223 064 
000 004 255 255 210 000 000 017 255 255 255 255 255 255 255 255 255 255 255 255 255 255 255 255 255 255 255 255 255 255 255 233 039 148 251 255 255 255 255 255 130 000 000 000 154 255 255 255 255 255 255 255 255 255 255 133 000 000 026 255 255 255 255 255 255 255 255 255 255 255 255 251 
000 004 255 255 210 000 000 017 255 255 255 255 255 255 255 255 255 255 255 255 255 255 255 255 255 255 255 255 255 255 255 255 254 255 255 255 255 255 255 255 147 000 000 081 255 255 255 255 255 255 255 255 255 255 255 133 000 000 026 255 255 255 255 255 255 255 255 255 255 255 255 255 
000 004 255 255 210 000 000 017 255 255 255 255 255 255 255 255 255 255 255 255 255 255 255 255 249 169 198 213 222 254 252 043 070 097 124 138 143 148 153 158 097 000 000 092 159 156 152 149 145 141 124 103 081 079 255 133 000 000 026 255 255 255 255 255 255 255 255 255 255 255 255 255 
000 004 255 255 210 000 000 017 255 255 255 255 255 255 255 255 255 255 255 255 255 255 255 255 254 010 000 000 000 217 251 000 000 000 000 000 000 000 000 000 000 000 000 000 000 000 000 000 000 000 000 000 000 023 255 133 000 000 026 255 255 255 255 255 255 255 255 255 255 255 255 255 
000 001 066 066 055 000 000 004 065 064 063 062 061 053 043 123 255 255 255 255 255 255 255 255 255 046 000 000 065 255 251 000 000 000 000 000 001 006 011 015 012 000 000 011 015 010 005 000 000 000 000 000 000 023 255 133 000 000 026 255 255 255 255 255 255 255 255 255 255 255 255 255 
000 000 000 000 000 000 000 000 000 000 000 000 000 000 000 116 255 255 255 255 255 255 255 255 255 062 000 000 085 255 254 176 198 219 241 252 255 255 255 255 166 000 000 151 255 255 255 255 250 244 230 211 192 181 255 133 000 000 026 255 255 255 255 255 255 255 255 255 148 161 252 255 
000 000 000 000 000 000 000 000 000 000 000 000 000 000 000 124 255 255 255 255 255 255 255 255 255 068 000 000 085 255 255 255 255 255 255 255 255 255 255 255 166 000 000 151 255 255 255 255 255 255 255 255 255 255 255 133 000 000 026 255 255 255 255 255 255 255 255 207 005 000 038 164 
000 021 239 239 197 000 000 016 239 239 239 239 020 000 000 127 255 255 255 255 255 255 255 255 255 074 000 000 085 255 255 184 071 097 124 144 147 150 153 156 104 000 000 094 154 149 144 139 134 117 094 071 162 255 255 133 000 000 026 255 255 255 255 255 255 255 250 047 000 000 000 000 
000 037 255 255 210 000 000 017 255 255 255 255 021 000 000 128 255 255 255 255 255 255 255 255 255 075 000 000 085 255 255 193 000 000 000 000 000 000 000 000 000 000 000 000 000 000 000 000 000 000 000 000 159 255 255 133 000 000 026 255 255 255 255 255 255 255 190 014 000 000 000 000 
000 052 255 255 210 000 000 017 255 255 255 255 021 000 000 128 255 255 255 255 255 255 255 255 255 075 000 000 085 255 255 226 000 000 009 023 023 023 023 023 015 000 000 014 023 023 023 023 023 013 000 000 184 255 255 133 000 000 026 255 255 255 255 255 255 255 255 243 134 012 000 000 
000 070 255 255 210 000 000 017 255 255 255 255 021 000 000 128 255 255 255 255 255 255 255 255 255 075 000 000 085 255 255 244 000 000 098 255 255 255 255 255 166 000 000 151 255 255 255 255 255 146 000 000 201 255 255 133 000 000 026 255 255 255 255 255 255 255 255 255 255 230 095 001 
000 121 255 255 210 000 000 017 255 255 255 255 021 000 000 128 255 255 255 255 255 255 255 255 255 075 000 000 085 255 255 250 000 000 098 255 205 109 217 255 166 000 000 151 255 181 081 149 232 146 000 000 206 255 255 133 000 000 026 255 255 255 255 255 255 255 255 255 255 255 255 197 
000 182 255 255 210 000 000 005 192 246 252 249 021 000 000 128 255 255 255 255 255 255 255 255 255 075 000 000 085 255 255 255 001 000 098 246 016 000 135 255 166 000 000 151 255 107 000 004 222 146 000 000 211 255 255 133 000 000 026 255 255 255 255 255 255 255 255 255 255 255 255 255 
002 240 255 255 211 000 000 000 000 000 000 000 000 000 000 128 255 255 255 255 255 255 255 255 255 075 000 000 085 255 255 255 007 000 098 255 109 000 048 255 166 000 000 151 255 038 000 092 255 146 000 000 214 255 255 133 000 000 026 255 255 255 255 255 255 255 255 255 255 255 255 255 
049 255 255 255 231 004 000 000 000 000 000 000 000 000 000 128 255 255 255 255 255 255 255 255 255 075 000 000 085 255 255 255 002 000 098 255 195 000 000 206 166 000 000 151 209 000 000 204 255 146 000 000 211 255 255 133 000 000 026 255 255 255 255 255 255 255 255 255 255 255 255 255 
151 255 255 255 255 161 055 016 004 000 000 000 000 000 000 128 255 255 255 255 255 255 255 255 255 075 000 000 085 255 255 251 000 000 098 255 241 001 023 170 166 000 000 151 181 055 062 255 255 146 000 000 207 255 255 133 000 000 026 255 255 255 255 255 255 255 255 255 255 255 255 255 
248 255 255 255 255 255 255 255 255 248 248 254 021 000 000 128 255 255 255 255 255 255 255 255 255 075 000 000 085 255 255 245 000 000 098 255 255 199 253 255 166 000 000 151 255 255 255 255 255 146 000 000 202 255 255 133 000 000 026 255 255 255 255 255 255 255 255 255 255 255 255 101 
255 255 255 255 255 255 255 255 255 255 255 255 021 000 000 128 255 255 255 255 255 255 255 255 255 075 000 000 085 255 255 230 000 000 055 143 143 143 143 143 093 000 000 085 143 143 143 143 143 082 000 000 191 255 255 133 000 000 026 255 255 255 255 255 255 255 255 255 255 255 228 000 
255 255 255 255 255 255 255 255 255 255 255 255 021 000 000 128 255 255 255 255 255 255 255 255 255 075 000 000 085 255 255 197 000 000 000 000 000 000 000 000 000 000 000 000 000 000 000 000 000 000 000 000 166 255 255 133 000 000 026 255 255 255 255 255 255 255 255 255 255 255 175 000 
214 214 214 214 214 214 214 214 214 214 214 214 018 000 000 128 255 255 255 255 255 255 255 255 255 075 000 000 085 255 255 175 035 053 071 079 084 089 081 000 000 000 000 057 094 090 087 084 081 064 038 011 140 255 255 133 000 000 026 255 255 255 255 255 255 255 255 255 255 255 103 000 
000 000 000 000 000 000 000 000 000 000 000 000 000 000 000 128 255 255 255 255 255 255 255 255 255 075 000 000 085 255 255 255 255 255 255 255 255 250 073 000 000 000 000 151 255 255 251 255 255 255 255 255 251 255 255 133 000 000 026 255 255 255 255 255 255 255 255 255 255 254 024 000 
000 000 000 000 000 000 000 000 000 000 000 000 000 000 000 128 255 255 255 255 255 255 255 255 255 075 000 000 085 255 255 255 255 255 255 255 243 069 000 000 064 000 000 151 249 099 036 180 255 255 255 255 255 255 255 133 000 000 026 255 255 255 255 255 255 255 255 255 255 198 000 000 
069 069 069 069 069 069 069 069 069 069 069 069 006 000 000 128 255 255 255 255 255 255 255 255 255 075 000 000 085 255 255 255 255 255 255 231 051 000 000 093 166 000 000 151 106 000 000 000 095 241 255 255 255 255 255 133 000 000 026 255 255 255 255 255 255 255 255 255 255 117 000 000 
255 255 255 255 255 255 255 255 255 255 255 255 021 000 000 128 255 255 255 255 255 255 255 255 255 075 000 000 085 255 255 255 255 255 170 020 000 000 057 246 164 000 000 151 253 143 006 000 000 032 194 255 255 255 255 133 000 000 026 255 255 255 255 255 255 255 255 255 255 037 000 000 
255 255 255 255 255 255 255 255 255 255 255 255 021 000 000 128 255 255 255 255 255 255 255 255 255 075 000 000 085 255 255 255 220 086 000 000 000 082 246 255 162 000 000 150 255 255 200 029 000 000 002 143 255 255 255 133 000 000 026 255 255 255 255 255 255 255 255 255 212 000 000 000 
255 255 255 255 255 255 255 255 255 255 255 255 021 000 000 126 255 255 255 255 255 255 255 255 255 075 000 000 085 255 203 089 003 000 000 000 111 253 255 255 159 000 000 148 255 255 255 235 070 000 000 007 215 255 255 133 000 000 026 255 255 255 255 255 255 255 255 255 132 000 000 000 
147 147 147 147 147 147 147 147 147 147 147 147 012 000 000 124 255 255 255 255 255 255 255 255 255 074 000 000 085 219 059 000 000 000 002 143 255 255 255 255 157 000 000 147 255 255 255 255 252 103 008 184 255 255 255 133 000 000 026 255 255 255 255 255 255 255 255 255 051 000 000 000 
000 000 000 000 000 000 000 000 000 000 000 000 000 000 000 121 255 255 255 255 255 255 255 255 255 068 000 000 085 255 249 094 000 038 189 255 255 255 255 255 149 000 000 139 255 255 255 255 255 255 219 255 255 255 255 125 000 000 027 255 255 255 255 255 255 255 255 216 000 000 000 000 
000 000 000 000 000 000 000 000 000 000 000 000 000 000 000 111 255 255 255 255 255 255 255 255 255 061 000 000 085 255 255 252 157 248 255 255 255 255 255 255 123 000 000 113 255 255 255 255 255 255 255 212 168 175 131 026 000 000 034 255 255 255 255 255 255 255 255 096 000 000 000 025 
136 136 136 136 136 136 136 136 136 136 136 136 011 000 000 100 255 255 255 255 255 255 255 255 255 046 000 000 085 255 255 255 255 255 255 255 255 255 255 255 098 000 000 086 255 255 255 255 255 255 255 227 006 000 000 000 000 000 079 255 255 255 255 255 255 255 237 007 000 000 000 087 
255 255 255 255 255 255 255 255 255 255 255 255 021 000 000 089 255 255 255 255 255 255 255 255 255 021 000 000 085 255 255 255 255 255 255 255 255 255 255 255 072 000 000 059 255 255 255 255 255 255 255 255 078 000 000 000 000 000 163 255 255 255 255 255 255 255 255 213 082 000 000 140 
255 255 255 255 255 255 255 255 255 255 255 255 041 020 020 093 255 255 255 255 255 255 255 255 250 001 000 000 085 255 255 255 255 255 255 255 255 255 255 255 213 200 200 210 255 255 255 255 255 255 255 255 165 000 000 000 033 159 255 255 255 255 255 255 255 255 255 255 255 187 036 191 
255 255 255 255 255 255 255 255 255 255 255 255 255 255 255 255 255 255 255 255 255 255 255 255 247 153 153 153 188 255 255 255 255 255 255 255 255 255 255 255 255 255 255 255 255 255 255 255 255 255 255 255 213 086 136 209 255 255 255 255 255 255 255 255 255 255 255 255 255 255 247 248 
255 255 255 255 255 255 255 255 255 255 255 255 255 255 255 255 255 255 255 255 255 255 255 255 255 255 255 255 255 255 255 255 255 255 255 255 255 255 255 255 255 255 255 255 255 255 255 255 255 255 255 255 255 255 255 255 255 255 255 255 255 255 255 255 255 255 255 255 255 255 255 255 
255 255 255 255 255 255 255 255 255 255 255 255 255 255 255 255 255 255 255 255 255 255 255 255 255 255 255 255 255 255 255 255 255 255 255 255 255 255 255 255 255 255 255 255 255 255 255 255 255 255 255 255 255 255 255 255 255 255 255 255 255 255 255 255 255 255 255 255 255 255 255 255 
255 255 255 255 255 255 255 255 255 255 255 255 255 255 255 255 255 255 255 255 255 255 255 255 255 255 255 255 255 255 255 255 255 255 255 255 255 255 255 255 255 255 255 255 255 255 255 255 255 255 255 255 255 255 255 255 255 255 255 255 255 255 255 255 255 255 255 255 255 255 255 255 
