255 255 255 255 255 255 255 255 255 255 255 255 255 255 255 255 255 255 255 255 255 255 255 255 255 255 255 255 255 255 255 255 252 210 233 255 255 255 255 255 255 255 255 255 255 255 255 255 255 255 255 255 255 255 255 255 255 255 255 255 255 255 255 255 255 255 255 255 255 255 255 255 
255 255 255 255 255 255 255 255 255 255 255 255 255 255 255 255 255 255 255 255 255 141 204 255 255 255 255 255 255 255 198 058 010 000 133 255 255 255 255 255 255 255 255 255 255 255 255 255 255 255 255 255 255 255 255 255 255 255 255 255 255 255 255 255 255 255 255 234 234 255 255 255 
255 255 255 255 255 255 255 255 255 255 255 255 255 255 255 255 255 255 255 255 235 005 000 064 146 211 255 255 255 255 222 000 000 000 059 255 255 255 255 255 255 255 255 255 255 255 255 255 255 255 255 255 255 255 255 255 255 255 255 255 255 255 255 255 246 177 098 011 089 255 255 255 
255 255 255 255 255 255 255 255 255 255 255 255 255 255 255 255 255 255 255 255 135 000 000 000 000 014 203 255 255 255 255 038 000 000 003 237 255 255 255 255 255 255 255 255 255 255 255 255 255 255 255 255 255 255 255 255 255 255 255 255 229 187 136 079 010 000 000 000 000 175 255 255 
255 255 255 255 255 255 255 255 255 255 255 255 255 255 255 255 255 255 255 249 025 000 000 000 056 240 255 255 255 255 255 113 000 000 000 139 255 255 255 255 255 255 255 255 255 255 255 255 255 255 255 255 255 255 135 102 089 075 045 010 000 000 000 000 000 000 000 000 000 008 191 255 
255 255 255 255 255 255 255 255 255 255 255 255 255 255 255 255 255 255 255 158 000 000 000 015 235 255 255 255 255 255 255 212 000 000 000 028 250 255 255 255 255 255 255 255 255 255 255 255 255 255 255 255 255 255 135 000 000 000 000 000 000 000 000 000 020 064 106 149 190 186 201 255 
255 255 255 255 255 255 255 255 255 255 255 255 255 255 255 255 255 255 252 041 000 000 000 123 255 255 255 255 255 255 255 255 067 000 000 000 163 255 255 255 255 255 255 255 255 255 255 255 255 255 255 255 255 255 232 001 000 000 019 060 101 023 000 000 214 255 255 255 255 255 255 255 
255 255 255 255 255 255 255 255 255 255 255 255 255 255 255 255 255 255 155 000 000 000 013 237 255 255 255 255 255 255 255 255 177 000 000 000 047 255 255 255 255 255 255 255 255 255 255 255 255 255 255 255 255 255 255 190 209 238 255 255 255 047 000 000 214 255 255 255 255 255 255 255 
255 255 255 255 255 255 255 255 255 255 255 255 255 255 255 255 255 242 024 000 000 000 130 255 255 255 255 255 255 255 255 255 253 034 000 000 000 185 255 255 255 255 255 255 255 255 255 255 255 255 255 255 255 255 255 255 255 255 255 255 255 047 000 000 214 255 255 255 255 255 255 255 
255 255 255 255 255 255 255 255 255 255 255 255 255 255 255 255 255 110 000 000 000 040 249 255 255 255 255 255 255 255 255 255 255 141 000 000 000 034 239 255 255 255 255 255 255 255 255 255 255 255 255 255 255 255 255 255 255 255 255 255 255 047 000 000 214 255 255 255 255 255 255 255 
255 255 255 255 255 255 255 255 255 255 255 255 255 255 255 255 206 003 000 000 001 193 255 255 255 255 255 255 255 255 255 255 255 240 016 000 000 000 076 252 255 255 255 255 255 255 255 255 255 255 255 255 255 118 133 158 178 180 183 185 187 035 000 000 147 168 161 151 127 162 255 255 
255 255 255 255 255 255 255 255 255 255 255 255 255 255 255 246 049 000 000 000 098 255 255 255 255 255 255 255 255 255 255 255 255 255 160 000 000 000 000 089 252 255 255 255 255 255 255 255 255 255 255 255 255 012 000 000 000 000 000 000 000 000 000 000 000 000 000 000 000 094 255 232 
255 255 255 255 255 255 255 255 255 255 255 255 255 255 254 085 000 000 000 025 237 255 255 255 255 255 255 255 255 255 255 255 255 255 255 079 000 000 000 000 092 252 255 255 255 255 255 255 255 255 255 255 255 012 000 000 000 000 000 000 000 000 000 000 000 000 000 000 000 094 255 162 
255 255 255 255 255 255 255 255 255 255 255 255 255 255 125 000 000 000 003 192 255 255 255 255 255 255 255 255 255 255 255 255 255 255 255 239 036 000 000 000 000 057 219 255 255 255 255 255 255 255 255 255 255 050 062 085 098 103 109 102 000 000 000 000 086 094 085 074 052 117 255 077 
255 255 255 255 255 255 255 255 255 255 255 255 255 166 000 000 000 000 130 255 255 255 255 255 255 255 255 255 255 255 255 255 255 255 255 255 213 013 000 000 000 000 010 148 254 255 255 255 255 255 255 255 255 255 255 255 255 255 255 143 000 000 000 000 214 255 222 255 255 255 255 255 
255 255 255 255 255 255 255 255 255 255 255 255 198 008 000 000 000 069 253 255 255 255 255 255 255 255 255 255 255 255 255 255 255 255 255 255 255 193 014 000 000 000 000 000 069 227 255 255 255 255 255 255 255 255 255 255 255 255 232 017 000 000 000 000 214 155 005 172 255 255 255 255 
255 255 255 255 255 255 255 255 255 255 255 185 012 000 000 000 025 233 255 255 255 255 255 255 255 255 255 255 255 255 255 255 255 255 255 255 255 255 206 022 000 000 000 000 000 010 102 214 255 255 255 255 255 255 255 255 255 255 087 000 030 042 000 000 177 002 000 005 182 255 255 255 
028 015 058 255 255 255 255 255 255 255 165 005 000 000 000 011 178 212 237 255 255 255 255 255 255 255 255 255 255 255 255 255 255 255 255 255 255 249 243 200 031 000 000 000 000 000 000 098 255 255 255 255 255 255 255 255 255 140 000 000 146 047 000 000 214 119 000 000 013 213 255 255 
000 000 054 255 255 255 255 255 254 134 001 000 000 000 003 180 144 000 000 004 009 011 014 017 020 023 022 021 019 018 017 016 014 013 012 006 001 000 000 010 228 043 000 000 000 000 065 253 255 255 255 255 255 255 255 255 161 001 000 023 246 044 000 000 213 253 062 000 000 045 254 255 
000 000 054 255 255 255 255 255 092 000 000 000 000 000 152 255 144 000 000 000 000 000 000 000 000 000 000 000 000 000 000 000 000 000 000 000 000 000 000 032 255 237 070 000 000 022 230 255 255 255 255 255 255 255 255 180 004 000 000 180 255 039 000 000 210 255 208 003 015 195 255 255 
000 000 054 255 255 255 255 255 234 076 000 000 000 120 255 255 144 000 000 000 000 000 000 000 000 000 000 000 000 000 000 000 000 000 000 000 000 000 000 054 255 255 254 138 005 168 255 255 255 255 255 255 255 255 161 007 000 000 112 255 255 035 000 000 207 255 255 123 205 255 255 255 
032 019 061 255 255 255 255 255 255 254 094 000 111 255 255 255 168 076 106 122 123 124 050 000 000 000 121 125 125 125 125 125 125 125 125 105 000 000 000 077 255 255 255 255 213 255 255 255 255 255 255 255 252 113 000 000 000 050 249 255 255 030 000 000 203 255 255 255 255 255 255 254 
255 255 255 255 255 255 255 255 255 255 251 159 255 255 255 255 255 255 255 255 255 255 081 000 000 011 255 255 255 255 255 255 255 255 255 197 000 000 000 099 255 255 255 255 255 255 255 255 255 255 255 255 222 039 000 000 012 218 255 255 255 013 000 000 186 255 255 255 255 255 242 090 
255 255 255 255 255 255 255 255 255 255 255 255 255 255 255 255 255 255 255 255 255 255 054 000 000 036 255 255 255 255 255 255 255 255 255 175 000 000 000 121 255 255 255 255 255 255 255 255 255 255 255 255 255 244 059 018 197 255 255 255 249 000 000 000 165 255 255 255 255 222 033 000 
255 255 255 255 255 255 255 255 255 255 255 255 255 255 255 255 255 255 255 255 255 248 014 000 000 067 255 255 255 255 255 255 255 255 255 153 000 000 000 144 255 255 255 255 255 255 255 255 255 255 255 255 255 255 237 215 255 255 255 255 230 000 000 000 143 255 255 255 255 255 166 005 
255 255 255 255 255 255 255 255 255 255 255 255 255 255 255 255 255 255 255 255 255 178 000 000 000 131 255 255 255 255 255 255 255 255 255 130 000 000 000 166 255 255 255 255 255 255 255 255 255 255 255 255 255 255 255 255 255 255 255 255 242 164 164 164 210 255 255 255 255 255 255 178 
255 255 255 255 255 255 255 255 255 255 255 255 255 255 255 255 255 255 255 255 255 093 000 000 000 200 255 255 255 255 255 255 255 255 255 108 000 000 000 188 255 255 255 255 255 255 255 255 255 255 255 255 255 255 255 255 255 255 255 255 255 255 255 255 255 255 255 255 255 255 255 253 
255 255 255 255 255 255 255 255 255 255 255 255 255 255 255 255 255 255 255 255 249 015 000 000 016 252 255 255 255 255 255 255 255 255 255 086 000 000 000 211 255 255 255 255 255 255 255 255 255 255 255 255 255 255 255 255 217 250 255 255 255 255 142 179 195 195 251 255 255 255 117 016 
255 255 255 255 255 255 255 255 255 255 255 255 255 255 255 255 255 255 255 255 170 000 000 000 086 255 255 255 255 255 255 255 255 255 255 064 000 000 000 233 255 255 255 255 255 255 255 255 255 255 255 255 255 255 255 241 000 005 042 180 255 255 041 000 000 062 245 255 255 255 166 000 
255 255 255 255 255 255 255 255 255 255 255 255 255 255 255 255 255 255 255 247 032 000 000 000 193 255 255 255 255 255 255 255 255 255 255 042 000 000 002 253 255 255 255 255 255 255 255 255 255 255 255 255 255 255 255 201 000 000 000 191 255 255 063 000 000 182 255 255 255 255 253 041 
255 255 255 255 255 255 255 255 255 255 255 255 255 255 255 255 255 255 255 123 000 000 000 051 255 255 255 255 255 255 255 255 255 255 255 020 000 000 022 255 255 255 255 255 255 255 255 255 255 255 255 255 255 255 255 139 000 000 001 240 255 255 070 000 000 190 255 255 255 255 255 149 
255 255 255 255 255 255 255 255 255 255 255 255 255 255 255 255 255 255 181 003 000 000 001 192 255 255 255 255 255 255 255 255 255 255 252 002 000 000 044 255 255 255 255 255 255 255 255 255 255 255 255 255 255 255 255 038 000 000 048 255 255 255 071 000 000 190 255 255 255 255 255 230 
255 255 255 255 255 255 255 255 255 255 255 255 255 255 255 255 255 188 008 000 000 000 111 255 255 255 255 255 255 255 255 255 255 255 225 000 000 000 066 255 255 255 255 255 255 255 255 255 255 255 255 255 255 255 191 000 000 000 129 255 255 255 071 000 000 190 255 255 255 255 255 255 
255 255 255 255 255 255 255 255 255 255 255 255 255 255 255 255 157 009 000 000 000 045 248 255 255 255 255 255 255 255 255 255 255 255 159 000 000 000 088 255 255 255 255 255 255 255 255 255 255 255 255 255 255 255 089 000 000 000 209 255 255 255 071 000 000 190 255 255 255 255 255 255 
255 255 255 255 255 255 255 255 255 255 255 255 255 255 245 097 000 000 000 000 013 211 255 255 255 255 255 255 255 255 255 255 255 250 052 000 000 000 111 255 255 255 255 255 255 255 255 255 255 255 255 255 255 228 007 000 000 034 255 255 255 255 073 000 000 171 255 255 255 255 255 255 
255 255 255 255 255 255 255 255 255 255 255 255 254 163 028 000 000 000 000 020 204 255 255 255 255 255 255 255 224 185 196 182 158 041 000 000 000 000 138 255 255 255 255 255 255 255 255 255 255 255 255 255 255 084 000 000 000 116 255 255 255 255 088 000 000 025 195 241 255 255 255 255 
255 255 255 255 255 255 255 255 255 255 255 187 054 000 000 000 000 000 028 215 255 255 255 255 255 255 255 255 244 034 000 000 000 000 000 000 000 000 198 255 255 255 255 255 255 255 255 255 255 255 255 255 184 000 000 000 003 221 255 255 255 255 148 000 000 000 000 000 004 016 011 005 
255 255 255 255 255 255 255 255 255 255 163 015 000 000 000 000 000 037 225 255 255 255 255 255 255 255 255 255 255 149 000 000 000 000 000 000 000 060 255 255 255 255 255 255 255 255 255 255 255 255 255 255 249 182 101 023 089 255 255 255 255 255 237 043 000 000 000 000 000 000 000 000 
255 255 255 255 255 255 255 255 255 255 255 226 060 000 000 000 060 233 255 255 255 255 255 255 255 255 255 255 255 243 014 000 000 000 000 000 079 230 255 255 255 255 255 255 255 255 255 255 255 255 255 255 255 255 255 253 243 255 255 255 255 255 255 236 137 057 019 004 000 000 000 000 
255 255 255 255 255 255 255 255 255 255 255 255 252 107 020 157 254 255 255 255 255 255 255 255 255 255 255 255 255 255 088 000 003 056 123 194 255 255 255 255 255 255 255 255 255 255 255 255 255 255 255 255 255 255 255 255 255 255 255 255 255 255 255 255 255 255 255 255 252 245 237 230 
255 255 255 255 255 255 255 255 255 255 255 255 255 254 239 255 255 255 255 255 255 255 255 255 255 255 255 255 255 255 217 211 248 255 255 255 255 255 255 255 255 255 255 255 255 255 255 255 255 255 255 255 255 255 255 255 255 255 255 255 255 255 255 255 255 255 255 255 255 255 255 255 
255 255 255 255 255 255 255 255 255 255 255 255 255 255 255 255 255 255 255 255 255 255 255 255 255 255 255 255 255 255 255 255 255 255 255 255 255 255 255 255 255 255 255 255 255 255 255 255 255 255 255 255 255 255 255 255 255 255 255 255 255 255 255 255 255 255 255 255 255 255 255 255 
255 255 255 255 255 255 255 255 255 255 255 255 255 255 255 255 255 255 255 255 255 255 255 255 255 255 255 255 255 255 255 255 255 255 255 255 255 255 255 255 255 255 255 255 255 255 255 255 255 255 255 255 255 255 255 255 255 255 255 255 255 255 255 255 255 255 255 255 255 255 255 255 
255 255 255 255 255 255 255 255 255 255 255 255 255 255 255 255 255 255 255 255 255 255 255 255 255 255 255 255 255 255 255 255 255 255 255 255 255 255 255 255 255 255 255 255 255 255 255 255 255 255 255 255 255 255 255 255 255 255 255 255 255 255 255 255 255 255 255 255 255 255 255 255 
255 255 255 255 255 255 255 255 255 255 255 255 255 255 255 255 255 255 255 255 255 255 255 255 255 255 255 255 255 255 255 255 255 255 255 255 255 255 255 255 255 255 255 255 255 255 255 255 255 255 255 255 255 255 255 255 255 255 255 255 255 255 255 255 255 255 255 255 255 255 255 255 
255 255 255 255 255 255 255 255 255 255 255 255 255 255 255 255 255 255 255 255 255 255 255 255 255 255 255 255 255 255 255 255 255 255 255 255 255 255 255 255 255 255 255 255 255 255 255 255 255 255 255 255 255 255 255 255 255 255 255 255 255 255 255 255 255 255 255 255 255 255 255 255 
255 255 255 255 255 255 255 255 255 255 255 255 255 255 255 255 255 255 255 255 255 255 255 255 255 255 255 255 255 255 255 255 255 255 255 255 255 255 255 255 255 255 255 255 255 255 255 255 255 255 255 255 255 255 255 255 255 255 255 255 255 255 255 255 255 255 255 255 255 255 255 255 
255 255 255 255 255 255 255 255 255 255 255 255 255 255 255 255 255 255 255 255 255 255 255 255 255 255 255 255 255 255 255 255 255 255 255 255 255 255 255 255 255 255 255 255 255 255 255 255 255 255 255 255 255 255 255 255 255 255 255 255 255 255 255 255 255 255 255 255 255 255 255 255 
255 255 255 255 255 255 255 255 255 255 255 255 255 255 255 255 255 255 255 255 255 255 255 255 255 255 255 255 255 255 255 255 255 255 255 255 255 255 255 255 255 255 255 255 255 255 255 255 255 255 255 255 255 255 255 255 255 255 255 255 255 255 255 255 255 255 255 255 255 255 255 255 
255 255 255 255 255 255 255 255 255 255 255 255 255 255 255 255 255 255 255 255 255 255 255 255 255 255 255 255 255 255 255 255 255 255 255 255 255 255 255 255 255 255 255 255 255 255 255 255 255 255 255 255 255 255 255 255 255 255 255 255 255 255 255 255 255 255 255 255 255 255 255 255 
255 255 255 255 255 255 255 255 255 255 255 255 255 255 255 255 255 255 255 255 255 255 255 255 255 255 255 255 255 255 255 255 255 255 255 255 255 255 255 255 255 255 255 255 255 255 255 255 255 255 255 255 255 255 255 255 255 255 255 255 255 255 255 255 255 255 255 255 255 255 255 255 
255 255 255 255 255 255 255 255 255 255 255 255 255 255 255 255 255 255 255 255 255 255 255 255 255 255 255 255 255 255 255 255 255 255 255 255 255 255 255 255 255 255 255 255 255 255 255 255 255 255 255 255 255 255 255 255 255 255 255 255 255 255 255 255 255 255 255 255 255 255 255 255 
255 255 255 255 255 255 255 255 255 255 255 255 255 255 255 255 255 255 255 255 255 255 255 255 255 255 255 255 255 255 255 255 255 255 255 255 255 255 255 255 255 255 255 255 255 255 255 255 255 255 255 255 255 255 255 255 255 255 255 255 255 255 255 255 255 255 255 255 255 255 255 255 
255 255 255 255 255 255 255 255 255 255 255 255 255 255 255 255 255 255 255 255 255 255 255 255 255 255 255 255 255 255 255 255 255 255 255 255 255 255 255 255 255 255 255 255 255 255 255 255 255 255 255 255 255 255 255 255 255 255 255 255 255 255 255 255 255 255 255 255 255 255 255 255 
255 255 255 255 255 255 255 255 255 255 255 255 255 255 255 255 255 255 255 255 255 255 255 255 255 255 255 255 255 255 255 255 255 255 255 255 255 255 255 255 255 255 255 255 255 255 255 255 255 255 255 255 255 255 255 255 255 255 255 255 255 255 255 255 255 255 255 255 255 255 255 255 
255 255 255 255 255 255 255 255 255 255 255 255 255 255 255 255 255 255 255 255 255 255 255 255 255 255 255 255 255 255 255 255 255 255 255 255 255 255 255 255 255 255 255 255 255 255 255 255 255 255 255 255 255 255 255 255 255 255 255 255 255 255 255 255 255 255 255 255 255 255 255 255 
255 255 255 255 255 255 255 255 255 255 255 255 255 255 255 255 255 255 255 255 255 255 255 255 255 255 255 255 255 255 255 255 255 255 255 255 255 255 255 255 255 255 255 255 255 255 255 255 255 255 255 255 255 255 255 255 255 255 255 255 255 255 255 255 255 255 255 255 255 255 255 255 
255 255 255 255 255 255 255 255 255 255 255 255 255 255 255 255 255 255 255 255 255 255 255 255 255 255 255 255 255 255 255 255 255 255 255 255 255 255 255 255 255 255 255 255 255 255 255 255 255 255 255 255 255 255 255 255 255 255 255 255 255 255 255 255 255 255 255 255 255 255 255 255 
255 255 255 255 255 255 255 255 255 255 255 255 255 255 255 255 255 255 255 255 255 255 255 255 255 255 255 255 255 255 255 255 255 255 255 255 255 255 255 255 255 255 255 255 255 255 255 255 255 255 255 255 255 255 255 255 255 255 255 255 255 255 255 255 255 255 255 255 255 255 255 255 
255 255 255 255 255 255 255 255 255 255 255 255 255 255 255 255 255 255 255 255 255 255 255 255 255 255 255 255 255 255 255 255 255 255 255 255 255 255 255 255 255 255 255 255 255 255 255 255 255 255 255 255 255 255 255 255 255 255 255 255 255 255 255 255 255 255 255 255 255 255 255 255 
255 255 255 255 255 255 255 255 255 255 255 255 255 255 255 255 255 255 255 255 255 255 255 255 255 255 255 255 255 255 255 255 255 255 255 255 255 255 255 255 255 255 255 255 255 255 255 255 255 255 255 255 255 255 255 255 255 255 255 255 255 255 255 255 255 255 255 255 255 255 255 255 
255 255 255 255 255 255 255 255 255 255 255 255 255 255 255 255 255 255 255 255 255 255 255 255 255 255 255 255 255 255 255 255 255 255 255 255 255 255 255 255 255 255 255 255 255 255 255 255 255 255 255 255 255 255 255 255 255 255 255 255 255 255 255 255 255 255 255 255 255 255 255 255 
255 255 255 255 255 255 255 255 255 255 255 255 255 255 255 255 255 255 255 255 255 255 255 255 255 255 255 255 255 255 255 255 255 255 255 255 255 255 255 255 255 255 255 255 255 255 255 255 255 255 255 255 255 255 255 255 255 255 255 255 255 255 255 255 255 255 255 255 255 255 255 255 
255 255 255 255 255 255 255 255 255 255 255 255 255 255 255 255 255 255 255 255 255 255 255 255 255 255 255 255 255 255 255 255 255 255 255 255 255 255 255 255 255 255 255 255 255 255 255 255 255 255 255 255 255 255 255 255 255 255 255 255 255 255 255 255 255 255 255 255 255 255 255 255 
255 255 255 255 255 255 255 255 255 255 255 255 255 255 255 255 255 255 255 255 255 255 255 255 255 255 255 255 255 255 255 255 255 255 255 255 255 255 255 255 255 255 255 255 255 255 255 255 255 255 255 255 255 255 255 255 255 255 255 255 255 255 255 255 255 255 255 255 255 255 255 255 
255 255 255 255 255 255 255 255 255 255 255 255 255 255 255 255 255 255 255 255 255 255 255 255 255 255 255 255 255 255 255 255 255 255 255 255 255 255 255 255 255 255 255 255 255 255 255 255 255 255 255 255 255 255 255 255 255 255 255 255 255 255 255 255 255 255 255 255 255 255 255 255 
255 255 255 255 255 255 255 255 255 255 255 255 255 255 255 255 255 255 255 255 255 255 255 255 255 255 255 255 255 255 255 255 255 255 255 255 255 255 255 255 255 255 255 255 255 255 255 255 255 255 255 255 255 255 255 255 255 255 255 255 255 255 255 255 255 255 255 255 255 255 255 255 
255 255 255 255 255 255 255 255 255 255 255 255 255 255 255 255 255 255 255 255 255 255 255 255 255 255 255 255 255 255 255 255 255 255 255 255 255 255 255 255 255 255 255 255 255 255 255 255 255 255 255 255 255 255 255 255 255 255 255 255 255 255 255 255 255 255 255 255 255 255 255 255 
255 255 255 255 255 255 255 255 255 216 072 221 255 255 255 255 255 255 255 255 255 255 255 255 255 255 255 255 255 255 255 255 255 255 255 255 255 255 255 255 255 255 255 255 255 255 255 255 255 255 255 255 255 255 255 255 255 255 255 255 255 255 255 255 255 255 255 255 255 255 255 255 
255 255 255 255 255 255 255 255 255 090 000 010 131 242 255 255 255 255 255 255 255 255 255 255 255 255 255 255 255 255 255 255 255 255 255 255 255 255 255 255 255 255 255 255 255 255 255 255 255 255 255 255 255 255 255 255 255 255 255 255 255 255 255 255 255 255 255 255 255 255 255 255 
255 255 255 255 255 255 255 255 214 002 000 000 000 019 165 255 255 255 255 255 255 255 255 255 255 255 255 255 255 255 255 255 255 255 255 255 255 255 255 255 255 255 255 255 255 255 255 255 255 255 255 255 255 255 255 255 255 255 255 255 255 255 255 255 255 255 255 255 255 255 255 255 
255 255 255 255 255 255 255 252 058 000 000 000 000 102 223 255 255 255 255 255 255 255 255 255 255 255 255 255 255 255 255 255 255 255 255 255 255 255 255 255 255 188 179 189 200 210 221 227 229 230 232 234 236 238 240 243 241 239 238 236 234 232 230 228 227 221 210 199 189 178 194 255 
255 255 255 255 255 255 255 128 000 000 000 003 166 255 255 255 255 255 255 255 255 255 255 255 255 255 255 255 255 255 255 255 255 255 255 255 255 255 255 255 255 063 000 000 000 000 000 000 000 000 000 000 000 000 000 000 000 000 000 000 000 000 000 000 000 000 000 000 000 000 087 255 
255 255 255 255 255 255 199 003 000 000 001 161 255 255 255 255 255 255 255 255 228 223 255 255 255 255 255 255 255 255 255 255 255 255 255 255 255 255 255 255 255 077 000 000 000 000 000 000 000 000 000 000 000 000 000 000 000 000 000 000 000 000 000 000 000 000 000 000 000 000 109 255 
255 255 255 255 255 242 034 000 000 000 149 255 255 255 255 255 255 255 255 255 084 023 203 255 255 255 255 255 255 255 255 255 255 255 255 255 255 255 255 255 255 092 000 000 000 026 028 028 028 028 028 028 028 028 028 028 028 028 028 028 028 028 028 028 028 028 022 000 000 000 130 255 
255 255 255 255 255 096 000 000 000 136 255 255 255 255 255 255 255 255 255 161 000 000 010 152 253 255 255 255 255 255 255 255 255 255 255 255 255 255 255 255 255 106 000 000 000 227 255 255 255 255 255 255 255 255 255 255 255 255 255 255 255 255 255 255 255 255 193 000 000 000 150 255 
255 255 255 255 171 000 000 000 115 255 255 255 255 255 255 255 255 255 192 006 000 000 000 000 052 233 255 255 255 255 255 255 255 255 255 255 255 255 255 255 255 120 000 000 000 220 255 255 255 255 255 255 255 255 255 255 255 255 255 255 255 255 255 255 255 255 179 000 000 000 169 255 
255 255 255 220 018 000 000 075 253 255 255 255 255 255 255 255 255 217 018 000 000 000 000 032 160 247 255 255 255 255 255 255 255 255 255 255 255 255 255 255 255 135 000 000 000 214 255 255 255 255 255 255 255 255 255 255 255 255 255 255 255 255 255 255 255 255 166 000 000 000 188 255 
255 255 237 038 000 000 041 241 255 255 255 255 255 255 255 255 236 036 000 000 000 000 109 245 255 255 255 255 255 255 255 255 255 255 255 255 255 255 255 255 255 144 000 000 000 208 255 255 255 255 255 255 255 255 255 255 255 255 255 234 057 210 255 255 255 255 152 000 000 000 206 255 
255 248 061 000 000 018 219 255 255 255 255 255 255 255 255 247 062 000 000 000 006 157 255 255 255 255 255 255 255 255 255 255 255 255 255 255 255 255 255 255 255 147 000 000 000 201 255 255 255 255 255 255 255 255 255 255 255 255 255 158 000 004 104 231 255 255 138 000 000 000 223 255 
254 090 000 000 004 188 255 255 255 255 255 255 255 255 248 072 000 000 000 020 194 255 255 255 255 255 255 255 255 255 255 255 255 255 255 255 255 255 255 255 255 150 000 000 000 199 255 255 229 066 197 255 255 255 255 255 255 255 255 079 000 000 000 019 255 255 125 000 000 000 238 255 
116 000 000 000 145 255 255 255 255 255 255 255 255 243 077 000 000 000 044 223 255 255 255 255 255 255 255 255 255 255 255 255 255 255 255 255 255 255 255 255 255 153 000 000 000 201 255 199 025 000 017 212 255 255 255 255 255 255 231 005 000 000 001 195 255 255 111 000 000 000 252 255 
000 000 000 066 190 168 146 123 101 078 056 034 011 000 000 000 000 076 242 255 255 255 255 255 255 255 255 255 255 255 255 255 255 255 255 255 255 255 255 255 255 156 000 000 000 204 255 177 005 000 000 027 224 255 255 255 255 255 129 000 000 000 098 255 255 255 097 000 000 012 255 255 
000 000 000 000 000 000 000 000 000 000 000 000 000 000 000 000 116 253 255 255 255 255 255 255 255 255 255 255 255 255 255 255 255 255 255 255 255 255 255 255 255 159 000 000 000 206 255 255 176 005 000 000 038 238 255 255 255 251 026 000 000 016 234 255 255 255 083 000 000 026 255 255 
000 000 000 000 000 000 000 000 000 000 002 000 000 000 002 147 255 255 255 255 255 255 255 211 075 131 175 186 198 252 255 255 255 255 255 255 255 255 255 255 255 162 000 000 000 209 255 255 255 161 000 000 000 067 251 255 255 169 000 000 000 147 255 255 255 255 070 000 000 034 255 255 
000 000 002 036 076 108 139 169 200 208 052 000 000 007 170 255 255 255 255 255 255 255 255 151 000 000 000 000 043 240 255 255 255 255 255 255 255 255 255 255 255 165 000 000 000 211 255 255 255 255 131 000 000 000 105 255 255 060 000 000 039 251 255 255 255 255 062 000 000 041 255 255 
143 205 247 255 255 255 255 255 214 033 000 000 014 190 255 255 255 255 255 255 255 255 255 096 000 000 000 023 239 255 255 255 255 255 255 255 255 255 255 255 255 168 000 000 000 214 255 255 255 255 255 102 000 000 000 148 183 000 000 000 174 255 255 255 255 255 062 000 000 048 255 255 
255 255 255 255 255 255 255 163 011 000 000 025 208 255 255 255 255 255 255 255 255 255 255 042 000 000 000 142 255 255 255 255 255 255 255 255 255 255 255 255 255 171 000 000 000 216 255 255 255 255 255 252 075 000 000 004 030 000 000 058 255 255 255 255 255 255 063 000 000 054 255 255 
255 255 255 255 255 247 100 000 000 000 038 223 255 255 255 255 255 255 255 255 255 255 222 000 000 000 004 233 255 255 255 255 255 255 255 255 255 255 255 255 255 170 000 000 000 220 255 255 255 255 255 255 243 041 000 000 000 000 000 197 255 255 255 255 255 255 064 000 000 061 255 255 
255 255 255 255 208 047 000 000 000 054 235 255 255 255 255 255 255 255 255 255 255 255 133 000 000 000 073 255 255 255 255 255 255 255 255 255 255 255 255 255 255 157 000 000 000 230 255 255 255 255 255 255 255 213 011 000 000 000 080 255 255 255 255 255 255 255 065 000 000 068 255 255 
255 255 241 110 003 000 000 000 072 244 255 255 255 255 255 255 255 255 255 255 255 255 043 000 000 000 165 255 255 255 255 255 255 255 255 255 255 255 255 255 255 144 000 000 000 242 255 255 255 255 255 255 255 250 047 000 000 000 093 255 255 255 255 255 255 255 066 000 000 073 255 255 
255 166 025 000 000 000 000 094 251 255 255 255 255 251 229 207 184 162 139 117 094 070 000 000 000 020 245 255 255 255 255 255 255 255 255 255 255 255 255 255 255 132 000 000 001 253 255 255 255 255 255 255 255 119 000 000 000 000 000 167 255 255 255 255 255 255 067 000 000 064 255 255 
058 000 000 000 000 000 034 130 108 086 063 041 018 001 000 000 000 000 000 000 000 000 000 000 000 145 255 255 255 255 255 255 255 255 255 255 255 255 255 255 255 119 000 000 010 255 255 255 255 255 255 255 187 001 000 000 000 000 000 015 224 255 255 255 255 255 067 000 000 049 255 255 
000 000 000 000 000 000 000 000 000 000 000 000 000 000 000 000 000 000 000 000 000 000 000 000 035 250 255 255 255 255 255 255 255 255 255 255 255 255 255 255 255 097 000 000 025 255 255 255 255 255 255 227 025 000 000 002 128 001 000 000 059 252 255 255 255 255 068 000 000 034 255 255 
000 000 000 000 000 000 000 000 000 000 000 000 009 038 067 096 125 154 182 209 057 000 000 000 169 255 255 255 255 255 255 255 255 255 255 255 255 255 255 255 255 069 000 000 045 255 255 255 255 255 240 044 000 000 000 121 255 100 000 000 000 128 255 255 255 255 078 000 000 019 255 255 
009 000 000 000 017 054 090 121 150 179 208 236 255 255 255 255 255 255 255 113 000 000 000 055 255 255 255 255 255 255 255 255 255 255 255 255 255 255 255 255 254 017 000 000 070 255 255 255 255 249 065 000 000 000 064 251 255 239 025 000 000 003 203 255 255 255 105 000 000 005 253 255 
091 092 162 229 255 255 255 255 255 255 255 255 255 255 255 255 255 255 110 000 000 000 012 216 255 255 255 255 255 255 255 255 255 255 255 255 255 255 255 255 215 000 000 000 120 255 255 255 254 089 000 000 000 033 236 255 255 255 174 000 000 000 050 252 255 255 133 000 000 000 212 255 
255 255 255 255 255 255 255 255 255 255 255 255 255 255 255 255 243 092 000 000 000 000 167 255 255 255 255 255 255 255 255 255 255 255 255 255 255 255 255 255 160 000 000 000 172 255 255 255 118 000 000 000 013 211 255 255 255 255 255 081 000 000 000 142 255 255 161 000 000 000 158 255 
255 255 255 255 255 255 255 255 255 255 255 255 255 255 255 202 036 000 000 000 000 110 255 255 255 255 255 255 255 255 255 255 255 255 255 255 255 255 255 255 084 000 000 000 225 255 255 137 000 000 000 002 177 255 255 255 255 255 255 217 004 000 000 011 225 255 200 000 000 000 104 255 
255 255 255 255 255 255 255 255 255 255 255 255 255 239 118 005 000 000 000 000 092 253 255 255 255 255 255 255 255 255 255 255 255 255 255 255 255 255 255 237 006 000 000 023 255 252 105 000 000 000 000 134 255 255 255 255 255 255 255 255 099 000 000 000 077 255 249 009 000 000 041 255 
255 255 255 255 255 255 255 255 255 255 255 249 142 018 000 000 000 000 000 106 253 255 255 255 255 255 255 255 255 255 255 255 255 255 255 255 255 255 255 147 000 000 000 103 255 241 125 007 000 000 103 255 255 255 255 255 255 255 255 255 226 007 000 002 094 247 255 073 000 000 000 205 
255 255 255 255 255 255 255 255 255 220 118 022 000 000 000 000 000 008 138 255 255 255 255 255 255 255 255 255 255 255 255 255 255 255 255 255 255 255 252 043 000 000 000 196 255 255 255 217 054 093 254 255 255 255 255 255 255 255 255 255 255 113 074 210 255 255 255 151 000 000 000 104 
255 255 255 255 255 255 250 169 067 001 000 000 000 000 000 000 073 220 255 255 255 255 255 255 255 255 255 255 255 255 255 255 255 255 255 255 255 255 149 000 000 000 033 255 255 255 255 255 245 252 255 255 255 255 255 255 255 255 255 255 255 252 255 255 255 255 255 244 024 000 000 005 
255 255 242 187 129 072 016 000 000 000 000 000 000 000 030 175 255 255 255 255 255 255 255 255 255 255 255 255 255 255 255 255 255 255 255 255 255 237 018 000 000 000 126 255 255 255 255 255 255 255 255 255 255 255 255 255 255 255 255 255 255 255 255 255 255 255 255 255 148 000 000 000 
093 045 002 000 000 000 000 000 000 000 000 000 032 133 245 255 255 255 255 255 255 255 255 255 255 255 255 255 255 255 255 255 255 255 255 255 253 081 000 000 000 015 236 255 255 255 255 255 255 255 255 255 255 255 255 255 255 255 255 255 255 255 255 255 255 255 255 255 250 035 000 000 
000 000 000 000 000 000 000 000 000 005 083 184 253 255 255 255 255 255 255 255 255 255 255 255 255 255 255 255 255 255 255 255 255 255 255 255 228 037 000 000 000 137 255 255 255 255 255 255 255 255 255 255 255 255 255 255 255 255 255 255 255 255 255 255 255 255 255 255 255 211 018 000 
000 000 000 000 000 000 002 050 135 232 255 255 255 255 255 255 255 255 255 255 255 255 255 255 255 255 255 255 255 255 255 255 255 255 255 255 255 223 018 000 031 248 255 255 255 255 255 255 255 255 255 255 255 255 255 255 255 255 255 255 255 255 255 255 255 255 255 255 255 255 201 014 
000 000 003 051 115 178 240 255 255 255 255 255 255 255 255 255 255 255 255 255 255 255 255 255 255 255 255 255 255 255 255 255 255 255 255 255 255 255 181 002 180 255 255 255 255 255 255 255 255 255 255 255 255 255 255 255 255 255 255 255 255 255 255 255 255 255 255 255 255 255 255 230 
144 183 240 255 255 255 255 255 255 255 255 255 255 255 255 255 255 255 255 255 255 255 255 255 255 255 255 255 255 255 255 255 255 255 255 255 255 255 255 182 255 255 255 255 255 255 255 255 255 255 255 255 255 255 255 255 255 255 255 255 255 255 255 255 255 255 255 255 255 255 255 255 
255 255 255 255 255 255 255 255 255 255 255 255 255 255 255 255 255 255 255 255 255 255 255 255 255 255 255 255 255 255 255 255 255 255 255 255 255 255 255 255 255 255 255 255 255 255 255 255 255 255 255 255 255 255 255 255 255 255 255 255 255 255 255 255 255 255 255 255 255 255 255 255 
255 255 255 255 255 255 255 255 255 255 255 255 255 255 255 255 255 255 255 255 255 255 255 255 255 255 255 255 255 255 255 255 255 255 255 255 255 255 255 255 255 255 255 255 255 255 255 255 255 255 255 255 255 255 255 255 255 255 255 255 255 255 255 255 255 255 255 255 255 255 255 255 
255 255 255 255 255 255 255 255 255 255 255 255 255 255 255 255 255 255 255 255 255 255 255 255 255 255 255 255 255 255 255 255 255 255 255 255 255 255 255 255 255 255 255 255 255 255 255 255 255 255 255 255 255 255 255 255 255 255 255 255 255 255 255 255 255 255 255 255 255 255 255 255 
255 255 255 255 255 255 255 255 255 255 255 255 255 255 255 255 255 255 255 255 255 255 255 255 255 255 255 255 255 255 255 255 255 255 255 255 255 255 255 255 255 255 255 255 255 255 255 255 255 255 255 255 255 255 255 255 255 255 255 255 255 255 255 255 255 255 255 255 255 255 255 255 
255 255 255 255 255 255 255 255 255 255 255 255 255 255 255 255 255 255 255 255 255 255 255 255 255 255 255 255 255 255 255 255 255 255 255 255 255 255 255 255 255 255 255 255 255 255 255 255 255 255 255 255 255 255 255 255 255 255 255 255 255 255 255 255 255 255 255 255 255 255 255 255 
255 255 255 255 255 255 255 255 255 255 255 255 255 255 255 255 255 255 255 255 255 255 255 255 255 255 255 255 255 255 255 255 255 255 255 255 255 255 255 255 255 255 255 255 255 255 255 255 255 255 255 255 255 255 255 255 255 255 255 255 255 255 255 255 255 255 255 255 255 255 255 255 
255 255 255 255 255 255 255 255 255 255 255 255 255 255 255 255 255 255 255 255 255 255 255 255 255 255 255 255 255 255 255 255 255 255 255 255 255 255 255 255 255 255 255 255 255 255 255 255 255 255 255 255 255 255 255 255 255 255 255 255 255 255 255 255 255 255 255 255 255 255 255 255 
255 255 255 255 255 255 255 255 255 255 255 255 255 255 255 255 255 255 255 255 255 255 255 255 255 255 255 255 255 255 255 255 255 255 255 255 255 255 255 255 255 255 255 255 255 255 255 255 255 255 255 255 255 255 255 255 255 255 255 255 255 255 255 255 255 255 255 255 255 255 255 255 
255 255 255 255 255 255 255 255 255 255 255 255 255 255 255 255 255 255 255 255 255 255 255 255 255 255 255 255 255 255 255 255 255 255 255 255 255 255 255 255 255 255 255 255 255 255 255 255 255 255 255 255 255 255 255 255 255 255 255 255 255 255 255 255 255 255 255 255 255 255 255 255 
255 255 255 255 255 255 255 255 255 255 255 255 255 255 255 255 255 255 255 255 255 255 255 255 255 255 255 255 255 255 255 255 255 255 255 255 255 255 255 255 255 255 255 255 255 255 255 255 255 255 255 255 255 255 255 255 255 255 255 255 255 255 255 255 255 255 255 255 255 255 255 255 
255 255 255 255 255 255 255 255 255 255 255 255 255 255 255 255 255 255 255 255 255 255 255 255 255 255 255 255 255 255 255 255 255 255 255 255 255 255 255 255 255 255 255 255 255 255 255 255 255 255 255 255 255 255 255 255 255 255 255 255 255 255 255 255 255 255 255 255 255 255 255 255 
255 255 255 255 255 255 255 255 255 255 255 255 255 255 255 255 255 255 255 255 255 255 255 255 255 255 255 255 255 255 255 255 255 255 255 255 255 255 255 255 255 255 255 255 255 255 255 255 255 255 255 255 255 255 255 255 255 255 255 255 255 255 255 255 255 255 255 255 255 255 255 255 
255 255 255 255 255 255 255 255 255 255 255 255 255 255 255 255 255 255 255 255 255 255 255 255 255 255 255 255 255 255 255 255 255 255 255 255 255 255 255 255 255 255 255 255 255 255 255 255 255 255 255 255 255 255 255 255 255 255 255 255 255 255 255 255 255 255 255 255 255 255 255 255 
255 255 255 255 255 255 255 255 255 255 255 255 255 255 255 255 255 255 255 255 255 255 255 255 255 255 255 255 255 255 255 255 255 255 255 255 255 255 255 255 255 255 255 255 255 255 255 255 255 255 255 255 255 255 255 255 255 255 255 255 255 255 255 255 255 255 255 255 255 255 255 255 
255 255 255 255 255 255 255 255 255 255 255 255 255 255 255 255 255 255 255 255 255 255 255 255 255 255 255 255 255 255 255 255 255 255 255 255 255 255 255 255 255 255 255 255 255 255 255 255 255 255 255 255 255 255 255 255 255 255 255 255 255 255 255 255 255 255 255 255 255 255 255 255 
255 255 255 255 255 255 255 255 255 255 255 255 255 255 255 255 255 255 255 255 255 255 255 255 255 255 255 255 255 255 255 255 255 255 255 255 255 255 255 255 255 255 255 255 255 255 255 255 255 255 255 255 255 255 255 255 255 255 255 255 255 255 255 255 255 255 255 255 255 255 255 255 
255 255 255 255 255 255 255 255 255 255 255 255 255 255 255 255 255 255 255 255 255 255 255 255 255 255 255 255 255 255 255 255 255 255 255 255 255 255 255 255 255 255 255 255 255 255 255 255 255 255 255 255 255 255 255 255 255 255 255 255 255 255 255 255 255 255 255 255 255 255 255 255 
255 255 255 255 255 255 255 255 255 255 255 255 255 255 255 255 255 255 255 255 255 255 255 255 255 255 255 255 255 255 255 255 255 255 255 255 255 255 255 255 255 255 255 255 255 255 255 255 255 255 255 255 255 255 255 255 255 255 255 255 255 255 255 255 255 255 255 255 255 255 255 255 
255 255 255 255 255 255 255 255 255 255 255 255 255 255 255 255 255 255 255 255 255 255 255 255 255 255 255 255 255 255 255 255 255 255 255 255 255 255 255 255 255 255 255 255 255 255 255 255 255 255 255 255 255 255 255 255 255 255 255 255 255 255 255 255 255 255 255 255 255 255 255 255 
255 255 255 255 255 255 255 255 255 255 255 255 255 255 255 255 255 255 255 255 255 255 255 255 255 255 255 255 255 255 255 255 255 255 255 255 255 255 255 255 255 255 255 255 255 255 255 255 255 255 255 255 255 255 255 255 255 255 255 255 255 255 255 255 255 255 255 255 255 255 255 255 
255 255 255 255 255 255 255 255 255 255 255 255 255 255 255 255 255 255 255 255 255 255 255 255 255 255 255 255 255 255 255 255 255 255 255 255 255 255 255 255 255 255 255 255 255 255 255 255 255 255 255 255 255 255 255 255 255 255 255 255 255 255 255 255 255 255 255 255 255 255 255 255 
255 255 255 255 255 255 255 255 255 255 255 255 255 255 255 255 255 255 255 255 255 255 255 255 255 255 255 255 255 255 255 255 255 255 255 255 255 255 255 255 255 255 255 255 255 255 255 255 255 255 255 255 255 255 255 255 255 255 255 255 255 255 255 255 255 255 255 255 255 255 255 255 
255 255 255 255 255 255 255 255 255 255 255 255 255 255 255 255 255 255 255 255 255 255 255 255 255 255 255 255 255 255 255 255 255 255 255 255 255 255 255 255 255 255 255 255 255 255 255 255 255 255 255 255 255 255 255 255 255 255 255 255 255 255 255 255 255 255 255 255 255 255 255 255 
255 255 255 255 255 255 255 255 255 255 255 255 255 255 255 255 255 255 255 255 255 255 255 255 255 255 255 255 255 255 255 255 255 255 255 255 255 255 255 255 255 255 255 255 255 255 255 255 255 255 255 255 255 255 255 255 255 255 255 255 255 255 255 255 255 255 255 255 255 255 255 255 
255 255 255 255 255 255 255 255 255 255 255 255 255 255 255 255 255 255 255 255 255 255 255 255 255 255 255 255 255 255 255 255 255 255 255 255 255 255 255 255 255 255 255 255 255 255 255 255 255 255 255 255 255 255 255 255 255 255 255 255 255 255 255 255 255 255 255 255 255 255 255 255 
255 255 255 255 255 255 255 255 255 255 255 255 255 255 255 255 255 255 255 255 255 255 255 255 255 255 255 255 255 255 255 255 255 255 255 255 255 255 255 255 255 255 255 255 255 255 255 255 255 255 255 255 255 255 255 255 255 255 255 255 255 255 255 255 255 255 255 255 255 255 255 255 
255 255 255 255 255 255 255 255 255 255 255 255 255 255 255 255 255 255 255 255 255 255 255 255 255 255 255 255 255 255 255 255 255 255 255 255 255 255 255 255 255 255 255 255 255 255 255 255 255 255 255 255 255 255 255 255 255 255 255 255 255 255 255 255 255 255 255 255 255 255 255 255 
255 255 255 255 255 255 255 255 255 255 255 255 255 255 255 255 255 255 255 255 255 255 255 255 255 255 255 255 255 255 255 255 255 255 255 255 255 255 255 255 255 255 255 255 255 255 255 255 255 255 255 255 255 255 255 255 255 255 255 255 255 255 255 255 255 255 255 255 255 255 255 255 
255 255 255 255 255 255 255 255 255 255 255 255 255 255 255 255 255 255 255 255 255 255 255 255 255 255 255 255 255 255 255 255 255 255 255 255 255 255 255 255 255 255 255 255 255 255 255 255 255 255 255 255 255 255 255 255 255 255 255 255 255 255 255 255 255 255 255 255 255 255 255 255 
255 255 255 255 255 255 255 255 255 255 255 255 255 255 255 255 255 255 255 255 255 255 255 255 255 255 255 255 255 255 255 255 255 255 255 255 255 255 255 255 255 255 255 255 255 255 255 255 255 255 255 255 255 255 255 255 255 255 255 255 255 255 255 255 255 255 255 255 255 255 255 255 
255 255 255 255 255 255 255 255 255 255 255 255 255 255 255 255 255 255 255 255 255 255 255 255 255 255 255 255 255 255 255 255 255 255 255 255 255 255 255 255 255 255 255 255 255 255 255 255 255 255 255 255 255 255 255 255 255 255 255 255 255 255 255 255 255 255 255 255 255 255 255 255 
255 255 255 255 255 255 255 255 255 255 255 255 255 255 255 255 255 255 255 255 255 255 255 255 255 255 255 255 255 255 255 255 255 255 255 255 255 255 255 255 255 255 255 255 255 255 255 255 255 255 255 255 255 255 255 255 255 255 255 255 255 255 255 255 255 255 255 255 255 255 255 255 
255 255 255 255 255 255 255 255 255 255 255 255 255 255 255 255 255 255 255 255 255 255 255 255 255 255 255 255 255 255 255 255 255 255 255 255 255 255 255 255 255 255 255 255 255 255 255 255 255 255 255 255 255 255 255 255 255 255 255 255 255 255 255 255 255 255 255 255 255 255 255 255 
255 255 255 255 255 255 255 255 255 255 255 255 255 255 255 255 255 255 255 255 255 255 255 255 255 255 255 255 255 255 255 255 255 255 255 255 255 255 255 255 255 255 255 255 255 255 255 255 255 255 255 255 255 255 255 255 255 255 255 255 255 255 255 255 255 255 255 255 255 255 255 255 
255 255 255 255 255 255 255 255 255 255 255 255 255 255 255 255 255 255 255 255 255 255 255 255 255 255 255 255 255 255 255 255 255 255 255 255 255 255 255 255 255 255 255 255 255 255 255 255 255 255 255 255 255 255 255 255 255 255 255 255 255 255 255 255 255 255 255 255 255 255 255 255 
255 255 255 255 255 255 255 255 255 255 255 255 255 255 255 255 255 255 255 255 255 255 255 255 255 255 255 255 255 255 255 255 255 255 255 255 255 255 255 255 255 255 255 255 255 255 255 255 255 255 255 255 255 255 255 255 255 255 255 255 255 255 255 255 255 255 255 255 255 255 255 255 
255 255 255 255 255 255 255 255 255 255 255 255 255 255 255 255 255 255 255 255 255 255 255 255 255 255 255 255 255 255 255 255 255 255 255 255 255 255 255 255 255 255 255 255 255 255 255 255 255 255 255 255 255 255 255 255 255 255 255 255 255 255 255 255 255 255 255 255 255 255 255 255 
255 255 255 255 255 255 255 255 255 255 255 255 255 255 255 255 255 255 255 255 255 255 255 255 255 255 255 255 255 255 255 255 255 255 255 255 255 255 255 255 255 255 255 255 255 255 255 255 255 255 255 255 255 255 255 255 255 255 255 255 255 255 255 255 255 255 255 255 255 255 255 255 
255 255 255 255 255 255 255 255 255 255 255 255 255 255 255 255 255 255 255 255 255 255 255 255 255 255 255 255 255 255 255 255 255 255 255 255 255 255 255 255 255 255 255 255 255 255 255 255 255 255 255 255 255 255 255 255 255 255 255 255 255 255 255 255 255 255 255 255 255 255 255 255 
255 255 255 255 255 255 255 255 255 255 255 255 255 255 255 255 255 255 255 255 255 255 255 255 255 255 255 255 255 255 255 255 255 255 255 255 255 255 255 255 255 255 255 255 255 255 255 255 255 255 255 255 255 255 255 255 255 255 255 255 255 255 255 255 255 255 255 255 255 255 255 255 
255 255 255 255 255 255 255 255 255 255 255 255 255 255 255 255 255 255 255 255 255 255 255 255 255 255 255 255 255 255 255 255 255 255 255 255 255 255 255 255 255 255 255 255 255 255 255 255 255 255 255 255 255 255 255 255 255 255 255 255 255 255 255 255 255 255 255 255 255 255 255 255 
255 255 255 255 255 255 255 255 255 255 255 255 255 255 255 255 255 255 255 255 255 255 255 255 255 255 255 255 255 255 255 255 255 255 255 255 255 255 255 255 255 255 255 255 255 255 255 255 255 255 255 255 255 255 255 255 255 255 255 255 255 255 255 255 255 255 255 255 255 255 255 255 
255 255 255 255 255 255 255 255 255 255 255 255 255 255 255 255 255 255 255 255 255 255 255 255 255 255 255 255 255 255 255 255 255 255 255 255 255 255 255 255 255 255 255 255 255 255 255 255 255 255 255 255 255 255 255 255 255 255 255 255 255 255 255 255 255 255 255 255 255 255 255 255 
255 255 255 255 255 255 255 255 255 255 255 255 255 255 255 255 255 255 255 255 255 255 255 255 255 255 255 255 255 255 255 255 255 255 255 255 255 255 255 255 255 255 255 255 255 255 255 255 255 255 255 255 255 255 255 255 255 255 255 255 255 255 255 255 255 255 255 255 255 255 255 255 
255 255 255 255 255 255 255 255 255 255 255 255 255 255 255 255 255 255 255 255 255 255 255 255 255 255 255 255 255 255 255 255 255 255 255 255 255 255 255 255 255 255 255 255 255 255 255 255 255 255 255 255 255 255 255 255 255 255 255 255 255 255 255 255 255 255 255 255 255 255 255 255 
255 255 255 255 255 255 255 255 255 255 255 255 255 255 255 255 255 255 255 255 255 255 255 255 255 255 255 255 255 255 255 255 255 255 255 255 255 255 255 255 255 255 255 255 255 255 255 255 255 255 255 255 255 255 255 255 255 255 255 255 255 255 255 255 255 255 255 255 255 255 255 255 
255 255 255 255 255 255 255 255 255 255 255 255 255 255 255 255 255 255 255 255 255 255 255 255 255 255 255 255 255 255 255 255 255 255 255 255 255 255 255 255 255 255 255 255 255 255 255 255 255 255 255 255 255 255 255 255 255 255 255 255 255 255 255 255 255 255 255 255 255 255 255 255 
255 255 255 255 255 255 255 255 255 255 255 255 255 255 255 255 255 255 255 255 255 255 255 255 255 255 255 255 255 255 255 255 255 255 255 255 255 255 255 255 255 255 255 255 255 255 255 255 255 255 255 255 255 255 255 255 255 255 255 255 255 255 255 255 255 255 255 255 255 255 255 255 
255 255 255 255 255 255 255 255 255 255 255 255 255 255 255 255 255 255 255 255 255 255 255 255 255 255 255 255 255 255 255 255 255 255 255 255 255 255 255 255 255 255 255 255 255 255 255 255 255 255 255 255 255 255 255 255 255 255 255 255 255 255 255 255 255 255 255 255 255 255 255 255 
255 255 255 255 255 255 255 255 255 255 255 255 255 255 255 255 255 255 255 255 255 255 255 255 255 255 255 255 255 255 255 255 255 255 255 255 255 255 255 255 255 255 255 255 255 255 255 255 255 255 255 255 255 255 255 255 255 255 255 255 255 255 255 255 255 255 255 255 255 255 255 255 
255 255 255 255 255 255 255 255 255 255 255 255 255 255 255 255 255 255 255 255 255 255 255 255 255 255 255 255 255 255 255 255 255 255 255 255 255 255 255 255 255 255 255 255 255 255 255 255 255 255 255 255 255 255 255 255 255 255 255 255 255 255 255 255 255 255 255 255 255 255 255 255 
255 255 255 255 255 255 255 255 255 255 255 255 255 255 255 255 255 255 255 255 255 255 255 255 255 255 255 255 255 255 255 255 255 255 255 255 255 255 255 255 255 255 255 255 255 255 255 255 255 255 255 255 255 255 255 255 255 255 255 255 255 255 255 255 255 255 255 255 255 255 255 255 
255 255 255 255 255 255 255 255 255 255 255 255 255 255 255 255 255 255 255 255 255 255 255 255 255 255 255 255 255 255 255 255 255 255 255 255 255 255 255 255 255 255 255 255 255 255 255 255 255 255 255 255 255 255 255 255 255 255 255 255 255 255 255 255 255 255 255 255 255 255 255 255 
255 255 255 255 255 255 255 255 255 255 255 255 255 255 255 255 255 255 255 255 255 255 255 255 255 255 255 255 255 255 255 255 255 255 255 255 255 255 255 255 255 255 255 255 255 255 255 255 255 255 255 255 255 255 255 255 255 255 255 255 255 255 255 255 255 255 255 255 255 255 255 255 
255 255 255 255 255 255 255 255 255 255 255 255 255 255 255 255 255 255 255 255 255 255 255 255 255 255 255 255 255 255 255 255 255 255 255 255 255 255 255 255 255 255 255 255 255 255 255 255 255 255 255 255 255 255 255 255 255 255 255 255 255 255 255 255 255 255 255 255 255 255 255 255 
255 255 255 255 255 255 255 255 255 255 255 255 255 255 255 255 255 255 255 255 255 255 255 255 255 255 255 255 255 255 255 255 255 255 255 255 255 255 255 255 255 255 255 255 255 255 255 255 255 255 255 255 255 255 255 255 255 255 255 255 255 255 255 255 255 255 255 255 255 255 255 255 
255 255 255 255 255 255 255 255 255 255 255 255 255 255 255 255 255 255 255 255 255 255 255 255 255 255 255 255 255 255 255 255 255 255 255 255 255 255 255 255 255 255 255 255 255 255 255 255 255 255 255 255 255 255 255 255 255 255 255 255 255 255 255 255 255 255 255 255 255 255 255 255 
255 255 255 255 255 255 255 255 255 255 255 255 255 255 255 255 255 255 255 255 255 255 255 255 255 255 255 255 255 255 255 255 255 255 255 255 255 255 255 255 255 255 255 255 255 255 255 255 255 255 255 255 255 255 255 255 255 255 255 255 255 255 255 255 255 255 255 255 255 255 255 255 
255 255 255 255 255 255 255 255 255 255 255 255 255 255 255 255 255 255 255 255 255 255 255 255 255 255 255 255 255 255 255 255 255 255 255 255 255 255 255 255 255 255 255 255 255 255 255 255 255 255 255 255 255 255 255 255 255 255 255 255 255 255 255 255 255 255 255 255 255 255 255 255 
255 255 255 255 255 255 255 255 255 255 255 255 255 255 255 255 255 255 255 255 255 255 255 255 255 255 255 255 255 255 255 255 255 255 255 255 255 255 255 255 255 255 255 255 255 255 255 255 255 255 255 255 255 255 255 255 255 255 255 255 255 255 255 255 255 255 255 255 255 255 255 255 
255 255 255 255 255 255 255 255 255 255 255 255 255 255 255 255 255 255 255 255 255 255 255 255 255 255 255 255 255 255 255 255 255 255 255 255 255 255 255 255 255 255 255 255 255 255 255 255 255 255 255 255 255 255 255 255 255 255 255 255 255 255 255 255 255 255 255 255 255 255 255 255 
255 255 255 255 255 255 255 255 255 255 255 255 255 255 255 255 255 255 255 255 255 255 255 255 255 255 255 255 255 255 255 255 255 255 255 255 255 255 255 255 255 255 255 255 255 255 255 255 255 255 255 255 255 255 255 255 255 255 255 255 255 255 255 255 255 255 255 255 255 255 255 255 
255 255 255 255 255 255 255 255 255 255 255 255 255 255 255 255 255 255 255 255 255 255 255 255 255 255 255 255 255 255 255 255 255 255 255 255 255 255 255 255 255 255 255 255 255 255 255 255 255 255 255 255 255 255 255 255 255 255 255 255 255 255 255 255 255 255 255 255 255 255 255 255 
255 255 255 255 255 255 255 255 255 255 255 255 255 255 255 255 255 255 255 255 255 255 255 255 255 255 255 255 255 255 255 255 255 255 255 255 255 255 255 255 255 255 255 255 255 255 255 255 255 255 255 255 255 255 255 255 255 255 255 255 255 255 255 255 255 255 255 255 255 255 255 255 
255 255 255 255 255 255 255 255 255 255 255 255 255 255 255 255 255 255 255 255 255 255 255 255 255 255 255 255 255 255 255 255 255 255 255 255 255 255 255 255 255 255 255 255 255 255 255 255 255 255 255 255 255 255 255 255 255 255 255 255 255 255 255 255 255 255 255 255 255 255 255 255 
255 255 255 255 255 255 255 255 255 255 255 255 255 255 255 255 255 255 255 255 255 255 255 255 255 255 255 255 255 255 255 255 255 255 255 255 255 255 255 255 255 255 255 255 255 255 255 255 255 255 255 255 255 255 255 255 255 255 255 255 255 255 255 255 255 255 255 255 255 255 255 255 
255 255 255 255 255 255 255 255 255 255 255 255 255 255 255 255 255 255 255 255 255 255 255 255 255 255 255 255 255 255 255 255 255 255 255 255 255 255 255 255 255 255 255 255 255 255 255 255 255 255 255 255 255 255 255 255 255 255 255 255 255 255 255 255 255 255 255 255 255 255 255 255 
255 255 255 255 255 255 255 255 255 255 255 255 255 255 255 255 255 255 255 255 255 255 255 255 255 255 255 255 255 255 255 255 255 255 255 255 255 255 255 255 255 255 255 255 255 255 255 255 255 255 255 255 255 255 255 255 255 255 255 255 255 255 255 255 255 255 255 255 255 255 255 255 
255 255 255 255 255 255 255 255 255 255 255 255 255 255 255 255 255 255 255 255 255 255 255 255 255 255 255 255 255 255 255 255 255 255 255 255 255 255 255 255 255 255 255 255 255 255 255 255 255 255 255 255 255 255 255 255 255 255 255 255 255 255 255 255 255 255 255 255 255 255 255 255 
255 255 255 255 255 255 255 255 255 255 255 255 255 255 255 255 255 255 255 255 255 255 255 255 255 255 255 255 255 255 255 255 255 255 255 255 255 255 255 255 255 255 255 255 255 255 255 255 255 255 255 255 255 255 255 255 255 255 255 255 255 255 255 255 255 255 255 255 255 255 255 255 
255 255 255 255 255 255 255 255 255 255 255 255 255 255 255 255 255 255 255 255 255 255 255 255 255 255 255 255 255 255 255 255 255 255 255 255 255 255 255 255 255 255 255 255 255 255 255 255 255 255 255 255 255 255 255 255 255 255 255 255 255 255 255 255 255 255 255 255 255 255 255 255 
