255 250 048 000 000 000 071 255 255 255 255 255 255 255 255 255 255 255 255 255 255 255 255 255 255 255 255 255 255 214 028 000 005 052 000 000 000 000 000 000 000 000 000 000 000 000 000 000 009 254 255 255 146 000 000 000 175 249 093 103 111 092 008 000 000 036 255 255 255 255 255 255 
255 123 000 000 000 000 095 255 255 255 255 255 255 255 255 255 255 255 255 255 255 255 255 255 255 255 255 255 255 255 214 016 146 101 000 000 000 000 000 000 000 000 000 000 000 000 000 000 025 255 243 089 000 000 000 066 255 255 151 000 000 000 000 000 000 125 255 255 255 255 255 255 
200 003 000 000 000 000 095 255 255 255 255 255 248 255 255 255 255 255 255 255 255 255 255 255 255 255 255 255 255 255 255 205 255 101 000 000 164 229 229 150 000 000 166 229 229 208 000 000 029 181 034 000 000 000 039 234 255 255 241 009 000 000 000 000 076 236 255 255 255 255 255 255 
039 000 000 000 000 000 095 255 255 255 255 163 021 180 255 255 255 255 255 255 255 255 255 255 255 255 255 255 255 255 255 255 255 101 000 000 182 255 255 166 000 000 184 255 255 231 000 000 029 202 043 000 000 030 226 255 255 255 255 089 074 104 151 202 255 255 255 255 255 255 255 255 
000 000 000 000 000 000 095 255 255 245 096 000 000 005 170 255 255 255 255 255 255 255 255 255 255 255 255 255 255 255 255 255 255 101 000 000 182 255 255 166 000 000 184 255 255 231 000 000 029 255 242 069 043 221 255 255 255 255 255 255 255 255 255 255 255 255 255 255 255 255 255 255 
000 000 000 000 000 000 095 255 255 136 000 000 000 000 003 159 255 255 255 255 255 255 255 255 255 255 255 255 255 255 255 255 255 101 000 000 182 255 255 166 000 000 184 255 255 231 000 000 029 255 255 240 242 255 255 255 255 255 097 055 077 082 204 255 255 255 255 255 255 255 255 255 
000 010 085 000 000 000 095 255 255 255 136 001 000 000 000 002 164 255 255 255 255 255 255 255 255 255 255 255 255 255 255 255 255 101 000 000 119 166 166 108 000 000 120 166 166 151 000 000 029 255 255 255 186 165 248 255 255 255 104 000 000 038 253 255 255 255 255 255 255 255 255 255 
003 179 141 000 000 000 095 255 255 255 255 167 007 000 000 000 003 171 255 255 255 255 255 255 255 255 255 255 255 255 255 255 255 101 000 000 000 000 000 000 000 000 000 000 000 000 000 000 029 255 255 255 102 000 010 089 255 255 121 000 000 076 255 255 255 255 255 255 255 255 255 255 
156 255 141 000 000 000 095 255 255 255 255 255 177 003 000 000 000 005 179 255 255 255 255 255 255 255 255 255 255 255 255 255 255 101 000 000 000 000 000 000 000 000 000 000 000 000 000 000 029 255 255 255 050 000 000 170 255 255 128 000 000 076 255 255 255 255 255 255 255 255 255 255 
255 255 141 000 000 000 095 255 255 255 255 255 255 149 000 000 000 000 007 186 255 255 255 255 255 255 255 255 255 255 255 255 255 101 000 000 172 240 240 157 000 000 174 240 240 218 000 000 029 255 255 227 003 000 054 255 255 255 135 000 000 076 255 255 255 255 255 249 255 255 255 255 
255 255 141 000 000 000 095 255 255 255 255 255 255 255 118 000 000 000 000 010 193 255 255 255 255 255 255 255 255 255 255 255 255 101 000 000 182 255 255 166 000 000 184 255 255 231 000 000 029 255 255 130 000 000 031 061 061 061 033 000 000 018 057 052 047 036 013 045 255 255 255 255 
255 255 141 000 000 000 095 255 255 255 255 255 255 255 254 089 000 000 000 000 012 204 255 255 255 255 255 255 255 255 255 255 255 101 000 000 182 255 255 166 000 000 184 255 255 231 000 000 029 255 254 032 000 000 000 000 000 000 000 000 000 000 000 000 000 000 000 044 255 255 255 255 
255 255 141 000 000 000 095 255 255 255 255 255 255 255 255 249 063 000 000 000 000 024 223 255 255 255 255 255 255 255 255 255 255 097 000 000 182 255 255 166 000 000 184 255 255 231 000 000 029 255 187 000 000 033 089 089 089 089 049 000 000 026 086 081 076 065 043 063 255 255 255 255 
255 255 141 000 000 000 095 255 255 255 255 255 255 255 255 255 239 042 000 000 000 000 040 237 255 255 255 255 255 255 255 255 255 093 000 000 063 088 088 058 000 000 064 088 088 080 000 000 029 253 055 000 000 162 255 255 255 255 140 000 000 076 255 255 255 255 255 255 255 255 255 255 
255 255 141 000 000 000 095 255 255 255 255 255 255 255 255 255 255 217 010 000 000 000 000 092 255 255 255 255 255 255 255 255 255 074 000 000 000 000 000 000 000 000 000 000 000 000 000 000 029 168 003 000 018 246 255 255 255 255 140 000 000 076 255 255 255 255 255 255 255 255 255 255 
255 255 141 000 000 000 095 255 255 255 255 255 255 255 255 255 255 255 150 000 000 000 078 239 255 255 255 255 255 255 255 255 255 045 000 000 023 028 028 018 000 000 020 028 028 026 000 000 029 255 223 091 141 255 255 255 255 255 140 000 000 076 255 255 255 255 255 255 255 255 255 255 
255 255 141 000 000 000 095 255 255 255 255 255 255 255 255 255 255 255 255 074 003 134 254 255 255 255 255 255 255 255 255 255 255 016 000 000 225 255 255 164 000 000 182 255 255 231 000 000 029 255 255 255 253 255 255 255 255 255 140 000 000 076 255 255 255 255 255 255 255 255 255 255 
255 255 141 000 000 000 095 255 255 255 255 255 255 255 255 255 255 255 255 232 190 255 255 255 255 255 255 255 255 255 255 255 243 000 000 005 253 255 255 163 000 000 179 255 255 231 000 000 029 255 121 084 103 123 130 132 135 137 077 000 000 042 135 129 123 117 100 081 157 255 255 255 
255 255 141 000 000 000 095 255 255 255 255 255 255 255 255 255 255 255 255 255 255 255 255 255 255 255 255 255 255 255 255 255 191 000 000 036 255 255 255 161 000 000 175 255 255 231 000 000 029 255 071 000 000 000 000 000 000 000 000 000 000 000 000 000 000 000 000 000 121 255 255 255 
255 255 141 000 000 000 095 255 255 255 255 255 255 255 255 255 255 255 255 255 255 255 255 255 255 255 255 255 255 255 255 255 123 000 000 100 255 255 255 159 000 000 171 255 255 231 000 000 029 255 071 000 000 000 000 000 000 000 000 000 000 000 000 000 000 000 000 000 121 255 255 255 
255 255 141 000 000 000 095 255 255 255 255 255 255 255 255 255 255 255 255 255 255 255 255 255 255 255 255 255 255 255 255 255 056 000 000 177 255 255 255 157 000 000 168 255 255 231 000 000 029 255 163 142 158 174 181 186 190 195 108 000 000 059 194 187 180 172 157 140 188 255 255 255 
255 255 138 000 000 000 093 255 255 255 255 255 255 255 255 255 255 255 255 255 255 255 255 255 255 255 255 255 255 255 255 229 003 000 008 245 255 255 255 156 000 000 164 255 255 231 000 000 029 255 255 255 255 255 255 255 255 255 138 000 000 075 255 255 255 255 255 255 255 255 255 255 
255 255 135 000 000 000 090 255 255 255 255 255 255 255 255 255 255 255 255 255 255 255 255 255 255 255 255 255 255 255 255 114 000 000 074 255 255 255 255 144 000 000 147 253 250 148 000 000 030 255 255 255 255 255 255 255 255 255 136 000 000 073 255 255 255 255 255 255 255 255 255 255 
255 255 133 000 000 000 088 255 255 255 255 255 255 255 255 255 255 255 255 255 255 255 255 255 255 255 255 255 255 255 237 011 000 000 151 255 255 255 255 123 000 000 119 035 009 000 000 000 042 255 255 255 255 255 255 255 255 255 135 000 000 072 255 255 255 255 255 255 255 255 255 255 
255 255 128 000 000 000 083 255 255 255 255 255 255 255 255 255 255 255 255 255 255 255 255 255 255 255 255 255 255 255 105 000 000 001 227 255 255 255 255 160 092 092 165 150 000 000 000 000 093 255 255 255 255 255 255 255 255 255 126 000 000 063 255 255 255 255 255 255 255 255 255 255 
255 255 106 000 000 000 060 255 255 255 255 255 255 255 255 255 255 255 255 255 255 255 255 255 255 255 255 255 255 247 083 000 000 082 255 255 255 255 255 255 255 255 255 240 008 000 000 060 235 255 255 255 255 255 255 255 255 255 105 000 000 043 255 255 255 255 255 255 255 255 255 255 
255 255 080 000 000 000 035 255 255 255 255 255 255 255 255 255 255 255 255 255 255 255 255 255 255 255 255 255 255 255 255 158 007 210 255 255 255 255 255 255 255 255 255 255 106 133 215 255 255 255 255 255 255 255 255 255 255 255 085 000 000 023 255 255 255 255 255 255 255 255 255 255 
255 255 055 000 000 000 010 255 255 255 255 255 255 255 255 255 255 255 255 255 255 255 255 255 255 255 255 255 255 255 255 255 207 255 255 255 255 255 255 255 255 255 255 255 255 255 255 255 255 255 255 255 255 255 255 255 255 255 116 064 064 069 255 255 255 255 255 255 255 255 255 255 
255 255 245 242 242 242 242 255 255 255 255 255 255 255 255 255 255 255 255 255 255 255 255 255 255 255 255 255 255 255 255 255 255 255 255 255 255 255 255 255 255 255 255 255 255 255 255 255 255 255 255 255 255 255 255 255 255 255 255 255 255 255 255 255 255 255 255 255 255 255 255 255 
255 255 255 255 255 255 255 255 255 255 255 255 255 255 255 255 255 255 255 255 255 255 255 255 255 255 255 255 255 255 255 255 255 255 255 255 255 255 255 255 255 255 255 255 255 255 255 255 255 255 255 255 255 255 255 255 255 255 255 255 255 255 255 255 255 255 255 255 255 255 255 255 
255 255 255 255 255 255 255 255 255 255 255 255 255 255 255 255 255 255 255 255 255 255 255 255 255 255 255 255 255 255 255 255 255 255 255 255 255 255 255 255 255 255 255 255 255 255 255 255 255 255 255 255 255 255 255 255 255 255 255 255 255 255 255 255 255 255 255 255 255 255 255 255 
255 255 255 255 255 255 255 255 255 255 255 255 255 255 255 255 255 255 255 255 255 255 255 255 255 255 255 255 255 255 255 255 255 255 255 255 255 255 255 255 255 255 255 255 255 255 255 255 255 255 255 255 255 255 255 255 255 255 255 255 255 255 255 255 255 255 255 255 255 255 255 255 
255 255 255 255 255 255 255 255 255 255 255 255 255 255 255 255 255 255 255 255 255 255 255 255 255 255 255 255 255 255 255 255 255 255 255 255 255 255 255 255 255 255 255 255 255 255 255 255 255 255 255 255 255 255 255 255 255 255 255 255 255 255 255 255 255 255 255 255 255 255 255 255 
255 255 255 255 255 255 255 255 255 255 255 255 255 255 255 255 255 255 255 255 255 255 255 255 255 255 255 255 255 255 255 255 255 255 255 255 255 255 255 255 255 255 255 255 255 255 255 255 255 255 255 255 255 255 255 255 255 255 255 255 255 255 255 255 255 255 255 255 255 255 255 255 
255 255 255 255 255 255 255 255 255 255 255 255 255 255 255 255 255 255 255 255 255 255 255 255 255 255 255 255 255 255 255 255 255 255 255 255 255 255 255 255 255 255 255 255 255 255 255 255 255 255 255 255 255 255 255 255 255 255 255 255 255 255 255 255 255 255 255 255 255 255 255 255 
255 255 255 255 255 255 255 255 255 255 255 255 255 255 255 255 255 255 255 255 255 255 255 255 255 255 255 255 255 255 255 255 255 255 255 255 255 255 255 255 255 255 255 255 255 255 255 255 255 255 255 255 255 255 255 255 255 255 255 255 255 255 255 255 255 255 255 255 255 255 255 255 
255 255 255 255 255 255 255 255 255 255 255 255 255 255 255 255 255 255 255 255 255 255 255 255 255 255 255 255 255 255 255 255 255 255 255 255 255 255 255 255 255 255 255 255 255 255 255 255 255 255 255 255 255 255 255 255 255 255 255 255 255 255 255 255 255 255 255 255 255 255 255 255 
255 255 255 255 255 255 255 255 255 255 255 255 255 255 255 255 255 255 255 255 255 255 255 255 255 255 255 255 255 255 255 255 255 255 255 255 255 255 255 255 255 255 255 255 255 255 255 255 255 255 255 255 255 255 255 255 255 255 255 255 255 255 255 255 255 255 255 255 255 255 255 255 
255 255 255 255 255 255 255 255 255 255 255 255 255 255 255 255 255 255 255 255 255 255 255 255 255 255 255 255 255 255 255 255 255 255 255 255 255 255 255 255 255 255 255 255 255 255 255 255 255 255 255 255 255 255 255 255 255 255 255 255 255 255 255 255 255 255 255 255 255 255 255 255 
255 255 255 255 255 255 255 255 255 255 255 255 255 255 255 255 255 255 255 255 255 255 255 255 255 255 255 255 255 255 255 255 255 255 255 255 255 255 255 255 255 255 255 255 255 255 255 255 255 255 255 255 255 255 255 255 255 255 255 255 255 255 255 255 255 255 255 255 255 255 255 255 
255 255 255 255 255 255 255 255 255 255 255 255 255 255 255 255 255 255 255 255 255 255 255 255 255 255 255 255 255 255 255 255 255 255 255 255 255 255 255 255 255 255 255 255 255 255 255 255 255 255 255 255 255 255 255 255 255 255 255 255 255 255 255 255 255 255 255 255 255 255 255 255 
255 255 255 255 255 255 255 255 255 255 255 255 255 255 255 255 255 255 255 255 255 255 255 255 255 255 255 255 255 255 255 255 255 255 255 255 255 255 255 255 255 255 255 255 255 255 255 255 255 255 255 255 255 255 255 255 255 255 255 255 255 255 255 255 255 255 255 255 255 255 255 255 
255 255 255 255 255 255 255 255 255 255 255 255 255 255 255 255 255 255 255 255 255 255 255 255 255 255 255 255 255 255 255 255 255 255 255 255 255 255 255 255 255 255 255 255 255 255 255 255 255 255 255 255 255 255 255 255 255 255 255 255 255 255 255 255 255 255 255 255 255 255 255 255 
255 255 255 255 255 255 255 255 255 255 255 255 255 255 255 255 255 255 255 255 255 255 255 255 255 255 255 255 255 255 255 255 255 255 255 255 255 255 255 255 255 255 255 255 255 255 255 255 255 255 255 255 255 255 255 255 255 255 255 255 255 255 255 255 255 255 255 255 255 255 255 255 
255 255 255 255 255 255 255 255 255 255 255 255 255 255 255 255 255 255 255 255 255 255 255 255 255 255 255 255 255 255 255 255 255 255 255 255 255 255 255 255 255 255 255 255 255 255 255 255 255 255 255 255 255 255 255 255 255 255 255 255 255 255 255 255 255 255 255 255 255 255 255 255 
255 255 255 255 255 255 255 255 255 255 255 255 255 255 255 255 255 255 255 255 255 255 255 255 255 255 255 255 255 255 255 255 255 255 255 255 255 255 255 255 255 255 255 255 255 255 255 255 255 255 255 255 255 255 255 255 255 255 255 255 255 255 255 255 255 255 255 255 255 255 255 255 
255 255 255 255 255 255 255 255 255 255 255 255 255 255 255 255 255 255 255 255 255 255 255 255 255 255 255 255 255 255 255 255 255 255 255 255 255 255 255 255 255 255 255 255 255 255 255 255 255 255 255 255 255 255 255 255 255 255 255 255 255 255 255 255 255 255 255 255 255 255 255 255 
255 255 255 255 255 255 255 255 255 255 255 255 255 255 255 255 255 255 255 255 255 255 255 255 255 255 255 255 255 255 255 255 255 255 255 255 255 255 255 255 255 255 255 255 255 255 255 255 255 255 255 255 255 255 255 255 255 255 255 255 255 255 255 255 255 255 255 255 255 255 255 255 
255 255 255 255 255 255 255 255 255 255 255 255 255 255 255 255 255 255 255 255 255 255 255 255 255 255 255 255 255 255 255 255 255 255 255 255 255 255 255 255 255 255 255 255 255 255 255 255 255 255 255 255 255 255 255 255 255 255 255 255 255 255 255 255 255 255 255 255 255 255 255 255 
255 255 255 255 255 255 255 255 255 255 255 255 255 255 255 255 255 255 255 255 255 255 255 255 255 255 255 255 255 255 255 255 255 255 255 255 255 255 255 255 255 255 255 255 255 255 255 255 255 255 255 255 255 255 255 255 255 255 255 255 255 255 255 255 255 255 255 255 255 255 255 255 
255 255 255 255 255 255 255 255 255 255 255 255 255 255 255 255 255 255 255 255 255 255 255 255 255 255 255 255 255 255 255 255 255 255 255 255 255 255 255 255 255 255 255 255 255 255 255 255 255 255 255 255 255 255 255 255 255 255 255 255 255 255 255 255 255 255 255 255 255 255 255 255 
255 255 255 255 255 255 255 255 255 255 255 255 255 255 255 255 255 255 255 255 255 255 255 255 255 255 255 255 255 255 255 255 255 255 255 255 255 255 255 255 255 255 255 255 255 255 255 255 255 255 255 255 255 255 255 255 255 255 255 255 255 255 255 255 255 255 255 255 255 255 255 255 
255 255 255 255 255 255 255 255 255 255 255 255 255 255 255 255 255 255 255 255 255 255 255 255 255 255 255 255 255 255 255 255 255 255 255 255 255 255 255 255 255 255 255 255 255 255 255 255 255 255 255 255 255 255 255 255 255 255 255 255 255 255 255 255 255 255 255 255 255 255 255 255 
255 255 255 255 255 255 255 255 255 255 255 255 255 255 255 255 255 255 255 255 255 255 255 255 255 255 255 255 255 255 255 255 255 255 255 255 255 255 255 255 255 255 255 255 255 255 255 255 255 255 255 255 255 255 255 255 255 255 255 255 255 255 255 255 255 255 255 255 255 255 255 255 
255 255 255 255 255 255 255 255 255 255 255 255 255 255 255 255 255 255 255 255 255 255 255 255 255 255 255 255 255 255 255 255 255 255 255 255 255 255 255 255 255 255 255 255 255 255 255 255 255 255 255 255 255 255 255 255 255 255 255 255 255 255 255 255 255 255 255 255 255 255 255 255 
255 255 255 242 255 255 255 255 255 255 255 255 255 255 255 255 255 255 255 255 255 255 255 255 255 255 255 255 255 255 255 255 255 255 255 255 255 255 255 255 255 255 255 255 255 255 255 255 255 255 255 255 255 255 255 255 255 255 255 255 255 255 255 255 255 255 255 255 255 255 255 255 
210 134 057 004 211 255 255 255 255 255 255 255 255 255 255 255 255 255 255 255 255 255 255 255 255 255 255 255 255 255 255 255 255 255 255 255 255 255 255 255 255 255 255 255 255 255 255 255 255 255 255 255 255 255 255 255 255 255 255 255 255 255 255 255 255 255 255 255 255 255 255 255 
006 000 000 000 082 255 255 255 255 255 255 255 255 255 255 255 255 255 255 255 255 255 255 255 255 255 255 255 255 255 255 255 255 255 255 255 255 255 255 255 255 255 255 255 255 255 255 255 255 255 255 255 255 255 255 255 255 255 255 255 255 255 255 255 255 255 255 255 255 255 255 255 
117 000 000 000 001 211 255 255 255 255 255 255 255 255 255 255 255 255 255 255 255 255 255 255 255 255 255 255 255 255 255 255 179 180 193 207 221 235 246 247 249 251 252 255 255 255 255 255 255 255 255 255 252 251 249 247 245 234 220 206 192 179 185 255 255 255 255 255 255 255 255 255 
230 006 000 000 000 102 255 255 255 255 255 255 255 255 255 255 255 255 255 255 255 255 255 255 255 255 255 255 255 255 255 255 032 000 000 000 000 000 000 000 000 000 000 000 000 002 004 006 004 002 000 000 000 000 000 000 000 000 000 000 000 000 052 255 255 255 255 255 255 255 255 255 
255 099 000 000 000 011 239 255 255 255 255 255 255 255 255 255 255 255 255 255 255 255 255 255 255 255 255 255 255 255 255 255 032 000 000 000 000 000 000 000 000 000 000 000 000 000 000 000 000 000 000 000 000 000 000 000 000 000 000 000 000 000 052 255 255 255 255 255 255 255 255 255 
255 192 000 048 124 201 254 255 255 255 255 255 255 255 255 255 255 255 255 255 255 255 255 255 255 255 255 255 255 255 255 255 032 000 000 000 000 000 000 000 000 000 000 000 000 000 000 000 000 000 000 000 000 000 000 000 000 000 000 000 000 000 052 255 255 255 255 255 255 255 255 255 
129 127 103 134 133 131 130 128 127 125 124 122 121 119 118 114 101 088 075 063 050 037 090 255 255 255 255 255 255 255 255 255 104 094 107 121 134 147 152 155 159 162 166 169 173 120 000 000 000 096 173 169 166 162 159 155 152 146 134 120 107 093 117 255 255 255 255 255 255 255 255 255 
000 000 000 000 000 000 000 000 000 000 000 000 000 000 000 000 000 000 000 000 000 000 070 255 255 255 255 255 255 255 255 255 255 255 255 255 255 255 255 255 255 255 255 255 255 175 000 000 000 139 255 255 255 255 255 255 255 255 255 255 255 255 255 255 255 255 255 255 255 255 255 255 
000 000 000 000 000 000 000 000 000 000 000 000 000 000 000 000 000 000 000 000 000 000 070 255 255 255 255 255 255 255 255 255 255 255 255 255 255 255 255 255 255 255 255 255 255 175 000 000 000 139 255 255 255 255 255 255 255 255 255 255 255 255 255 255 255 255 255 255 255 255 255 255 
046 030 000 000 000 027 047 045 044 042 040 039 037 035 034 032 022 008 000 000 000 000 070 255 255 255 255 255 255 255 255 255 255 255 255 255 255 255 255 255 255 255 255 255 255 175 000 000 000 139 255 255 255 255 255 255 255 224 252 255 255 255 255 255 255 255 255 255 255 255 255 255 
255 162 000 000 000 142 255 255 255 255 255 255 255 255 255 255 255 255 250 237 223 209 214 255 255 255 255 255 255 255 255 255 255 255 255 255 194 107 250 255 255 255 255 255 255 175 000 000 000 139 255 255 255 255 255 255 255 068 030 136 229 255 255 255 255 255 255 255 255 255 255 255 
255 162 000 000 000 142 255 255 255 255 255 255 255 255 255 255 255 255 255 255 255 255 255 255 255 255 255 255 255 255 255 255 255 255 170 044 000 000 151 255 255 255 255 255 255 175 000 000 000 139 255 255 255 255 255 255 245 007 000 000 002 064 250 255 255 255 255 255 255 255 255 255 
255 162 000 000 000 142 255 255 255 255 255 255 255 255 255 255 255 255 255 255 255 255 255 255 255 255 255 255 255 255 255 255 255 255 179 000 000 000 028 248 255 255 255 255 255 175 000 000 000 139 255 255 255 255 255 255 171 000 000 000 014 201 255 255 255 255 255 255 255 255 255 255 
255 162 000 000 000 142 255 255 255 255 255 255 255 255 255 255 255 255 255 255 255 255 255 255 255 255 255 255 255 255 255 255 255 255 255 068 000 000 000 145 255 255 255 255 255 175 000 000 000 139 255 255 255 255 255 255 056 000 000 000 148 255 255 255 255 255 255 255 255 255 255 255 
255 162 000 000 000 142 255 255 255 255 255 255 255 255 255 255 255 255 255 255 255 255 255 255 255 255 255 255 255 255 255 255 255 255 255 179 000 000 000 027 252 255 255 255 255 175 000 000 000 139 255 255 255 255 255 196 000 000 000 042 252 255 255 255 255 255 255 255 255 255 255 255 
155 101 000 000 000 089 155 151 148 144 140 136 132 121 109 098 086 092 255 255 255 255 255 255 255 255 255 255 255 255 255 255 255 255 255 253 032 000 000 000 178 255 255 255 255 175 000 000 000 139 255 255 255 255 255 080 000 000 000 179 255 255 255 255 255 255 255 255 255 255 255 255 
000 000 000 000 000 000 000 000 000 000 000 000 000 000 000 000 000 022 255 255 255 255 255 255 255 255 255 255 255 255 255 255 255 255 255 255 135 000 000 000 078 255 255 255 255 175 000 000 000 139 255 255 255 255 190 001 000 000 064 255 255 255 255 255 255 255 255 255 255 255 255 255 
000 000 000 000 000 000 000 000 000 000 000 000 000 000 000 000 000 022 255 255 255 255 255 255 255 255 255 255 255 255 255 255 255 255 255 255 234 006 000 000 004 230 255 255 255 175 000 000 000 139 255 255 255 244 034 000 000 002 204 255 255 255 255 255 255 255 255 255 255 255 255 255 
055 035 000 000 000 031 055 055 055 055 055 055 055 055 005 000 000 022 255 255 255 255 255 255 255 255 255 255 255 255 255 255 255 255 255 255 255 065 000 000 005 173 255 255 255 175 000 000 000 139 255 255 255 095 000 000 000 108 255 255 255 255 255 255 255 255 255 255 255 255 255 250 
255 162 000 000 000 142 255 255 255 255 255 255 255 255 026 000 000 022 255 255 255 255 255 255 255 255 255 255 255 255 255 255 255 255 255 255 255 137 035 137 233 255 255 255 255 175 000 000 000 139 255 255 239 137 082 006 027 241 255 255 255 255 255 255 255 255 255 255 255 255 255 128 
255 162 000 000 000 142 255 255 255 255 255 255 255 255 026 000 000 022 255 255 255 255 255 255 255 255 255 255 255 255 255 255 255 255 255 255 255 246 254 255 255 255 255 255 255 175 000 000 000 139 255 255 255 255 255 232 206 255 255 255 255 255 255 255 255 255 255 255 255 255 255 255 
255 162 000 000 000 142 255 255 255 255 255 255 255 255 026 000 000 022 255 255 255 255 255 255 255 255 255 255 255 255 255 255 255 255 255 255 255 255 255 255 255 255 255 255 255 175 000 000 000 139 255 255 255 255 255 255 255 255 255 255 255 255 255 255 255 255 255 255 255 255 255 255 
255 162 000 000 000 142 255 255 255 255 255 255 255 255 026 000 000 022 255 255 255 255 255 255 255 255 255 255 200 069 081 094 106 118 130 142 145 147 148 150 151 153 155 156 158 109 000 000 000 087 158 156 155 153 152 150 148 147 145 143 131 119 106 094 081 069 207 255 255 255 255 255 
255 162 000 000 000 142 255 255 255 255 255 255 255 255 026 000 000 022 255 255 255 255 255 255 255 255 255 255 182 000 000 000 000 000 000 000 000 000 000 000 000 000 000 000 000 000 000 000 000 000 000 000 000 000 000 000 000 000 000 000 000 000 000 000 000 000 191 255 255 255 255 255 
255 162 000 000 000 142 255 255 255 255 255 255 255 255 026 000 000 022 255 255 255 255 255 255 255 255 255 255 182 000 000 000 000 000 000 000 000 000 000 000 000 000 000 000 000 000 000 000 000 000 000 000 000 000 000 000 000 000 000 000 000 000 000 000 000 000 191 255 255 255 255 255 
255 162 000 000 000 142 255 255 255 255 255 255 255 255 026 000 000 022 255 255 255 255 255 255 255 255 255 255 182 000 000 000 000 000 000 000 000 000 000 000 000 000 000 000 000 000 000 000 000 000 000 000 000 000 000 000 000 000 000 000 000 000 000 000 000 000 191 255 255 255 255 255 
255 162 000 000 000 142 255 255 255 255 255 255 255 255 026 000 000 022 255 255 255 255 255 255 255 255 255 255 224 153 166 178 190 203 215 226 229 231 233 234 236 238 239 241 243 168 000 000 000 133 243 241 239 238 236 234 233 231 229 226 215 203 190 178 165 153 228 255 255 255 255 255 
255 162 000 000 000 142 255 255 255 255 255 255 255 255 026 000 000 022 255 255 255 255 255 255 255 255 255 255 255 255 255 255 255 255 255 255 255 255 255 255 255 255 255 255 255 175 000 000 000 139 255 255 255 255 255 255 255 255 255 255 255 255 255 255 255 255 255 255 255 255 255 255 
255 162 000 000 000 142 255 255 255 255 255 255 255 255 026 000 000 022 255 255 255 255 255 255 255 255 255 255 255 255 255 255 255 255 255 255 255 255 255 255 255 255 255 255 255 175 000 000 000 139 255 255 255 255 255 255 255 255 255 255 255 255 255 255 255 255 255 255 255 255 255 255 
255 162 000 000 000 142 255 255 255 255 255 255 255 255 026 000 000 022 255 255 255 255 255 255 255 255 255 255 255 255 255 255 255 255 255 255 255 255 255 255 255 255 255 255 255 175 000 000 000 139 255 255 255 255 255 255 255 255 255 255 255 255 255 255 255 255 255 255 255 255 255 255 
255 162 000 000 000 142 255 255 255 255 255 255 255 255 025 000 000 022 255 255 255 255 255 255 255 255 255 255 255 255 255 255 255 255 255 255 255 255 255 255 255 255 255 255 255 175 000 000 000 139 255 255 255 255 255 255 255 255 255 255 255 255 255 255 255 255 255 255 255 255 255 255 
255 162 000 000 000 142 255 255 255 255 255 255 255 241 006 000 000 023 255 255 255 255 255 255 255 255 255 255 255 255 255 255 255 255 255 255 255 255 255 255 255 255 255 255 255 175 000 000 000 139 255 255 255 255 255 255 255 255 255 255 255 255 255 255 255 255 255 255 255 255 255 255 
255 162 000 000 000 142 255 255 237 116 146 170 181 084 000 000 000 033 255 255 255 255 255 255 255 255 255 255 255 255 255 255 255 255 255 255 255 255 255 255 255 255 255 255 255 175 000 000 000 139 255 255 255 255 255 255 255 255 255 255 255 255 255 255 255 255 255 255 255 255 255 255 
255 157 000 000 000 138 255 255 255 171 000 000 000 000 000 000 000 091 255 255 255 255 255 255 255 255 255 255 255 255 255 255 255 255 255 255 255 255 255 255 255 255 255 255 255 175 000 000 000 139 255 255 255 255 255 255 255 255 255 255 255 255 255 255 255 255 255 255 255 255 255 255 
255 151 000 000 000 132 255 255 255 253 037 000 000 000 000 000 011 192 255 255 255 255 255 255 255 255 255 255 255 255 255 255 255 255 255 255 255 255 255 255 255 255 255 255 255 170 000 000 000 135 255 255 255 255 255 255 255 255 255 255 255 255 255 255 255 255 255 255 255 255 255 255 
255 145 000 000 000 125 255 255 255 255 141 000 000 000 005 065 207 255 255 255 255 255 255 255 255 255 255 255 255 255 255 255 255 255 255 255 255 255 255 255 255 255 255 255 255 163 000 000 000 128 255 255 255 255 255 255 255 255 255 255 255 255 255 255 255 255 255 255 255 255 255 255 
255 135 000 000 000 115 255 255 255 255 196 069 111 169 240 255 255 255 255 255 255 255 255 255 255 255 255 255 255 255 255 255 255 255 255 255 255 255 255 255 255 255 255 255 255 157 000 000 000 121 255 255 255 255 255 255 255 255 255 255 255 255 255 255 255 255 255 255 255 255 255 255 
255 113 000 000 000 093 255 255 255 255 255 255 255 255 255 255 255 255 255 255 255 255 255 255 255 255 255 255 255 255 255 255 255 255 255 255 255 255 255 255 255 255 255 255 255 145 000 000 000 105 255 255 255 255 255 255 255 255 255 255 255 255 255 255 255 255 255 255 255 255 255 255 
255 090 000 000 000 071 255 255 255 255 255 255 255 255 255 255 255 255 255 255 255 255 255 255 255 255 255 255 255 255 255 255 255 255 255 255 255 255 255 255 255 255 255 255 255 123 000 000 000 081 255 255 255 255 255 255 255 255 255 255 255 255 255 255 255 255 255 255 255 255 255 255 
255 068 000 000 000 049 255 255 255 255 255 255 255 255 255 255 255 255 255 255 255 255 255 255 255 255 255 255 255 255 255 255 255 255 255 255 255 255 255 255 255 255 255 255 255 101 000 000 000 057 255 255 255 255 255 255 255 255 255 255 255 255 255 255 255 255 255 255 255 255 255 255 
255 193 176 176 176 187 255 255 255 255 255 255 255 255 255 255 255 255 255 255 255 255 255 255 255 255 255 255 255 255 255 255 255 255 255 255 255 255 255 255 255 255 255 255 255 134 075 075 075 102 255 255 255 255 255 255 255 255 255 255 255 255 255 255 255 255 255 255 255 255 255 255 
255 255 255 255 255 255 255 255 255 255 255 255 255 255 255 255 255 255 255 255 255 255 255 255 255 255 255 255 255 255 255 255 255 255 255 255 255 255 255 255 255 255 255 255 255 255 255 255 255 255 255 255 255 255 255 255 255 255 255 255 255 255 255 255 255 255 255 255 255 255 255 255 
255 255 255 255 255 255 255 255 255 255 255 255 255 255 255 255 255 255 255 255 255 255 255 255 255 255 255 255 255 255 255 255 255 255 255 255 255 255 255 255 255 255 255 255 255 255 255 255 255 255 255 255 255 255 255 255 255 255 255 255 255 255 255 255 255 255 255 255 255 255 255 255 
255 255 255 255 255 255 255 255 255 255 255 255 255 255 255 255 255 255 255 255 255 255 255 255 255 255 255 255 255 255 255 255 255 255 255 255 255 255 255 255 255 255 255 255 255 255 255 255 255 255 255 255 255 255 255 255 255 255 255 255 255 255 255 255 255 255 255 255 255 255 255 255 
255 255 255 255 255 255 255 255 255 255 255 255 255 255 255 255 255 255 255 255 255 255 255 255 255 255 255 255 255 255 255 255 255 255 255 255 255 255 255 255 255 255 255 255 255 255 255 255 255 255 255 255 255 255 255 255 255 255 255 255 255 255 255 255 255 255 255 255 255 255 255 255 
255 255 255 255 255 255 255 255 255 255 255 255 255 255 255 255 255 255 255 255 255 255 255 255 255 255 255 255 255 255 255 255 255 255 255 255 255 255 255 255 255 255 255 255 255 255 255 255 255 255 255 255 255 255 255 255 255 255 255 255 255 255 255 255 255 255 255 255 255 255 255 255 
255 255 255 255 255 255 255 255 255 255 255 255 255 255 255 255 255 255 255 255 255 255 255 255 255 255 255 255 255 255 255 255 255 255 255 255 255 255 255 255 255 255 255 255 255 255 255 255 255 255 255 255 255 255 255 255 255 255 255 255 255 255 255 255 255 255 255 255 255 255 255 255 
255 255 255 255 255 255 255 255 255 255 255 255 255 255 255 255 255 255 255 255 255 255 255 255 255 255 255 255 255 255 255 255 255 255 255 255 255 255 255 255 255 255 255 255 255 255 255 255 255 255 255 255 255 255 255 255 255 255 255 255 255 255 255 255 255 255 255 255 255 255 255 255 
255 255 255 255 255 255 255 255 255 255 255 255 255 255 255 255 255 255 255 255 255 255 255 255 255 255 255 255 255 255 255 255 255 255 255 255 255 255 255 255 255 255 255 255 255 255 255 255 255 255 255 255 255 255 255 255 255 255 255 255 255 255 255 255 255 255 255 255 255 255 255 255 
255 255 255 255 255 255 255 255 255 255 255 255 255 255 255 255 255 255 255 255 255 255 255 255 255 255 255 255 255 255 255 255 255 255 255 255 255 255 255 255 255 255 255 255 255 255 255 255 255 255 255 255 255 255 255 255 255 255 255 255 255 255 255 255 255 255 255 255 255 255 255 255 
255 255 255 255 255 255 255 255 255 255 255 255 255 255 255 255 255 255 255 255 255 255 255 255 255 255 255 255 255 255 255 255 255 255 255 255 255 255 255 255 255 255 255 255 255 255 255 255 255 255 255 255 255 255 255 255 255 255 255 255 255 255 255 255 255 255 255 255 255 255 255 255 
255 255 255 255 255 255 255 255 255 255 255 255 255 255 255 255 255 255 255 255 255 255 255 255 255 255 255 255 255 255 255 255 255 255 255 255 255 255 255 255 255 255 255 255 255 255 255 255 255 255 255 255 255 255 255 255 255 255 255 255 255 255 255 255 255 255 255 255 255 255 255 255 
255 255 255 255 255 255 255 255 255 255 255 255 255 255 255 255 255 255 255 255 255 255 255 255 255 255 255 255 255 255 255 255 255 255 255 255 255 255 255 255 255 255 255 255 255 255 255 255 255 255 255 255 255 255 255 255 255 255 255 255 255 255 255 255 255 255 255 255 255 255 255 255 
255 255 255 255 255 255 255 255 255 255 255 255 255 255 255 255 255 255 255 255 255 255 255 255 255 255 255 255 255 255 255 255 255 255 255 255 255 255 255 255 255 255 255 255 255 255 255 255 255 255 255 255 255 255 255 255 255 255 255 255 255 255 255 255 255 255 255 255 255 255 255 255 
255 255 255 255 255 255 255 255 255 255 255 255 255 255 255 255 255 255 255 255 255 255 255 255 255 255 255 255 255 255 255 255 255 255 255 255 255 255 255 255 255 255 255 255 255 255 255 255 255 255 255 255 255 255 255 255 255 255 255 255 255 255 255 255 255 255 255 255 255 255 255 255 
255 255 255 255 255 255 255 255 255 255 255 255 255 255 255 255 255 255 255 255 255 255 255 255 255 255 255 255 255 255 255 255 255 255 255 255 255 255 255 255 255 255 255 255 255 255 255 255 255 255 255 255 255 255 255 255 255 255 255 255 255 255 255 255 255 255 255 255 255 255 255 255 
255 255 255 255 255 255 255 255 255 255 255 255 255 255 255 255 255 255 255 255 255 255 255 255 255 255 255 255 255 255 255 255 255 255 255 255 255 255 255 255 255 255 255 255 255 255 255 255 255 255 255 255 255 255 255 255 255 255 255 255 255 255 255 255 255 255 255 255 255 255 255 255 
255 255 255 255 255 255 255 255 255 255 255 255 255 255 255 255 255 255 255 255 255 255 255 255 255 255 255 255 255 255 255 255 255 255 255 255 255 255 255 255 255 255 255 255 255 255 255 255 255 255 255 255 255 255 255 255 255 255 255 255 255 255 255 255 255 255 255 255 255 255 255 255 
255 255 255 255 255 255 255 255 255 255 255 255 255 255 255 255 255 255 255 255 255 255 255 255 255 255 255 255 255 255 255 255 255 255 255 255 255 255 255 255 255 255 255 255 255 255 255 255 255 255 255 255 255 255 255 255 255 255 255 255 255 255 255 255 255 255 255 255 255 255 255 255 
255 255 255 255 255 255 255 255 255 255 255 255 255 255 255 255 255 255 255 255 255 255 255 255 255 255 255 255 255 255 255 255 255 255 255 255 255 255 255 255 255 255 255 255 255 255 255 255 255 255 255 255 255 255 255 255 255 255 255 255 255 255 255 255 255 255 255 255 255 255 255 255 
255 255 255 255 255 255 255 255 255 255 255 255 255 255 255 255 255 255 255 255 255 255 255 255 255 255 255 255 255 255 255 255 255 255 255 255 255 255 255 255 255 255 255 255 255 255 255 255 255 255 255 255 255 255 255 255 255 255 255 255 255 255 255 255 255 255 255 255 255 255 255 255 
255 255 255 255 255 255 255 255 255 255 255 255 255 255 255 255 255 255 255 255 255 255 255 255 255 255 255 255 255 255 255 255 255 255 255 255 255 255 255 255 255 255 255 255 255 255 255 255 255 255 255 255 255 255 255 255 255 255 255 255 255 255 255 255 255 255 255 255 255 255 255 255 
255 255 255 255 255 255 255 255 255 255 255 255 255 255 255 255 255 255 255 255 255 255 255 255 255 255 255 255 255 255 255 255 255 255 255 255 255 255 255 255 255 255 255 255 255 255 255 255 255 255 255 255 255 255 255 255 255 255 255 255 255 255 255 255 255 255 255 255 255 255 255 255 
255 255 255 255 255 255 255 255 255 255 255 255 255 255 255 255 255 255 255 255 255 255 255 255 255 255 255 255 255 255 255 255 255 255 255 255 255 255 255 255 255 255 255 255 255 255 255 255 255 255 255 255 255 255 255 255 255 255 255 255 255 255 255 255 255 255 255 255 255 255 255 255 
255 255 255 255 255 255 255 255 255 255 255 255 255 255 255 255 255 255 255 255 255 255 255 255 255 255 255 255 255 255 255 255 255 255 255 255 255 255 255 255 255 255 255 255 255 255 255 255 255 255 255 255 255 255 255 255 255 255 255 255 255 255 255 255 255 255 255 255 255 255 255 255 
255 255 255 255 255 255 255 255 255 255 255 255 255 255 255 255 255 255 255 255 255 255 255 255 255 255 255 255 255 255 255 255 255 255 255 255 255 255 255 255 255 255 255 255 255 255 255 255 255 255 255 255 255 255 255 255 255 255 255 255 255 255 255 255 255 255 255 255 255 255 255 255 
255 255 255 255 255 255 255 255 255 255 255 255 255 255 255 255 255 255 255 255 255 255 255 255 255 255 255 255 255 255 255 255 255 255 255 255 255 255 255 255 255 255 255 255 255 255 255 255 255 255 255 255 255 255 255 255 255 255 255 255 255 255 255 255 255 255 255 255 255 255 255 255 
255 255 255 255 255 255 255 255 255 255 255 255 255 255 255 255 255 255 255 255 255 255 255 255 255 255 255 255 255 255 255 255 255 255 255 255 255 255 255 255 255 255 255 255 255 255 255 255 255 255 255 255 255 255 255 255 255 255 255 255 255 255 255 255 255 255 255 255 255 255 255 255 
255 255 255 255 255 255 255 255 255 255 255 255 255 255 255 255 255 255 255 255 255 255 255 255 255 255 255 255 255 255 255 255 255 254 243 255 255 255 255 255 255 255 255 255 255 255 255 255 255 255 255 255 255 255 255 255 255 255 255 255 255 255 255 255 255 255 255 255 255 255 255 255 
255 255 255 255 255 255 255 255 255 255 255 255 255 255 255 255 255 255 255 255 255 255 255 255 255 255 255 255 255 255 255 255 190 050 069 254 255 255 255 255 255 255 255 255 255 255 255 154 212 254 255 255 255 255 255 187 136 108 081 248 255 255 255 255 255 255 255 255 255 255 255 255 
255 255 255 255 255 255 255 255 255 255 255 255 255 255 247 228 209 195 255 255 255 255 255 255 255 255 255 255 255 255 227 075 000 000 000 141 255 255 255 255 255 255 255 255 255 255 230 000 000 015 050 084 230 255 255 092 000 000 000 216 255 255 255 255 255 255 255 255 255 255 255 255 
022 024 025 027 024 022 020 018 015 013 011 009 007 004 000 000 000 030 255 255 255 255 255 255 255 255 255 255 255 255 244 041 000 000 000 007 208 255 255 255 255 255 255 255 255 255 193 000 000 000 000 124 255 255 255 122 000 000 000 181 255 255 255 255 255 255 255 255 255 255 255 255 
000 000 000 000 000 000 000 000 000 000 000 000 000 000 000 000 000 052 255 255 255 255 255 255 255 255 255 255 255 255 255 211 008 000 000 000 041 247 255 255 255 255 255 255 255 255 134 000 000 000 037 254 255 255 255 158 000 000 000 137 255 255 255 255 255 255 255 255 255 255 255 255 
000 000 000 000 000 000 000 000 000 000 000 000 000 000 000 000 000 069 255 255 255 255 255 255 255 255 255 255 255 255 255 255 130 000 000 000 000 119 255 255 255 255 255 255 255 255 069 000 000 000 142 255 255 255 255 217 000 000 000 070 255 255 255 255 255 255 255 255 255 255 255 255 
155 155 155 155 155 155 155 155 155 155 155 155 155 155 009 000 000 074 255 255 255 255 255 255 255 255 255 255 255 255 255 255 249 041 000 000 000 004 205 255 255 255 255 255 255 250 010 000 000 010 239 255 255 255 255 255 024 000 000 009 248 255 255 255 255 255 255 255 255 255 255 255 
255 255 255 255 255 255 255 255 255 255 255 255 255 255 015 000 000 078 255 255 255 255 255 255 255 255 255 255 255 255 255 255 255 194 001 000 000 000 048 251 255 255 255 255 255 196 000 000 000 097 255 255 255 255 255 255 085 000 000 000 189 255 255 255 255 255 255 255 255 255 255 255 
255 255 255 255 255 255 255 255 255 255 255 255 255 255 015 000 000 078 255 255 255 255 255 255 255 255 255 255 255 255 255 255 255 255 098 000 000 000 000 159 255 255 255 255 255 117 000 000 000 199 255 255 255 255 255 255 146 000 000 000 120 255 255 255 255 255 255 255 255 255 255 255 
255 255 255 255 255 255 255 255 255 255 255 255 255 255 015 000 000 078 255 255 255 255 255 255 255 255 255 255 255 255 255 255 255 255 235 011 000 020 158 254 255 255 255 255 248 020 000 000 046 255 255 255 255 255 255 255 219 001 000 000 032 249 255 255 255 255 255 255 255 255 255 255 
255 255 255 255 255 255 255 255 255 255 255 255 255 255 015 000 000 078 255 255 255 255 255 255 255 255 255 255 255 255 255 255 255 255 255 114 103 237 255 255 255 255 255 255 164 000 000 000 148 255 255 255 255 255 255 255 255 076 000 000 000 140 255 255 255 255 255 255 255 255 255 255 
219 219 219 219 219 219 219 219 219 219 219 219 219 219 013 000 000 078 255 255 255 255 255 255 255 255 255 255 255 255 255 255 255 255 255 254 255 255 255 255 255 255 255 255 059 000 000 012 240 255 255 255 255 255 255 255 255 192 000 000 000 017 238 255 255 255 255 255 255 255 255 255 
000 000 000 000 000 000 000 000 000 000 000 000 000 000 000 000 000 072 255 255 255 255 255 255 255 255 255 255 255 255 255 255 255 255 255 255 255 255 255 255 255 255 255 210 000 000 000 113 255 255 255 255 255 255 255 255 255 255 053 000 000 000 112 255 255 255 255 255 255 255 255 255 
000 000 000 000 000 000 000 000 000 000 000 000 000 000 000 000 000 059 255 255 255 255 255 255 255 255 255 253 255 255 255 255 255 255 255 255 254 255 255 255 255 255 255 072 000 000 004 226 255 255 255 255 255 255 255 255 255 255 169 000 000 000 001 145 255 255 255 255 255 255 255 255 
000 000 000 000 000 000 000 000 000 000 000 000 000 000 000 000 000 029 255 255 255 255 255 255 255 255 255 103 016 038 041 043 045 042 040 023 060 255 255 255 255 255 173 000 000 000 092 255 255 255 255 255 255 255 255 255 255 255 253 065 000 000 000 000 134 255 255 255 255 255 255 255 
219 219 103 000 000 000 207 216 213 211 208 206 203 200 198 185 167 153 255 255 255 255 255 255 255 255 255 102 000 000 000 000 000 000 000 000 094 255 255 255 255 244 029 000 000 000 210 255 255 255 233 242 255 255 255 255 255 255 255 228 018 000 000 000 000 118 251 255 255 255 255 255 
255 255 146 000 000 000 219 255 255 255 255 255 255 255 255 255 255 255 255 255 255 255 255 255 255 255 255 102 000 000 000 000 000 000 000 000 125 255 255 255 255 117 000 000 000 072 255 255 255 255 124 002 046 091 114 194 255 255 255 255 174 000 000 000 000 000 044 201 255 255 255 255 
255 255 175 000 000 000 195 255 255 255 255 255 255 255 255 255 255 255 255 255 255 255 255 255 255 255 255 102 000 007 011 012 010 000 000 000 135 255 255 255 205 005 000 000 000 190 255 255 255 255 089 000 000 000 015 203 255 255 255 255 255 103 000 000 000 000 045 230 255 255 255 255 
255 255 210 000 000 000 162 255 255 255 255 255 255 255 255 255 255 255 255 255 255 255 255 255 255 255 255 230 238 255 255 255 189 000 000 000 142 255 255 232 029 000 000 000 053 255 255 255 255 255 054 000 000 000 156 255 255 255 255 255 255 246 049 000 000 025 228 255 255 255 255 255 
255 255 249 003 000 000 125 255 255 255 255 255 255 255 255 255 255 255 255 255 255 255 255 255 255 255 255 255 255 255 255 255 189 000 000 000 148 255 255 099 000 000 000 001 198 255 255 255 255 253 016 000 000 013 246 255 255 255 255 255 255 255 234 042 007 203 255 255 255 255 255 255 
145 145 145 017 000 000 054 143 141 139 137 135 134 132 130 128 118 105 092 079 164 255 255 255 255 255 255 255 255 255 255 255 189 000 000 000 149 255 255 255 200 079 001 102 255 255 255 255 255 199 000 000 000 095 255 255 255 255 255 255 255 255 255 230 155 255 255 255 255 255 255 255 
000 000 000 000 000 000 000 000 000 000 000 000 000 000 000 000 000 000 000 000 129 255 255 255 255 255 255 255 255 255 255 255 189 000 000 000 149 255 255 255 255 255 188 238 255 255 255 255 255 126 000 000 000 186 255 255 255 255 255 255 255 255 255 255 255 255 255 255 255 255 255 255 
000 000 000 000 000 000 000 000 000 000 000 000 000 000 000 000 000 000 000 000 129 255 255 255 255 255 255 255 255 255 255 255 189 000 000 000 149 255 255 255 255 255 255 255 255 255 255 255 255 053 000 000 023 252 255 255 255 255 255 255 255 255 255 255 255 255 255 255 255 255 255 255 
037 037 037 033 000 000 000 021 036 035 034 033 031 030 029 028 022 012 002 000 129 255 255 255 255 255 255 255 255 255 255 255 189 000 000 000 149 255 255 255 255 255 255 255 255 255 255 255 235 002 000 000 108 255 255 255 255 255 255 255 255 255 255 255 255 255 255 255 255 255 255 255 
255 255 255 252 018 000 000 093 255 255 255 255 255 255 255 255 255 255 255 247 248 255 255 255 255 255 255 255 255 255 255 255 189 000 000 000 149 255 255 255 255 255 255 255 255 255 255 255 164 000 000 000 196 255 255 255 255 255 255 252 255 255 255 255 255 255 255 255 255 255 255 255 
255 255 255 255 088 000 000 013 246 255 255 255 255 255 255 255 255 255 255 255 255 255 255 255 255 255 255 255 255 255 255 255 189 000 000 000 149 255 255 255 227 255 255 255 255 255 255 255 091 000 000 037 254 255 255 255 250 172 071 061 255 255 255 255 255 255 255 255 255 255 255 255 
255 255 255 255 177 000 000 000 162 255 255 255 255 255 255 255 255 255 255 255 255 255 255 255 255 255 255 255 255 255 255 255 189 000 000 000 149 255 255 218 056 255 255 255 255 255 255 253 021 000 000 141 255 255 255 255 147 000 000 000 183 255 255 255 255 255 255 255 255 255 255 255 
255 255 255 255 252 030 000 000 031 247 255 255 255 255 255 255 255 255 255 255 255 255 255 255 255 255 255 255 255 255 255 255 189 000 000 000 149 255 254 063 000 220 255 255 255 255 255 178 000 000 008 237 255 255 255 255 246 025 000 000 053 255 255 255 255 255 255 255 255 255 255 255 
255 255 255 255 255 132 000 000 000 135 255 255 255 255 255 255 255 255 255 255 255 255 255 255 255 255 255 255 255 255 255 255 189 000 000 000 149 255 143 000 000 087 255 255 255 255 255 072 000 000 095 255 255 255 255 255 255 146 000 000 000 178 255 255 255 255 255 255 255 255 255 255 
255 255 255 255 255 233 011 000 000 014 233 255 255 255 255 255 255 255 255 255 255 255 255 255 255 255 255 255 255 255 255 255 189 000 000 000 149 194 004 000 000 098 255 255 255 255 220 001 000 000 200 255 255 255 255 255 255 247 018 000 000 048 254 255 255 255 255 255 255 255 255 255 
248 255 255 255 255 255 132 000 000 000 074 253 255 255 255 255 255 255 255 255 255 255 255 255 255 255 255 255 255 255 255 255 189 000 000 000 124 024 000 000 054 248 255 255 255 255 112 000 000 049 255 255 255 255 255 255 255 255 113 000 000 000 172 255 255 255 255 255 255 255 255 255 
231 255 255 255 255 255 250 047 000 000 000 115 255 255 255 255 255 255 255 188 227 255 255 255 255 255 255 255 255 255 255 255 189 000 000 000 006 000 000 023 228 255 255 255 255 236 011 000 000 160 255 255 255 255 255 255 255 255 215 000 000 000 049 255 255 255 255 255 255 255 255 255 
180 255 255 255 255 255 255 208 005 000 000 000 116 253 255 255 255 255 255 104 029 195 255 255 255 255 255 255 255 255 255 255 185 000 000 000 000 000 005 195 255 255 255 255 252 069 000 000 032 251 255 255 255 255 255 249 224 198 173 027 000 000 000 188 255 255 255 255 255 255 255 255 
108 255 255 255 255 255 255 255 142 000 000 000 000 066 232 255 255 255 254 032 000 003 106 255 255 255 255 255 255 255 255 255 157 000 000 000 000 000 149 255 255 255 255 255 111 000 000 000 086 146 121 095 070 044 019 001 000 000 000 000 000 000 000 071 255 255 255 255 255 255 255 255 
135 255 255 255 255 255 255 255 255 123 000 000 000 000 023 160 254 255 188 000 000 000 066 255 255 255 255 255 255 255 255 243 030 000 000 000 000 098 255 255 255 255 251 066 000 000 000 000 000 000 000 000 000 000 000 000 000 000 000 000 000 000 000 000 209 255 255 255 255 255 255 255 
255 255 255 255 255 255 255 255 255 255 112 000 000 000 000 000 057 120 028 000 000 000 148 255 255 255 255 255 255 255 236 060 000 000 000 000 055 248 255 255 255 255 255 080 000 000 000 000 000 000 000 000 000 000 000 000 002 033 072 111 054 000 000 000 093 255 255 255 255 255 255 255 
255 255 255 255 255 255 255 255 255 255 255 118 001 000 000 000 000 000 000 000 000 011 236 255 255 255 255 255 255 255 255 126 000 000 000 023 228 255 255 255 255 255 255 192 000 000 000 000 000 000 000 032 081 130 173 212 248 255 255 255 168 000 000 000 005 227 255 255 255 255 255 255 
255 255 255 255 255 255 255 255 255 255 255 255 184 024 000 000 000 000 000 000 000 112 255 255 255 255 255 255 255 255 255 255 120 000 006 196 255 255 255 255 255 255 255 252 016 002 044 093 142 190 238 255 255 255 255 255 255 255 255 255 244 007 000 035 151 247 255 255 255 255 255 255 
255 255 255 255 255 255 255 255 255 255 255 255 255 242 132 021 000 000 000 000 006 228 255 255 255 255 255 255 255 255 255 255 253 066 136 255 255 255 255 255 255 255 255 255 180 229 255 255 255 255 255 255 255 255 255 255 255 255 255 255 255 116 168 252 255 255 255 255 255 255 255 255 
255 255 255 255 255 255 255 255 255 255 255 255 255 255 255 246 157 080 019 038 186 255 255 255 255 255 255 255 255 255 255 255 255 235 250 255 255 255 255 255 255 255 255 255 255 255 255 255 255 255 255 255 255 255 255 255 255 255 255 255 255 255 255 255 255 255 255 255 255 255 255 255 
255 255 255 255 255 255 255 255 255 255 255 255 255 255 255 255 255 255 255 255 255 255 255 255 255 255 255 255 255 255 255 255 255 255 255 255 255 255 255 255 255 255 255 255 255 255 255 255 255 255 255 255 255 255 255 255 255 255 255 255 255 255 255 255 255 255 255 255 255 255 255 255 
255 255 255 255 255 255 255 255 255 255 255 255 255 255 255 255 255 255 255 255 255 255 255 255 255 255 255 255 255 255 255 255 255 255 255 255 255 255 255 255 255 255 255 255 255 255 255 255 255 255 255 255 255 255 255 255 255 255 255 255 255 255 255 255 255 255 255 255 255 255 255 255 
255 255 255 255 255 255 255 255 255 255 255 255 255 255 255 255 255 255 255 255 255 255 255 255 255 255 255 255 255 255 255 255 255 255 255 255 255 255 255 255 255 255 255 255 255 255 255 255 255 255 255 255 255 255 255 255 255 255 255 255 255 255 255 255 255 255 255 255 255 255 255 255 
255 255 255 255 255 255 255 255 255 255 255 255 255 255 255 255 255 255 255 255 255 255 255 255 255 255 255 255 255 255 255 255 255 255 255 255 255 255 255 255 255 255 255 255 255 255 255 255 255 255 255 255 255 255 255 255 255 255 255 255 255 255 255 255 255 255 255 255 255 255 255 255 
255 255 255 255 255 255 255 255 255 255 255 255 255 255 255 255 255 255 255 255 255 255 255 255 255 255 255 255 255 255 255 255 255 255 255 255 255 255 255 255 255 255 255 255 255 255 255 255 255 255 255 255 255 255 255 255 255 255 255 255 255 255 255 255 255 255 255 255 255 255 255 255 
255 255 255 255 255 255 255 255 255 255 255 255 255 255 255 255 255 255 255 255 255 255 255 255 255 255 255 255 255 255 255 255 255 255 255 255 255 255 255 255 255 255 255 255 255 255 255 255 255 255 255 255 255 255 255 255 255 255 255 255 255 255 255 255 255 255 255 255 255 255 255 255 
255 255 255 255 255 255 255 255 255 255 255 255 255 255 255 255 255 255 255 255 255 255 255 255 255 255 255 255 255 255 255 255 255 255 255 255 255 255 255 255 255 255 255 255 255 255 255 255 255 255 255 255 255 255 255 255 255 255 255 255 255 255 255 255 255 255 255 255 255 255 255 255 
255 255 255 255 255 255 255 255 255 255 255 255 255 255 255 255 255 255 255 255 255 255 255 255 255 255 255 255 255 255 255 255 255 255 255 255 255 255 255 255 255 255 255 255 255 255 255 255 255 255 255 255 255 255 255 255 255 255 255 255 255 255 255 255 255 255 255 255 255 255 255 255 
255 255 255 255 255 255 255 255 255 255 255 255 255 255 255 255 255 255 255 255 255 255 255 255 255 255 255 255 255 255 255 255 255 255 255 255 255 255 255 255 255 255 255 255 255 255 255 255 255 255 255 255 255 255 255 255 255 255 255 255 255 255 255 255 255 255 255 255 255 255 255 255 
255 255 255 255 255 255 255 255 255 255 255 255 255 255 255 255 255 255 255 255 255 255 255 255 255 255 255 255 255 255 255 255 255 255 255 255 255 255 255 255 255 255 255 255 255 255 255 255 255 255 255 255 255 255 255 255 255 255 255 255 255 255 255 255 255 255 255 255 255 255 255 255 
255 255 255 255 255 255 255 255 255 255 255 255 255 255 255 255 255 255 255 255 255 255 255 255 255 255 255 255 255 255 255 255 255 255 255 255 255 255 255 255 255 255 255 255 255 255 255 255 255 255 255 255 255 255 255 255 255 255 255 255 255 255 255 255 255 255 255 255 255 255 255 255 
255 255 255 255 255 255 255 255 255 255 255 255 255 255 255 255 255 255 255 255 255 255 255 255 255 255 255 255 255 255 255 255 255 255 255 255 255 255 255 255 255 255 255 255 255 255 255 255 255 255 255 255 255 255 255 255 255 255 255 255 255 255 255 255 255 255 255 255 255 255 255 255 
255 255 255 255 255 255 255 255 255 255 255 255 255 255 255 255 255 255 255 255 255 255 255 255 255 255 255 255 255 255 255 255 255 255 255 255 255 255 255 255 255 255 255 255 255 255 255 255 255 255 255 255 255 255 255 255 255 255 255 255 255 255 255 255 255 255 255 255 255 255 255 255 
255 255 255 255 255 255 255 255 255 255 255 255 255 255 255 255 255 255 255 255 255 255 255 255 255 255 255 255 255 255 255 255 255 255 255 255 255 255 255 255 255 255 255 255 255 255 255 255 255 255 255 255 255 255 255 255 255 255 255 255 255 255 255 255 255 255 255 255 255 255 255 255 
255 255 255 255 255 255 255 255 255 255 255 255 255 255 255 255 255 255 255 255 255 255 255 255 255 255 255 255 255 255 255 255 255 255 255 255 255 255 255 255 255 255 255 255 255 255 255 255 255 255 255 255 255 255 255 255 255 255 255 255 255 255 255 255 255 255 255 255 255 255 255 255 
255 255 255 255 255 255 255 255 255 255 255 255 255 255 255 255 255 255 255 255 255 255 255 255 255 255 255 255 255 255 255 255 255 255 255 255 255 255 255 255 255 255 255 255 255 255 255 255 255 255 255 255 255 255 255 255 255 255 255 255 255 255 255 255 255 255 255 255 255 255 255 255 
